"","id","host_is_superhost","neighbourhood_cleansed","latitude","longitude","property_type","room_type","accommodates","bathrooms","bedrooms","beds","bed_type","amenities","price","cleaning_fee","number_of_reviews","review_scores_rating","review_scores_cleanliness","review_scores_checkin","review_scores_communication","review_scores_location","review_scores_value","reviews_per_month","Num.Cultural.Spaces"
"1",241032,"f","West Queen Anne",47.6362890383572,-122.371025199978,"Apartment","Entire home/apt",4,1,1,1,"Real Bed","{TV,""Cable TV"",Internet,""Wireless Internet"",""Air Conditioning"",Kitchen,Heating,""Family/Kid Friendly"",Washer,Dryer}","$85.00","",207,95,10,10,10,9,10,4.07,1070
"2",953595,"t","West Queen Anne",47.6391231213625,-122.365666464396,"Apartment","Entire home/apt",4,1,1,1,"Real Bed","{TV,Internet,""Wireless Internet"",Kitchen,""Free Parking on Premises"",""Buzzer/Wireless Intercom"",Heating,""Family/Kid Friendly"",Washer,Dryer,""Smoke Detector"",""Carbon Monoxide Detector"",""First Aid Kit"",""Safety Card"",""Fire Extinguisher"",Essentials}","$150.00","$40.00",43,96,10,10,10,10,10,1.48,1151
"3",3308979,"f","West Queen Anne",47.6297241315774,-122.369483175618,"House","Entire home/apt",11,4.5,5,7,"Real Bed","{TV,""Cable TV"",Internet,""Wireless Internet"",""Air Conditioning"",Kitchen,""Free Parking on Premises"",""Pets Allowed"",""Pets live on this property"",Dog(s),Cat(s),""Hot Tub"",""Indoor Fireplace"",Heating,""Family/Kid Friendly"",Washer,Dryer,""Smoke Detector"",""Carbon Monoxide Detector"",Essentials,Shampoo}","$975.00","$300.00",20,97,10,10,10,10,10,1.15,1144
"4",7421966,"f","West Queen Anne",47.6384732017664,-122.36927912263,"Apartment","Entire home/apt",3,1,0,2,"Real Bed","{Internet,""Wireless Internet"",Kitchen,""Indoor Fireplace"",Heating,""Family/Kid Friendly"",Washer,Dryer,""Smoke Detector"",""Carbon Monoxide Detector"",""Safety Card"",""Fire Extinguisher"",Essentials,Shampoo}","$100.00","",0,NA,NA,NA,NA,NA,NA,NA,843
"5",278830,"f","West Queen Anne",47.6329184027672,-122.372470634022,"House","Entire home/apt",6,2,3,3,"Real Bed","{TV,""Cable TV"",Internet,""Wireless Internet"",Kitchen,Heating,""Family/Kid Friendly"",""Smoke Detector"",""Carbon Monoxide Detector"",""First Aid Kit"",""Fire Extinguisher"",Essentials,Shampoo}","$450.00","$125.00",38,92,9,10,10,9,9,0.89,587
"6",5956968,"f","West Queen Anne",47.6305254824019,-122.366174065189,"House","Private room",2,1,1,1,"Real Bed","{""Wireless Internet"",""Free Parking on Premises"",Heating,""Smoke Detector"",Essentials,Shampoo}","$120.00","$40.00",17,95,10,10,10,10,10,2.45,707
"7",1909058,"t","West Queen Anne",47.6366054453201,-122.368519058449,"House","Private room",2,1,1,1,"Real Bed","{""Wireless Internet"",""Free Parking on Premises"",Heating,""Smoke Detector"",""First Aid Kit"",Essentials,Shampoo}","$80.00","",58,99,10,10,10,10,10,2.46,628
"8",856550,"t","West Queen Anne",47.6401605412147,-122.375855978858,"Cabin","Private room",2,1,1,1,"Real Bed","{""Wireless Internet"",""Pets live on this property"",Dog(s),Heating,""Family/Kid Friendly"",Essentials,Shampoo}","$60.00","$25.00",173,97,10,10,10,9,10,4.73,495
"9",4948745,"f","West Queen Anne",47.632410299829,-122.35721606914,"Apartment","Private room",2,1,1,1,"Real Bed","{TV,""Cable TV"",Internet,""Wireless Internet"",Kitchen,Breakfast,""Indoor Fireplace"",Heating,Washer,Dryer,""Smoke Detector"",""First Aid Kit"",""Fire Extinguisher"",Essentials,Shampoo}","$90.00","",8,97,9,10,9,10,10,1.22,907
"10",2493658,"t","West Queen Anne",47.6374917202263,-122.366888590921,"Apartment","Entire home/apt",4,1,1,1,"Real Bed","{TV,Internet,""Wireless Internet"",Kitchen,""Free Parking on Premises"",""Buzzer/Wireless Intercom"",Heating,""Family/Kid Friendly"",Washer,Dryer,""Smoke Detector"",""Carbon Monoxide Detector"",""First Aid Kit"",""Safety Card"",""Fire Extinguisher"",Essentials}","$150.00","$40.00",32,97,10,10,10,10,9,1.55,643
"11",175576,"t","West Queen Anne",47.6354817084102,-122.358477761622,"House","Entire home/apt",2,1,1,1,"Real Bed","{TV,""Cable TV"",Internet,""Wireless Internet"",Kitchen,""Free Parking on Premises"",Heating,Washer,Dryer,""Smoke Detector"",""Carbon Monoxide Detector"",""First Aid Kit"",""Safety Card"",""Fire Extinguisher"",Essentials,Shampoo,""24-Hour Check-in"",Hangers,""Hair Dryer"",Iron,""Laptop Friendly Workspace""}","$95.00","$15.00",181,97,10,10,10,10,10,3.33,798
"12",4454295,"f","West Queen Anne",47.6372140751356,-122.360045761415,"House","Entire home/apt",2,1,1,1,"Real Bed","{TV,""Cable TV"",""Wireless Internet"",Kitchen,""Free Parking on Premises"",""Indoor Fireplace"",Heating,""Smoke Detector"",""Carbon Monoxide Detector"",""Fire Extinguisher"",Essentials,Shampoo}","$99.00","$150.00",8,97,10,9,10,10,9,0.98,745
"13",3883392,"t","West Queen Anne",47.6355455115124,-122.373170751835,"Apartment","Entire home/apt",4,1,2,3,"Real Bed","{TV,""Cable TV"",Internet,""Wireless Internet"",Kitchen,""Free Parking on Premises"",""Buzzer/Wireless Intercom"",Heating,""Family/Kid Friendly"",Washer,Dryer,""Smoke Detector"",""Carbon Monoxide Detector"",""First Aid Kit"",""Fire Extinguisher"",Essentials,Shampoo}","$245.00","$95.00",13,98,10,10,10,10,10,0.92,562
"14",8889257,"f","West Queen Anne",47.6295068092343,-122.367629296742,"House","Entire home/apt",5,1,2,3,"Real Bed","{TV,""Cable TV"",Internet,""Wireless Internet"",Kitchen,Heating,""Family/Kid Friendly"",Washer,Dryer,""Smoke Detector"",""Carbon Monoxide Detector"",""First Aid Kit"",""Safety Card"",""Fire Extinguisher"",Essentials,Shampoo}","$165.00","$85.00",3,100,10,9,9,10,10,3,696
"15",5680462,"f","West Queen Anne",47.6392026555151,-122.365862741543,"House","Entire home/apt",16,3.5,6,15,"Real Bed","{TV,""Cable TV"",Internet,""Wireless Internet"",Kitchen,""Free Parking on Premises"",""Indoor Fireplace"",Heating,""Family/Kid Friendly"",""Suitable for Events"",Washer,Dryer,""Smoke Detector"",""Carbon Monoxide Detector"",""First Aid Kit"",""Safety Card"",""Fire Extinguisher"",Essentials,Shampoo}","$461.00","$300.00",18,98,10,10,10,10,10,2.65,623
"16",8988178,"f","West Queen Anne",47.6356497934386,-122.372892824809,"House","Entire home/apt",5,1,2,2,"Real Bed","{TV,""Cable TV"",Internet,Kitchen,""Free Parking on Premises"",Heating,""Family/Kid Friendly"",Washer,Dryer,""Smoke Detector"",""Carbon Monoxide Detector"",""Fire Extinguisher"",Essentials}","$109.00","$89.00",1,80,10,8,8,8,8,0.73,566
"17",3245876,"f","West Queen Anne",47.6262003738171,-122.366601926176,"Apartment","Private room",2,1,1,1,"Real Bed","{Internet,""Wireless Internet"",""Pets Allowed"",Breakfast,""Pets live on this property"",Cat(s),Heating,Washer,Dryer,""Smoke Detector"",""Carbon Monoxide Detector"",""First Aid Kit"",Essentials,Shampoo}","$66.00","$35.00",84,95,9,10,10,10,9,4.55,601
"18",4933447,"t","West Queen Anne",47.6406458757845,-122.372405888956,"House","Private room",2,1,1,1,"Real Bed","{""Wireless Internet"",""Free Parking on Premises"",Heating,""Smoke Detector"",""Carbon Monoxide Detector"",""Fire Extinguisher"",Essentials,Shampoo}","$99.00","$15.00",45,98,10,10,10,10,10,4.58,248
"19",7735464,"f","West Queen Anne",47.6397758734108,-122.3722353588,"Apartment","Private room",2,2,1,1,"Futon","{TV,""Cable TV"",Internet,""Wireless Internet"",Kitchen,""Free Parking on Premises"",""Pets live on this property"",Dog(s),""Indoor Fireplace"",""Buzzer/Wireless Intercom"",Heating,""Family/Kid Friendly"",Washer,Dryer,""Smoke Detector"",""Carbon Monoxide Detector"",""First Aid Kit"",""Fire Extinguisher"",Essentials,Shampoo}","$200.00","",0,NA,NA,NA,NA,NA,NA,NA,210
"20",6291829,"f","West Queen Anne",47.6360247765814,-122.358693595647,"House","Entire home/apt",10,3.5,5,5,"Real Bed","{TV,""Cable TV"",""Wireless Internet"",Kitchen,""Free Parking on Premises"",""Pets Allowed"",""Pets live on this property"",Dog(s),Cat(s),""Indoor Fireplace"",Heating,""Family/Kid Friendly"",Washer,Dryer,""Smoke Detector"",""Carbon Monoxide Detector"",""First Aid Kit"",""Fire Extinguisher"",Shampoo}","$700.00","$250.00",5,85,9,9,9,8,8,0.82,314
"21",9218403,"f","West Queen Anne",47.6279403381324,-122.364958722439,"Condominium","Entire home/apt",1,1,1,1,"Real Bed","{Internet,""Wireless Internet"",Kitchen,""Free Parking on Premises"",""Pets Allowed"",""Elevator in Building"",Heating,""Smoke Detector"",""Carbon Monoxide Detector"",Essentials,Shampoo}","$110.00","",1,100,10,10,10,10,10,1,339
"22",4125779,"f","West Queen Anne",47.6363742622388,-122.361033433241,"House","Private room",3,1.5,1,2,"Real Bed","{""Cable TV"",Internet,""Wireless Internet"",""Free Parking on Premises"",""Pets live on this property"",Heating,""Family/Kid Friendly"",Dryer,""Smoke Detector"",""First Aid Kit"",Essentials,Shampoo}","$99.00","$15.00",11,84,9,9,9,10,8,0.71,289
"23",8942678,"f","West Queen Anne",47.6356322241799,-122.358880902621,"House","Entire home/apt",8,2,4,4,"Real Bed","{TV,""Wireless Internet"",Kitchen,""Free Parking on Premises"",""Indoor Fireplace"",Heating,""Family/Kid Friendly"",Washer,Dryer,""Smoke Detector"",""Carbon Monoxide Detector"",""Safety Card"",""Fire Extinguisher""}","$450.00","",1,100,10,10,10,10,10,0.86,313
"24",10106055,"f","West Queen Anne",47.6333939577778,-122.371919943723,"House","Private room",2,1,1,1,"Real Bed","{Internet,""Wireless Internet"",""Air Conditioning"",""Free Parking on Premises"",""Pets Allowed"",Heating,""Family/Kid Friendly"",Washer,Dryer,""Smoke Detector"",""Carbon Monoxide Detector"",""First Aid Kit"",""Safety Card"",""Fire Extinguisher"",Essentials,Shampoo,""Lock on Bedroom Door"",""24-Hour Check-in"",Hangers,""Laptop Friendly Workspace""}","$75.00","",0,NA,NA,NA,NA,NA,NA,NA,239
"25",6362362,"f","West Queen Anne",47.6385167121297,-122.369581032915,"House","Entire home/apt",5,2.5,3,3,"Real Bed","{TV,""Cable TV"",""Wireless Internet"",Kitchen,""Free Parking on Premises"",""Indoor Fireplace"",Heating,Washer,Dryer,""Smoke Detector"",""Carbon Monoxide Detector"",Essentials}","$600.00","$150.00",1,100,10,10,10,10,10,0.18,235
"26",3544550,"f","West Queen Anne",47.631397345183,-122.367766870679,"House","Entire home/apt",8,2.5,3,5,"Real Bed","{TV,""Cable TV"",""Wireless Internet"",""Air Conditioning"",""Wheelchair Accessible"",Kitchen,""Free Parking on Premises"",""Indoor Fireplace"",Heating,""Family/Kid Friendly"",Washer,Dryer,""Smoke Detector"",""Carbon Monoxide Detector"",Essentials,Shampoo}","$450.00","$200.00",8,100,10,9,10,10,10,1.3,257
"27",9025039,"f","West Queen Anne",47.6387522420126,-122.367972668855,"House","Entire home/apt",5,1,2,3,"Real Bed","{""Cable TV"",""Wireless Internet"",Kitchen,""Free Parking on Premises"",Heating,""Family/Kid Friendly"",Washer,Dryer,""Smoke Detector"",""First Aid Kit"",Essentials,Shampoo,Hangers}","$150.00","$35.00",0,NA,NA,NA,NA,NA,NA,NA,246
"28",3200646,"t","West Queen Anne",47.6392660202609,-122.374725811081,"Camper/RV","Private room",2,1,1,1,"Real Bed","{""Wireless Internet"",""Pets live on this property"",Dog(s),Heating,""Family/Kid Friendly"",Essentials}","$45.00","$25.00",80,95,10,10,10,9,9,4.38,199
"29",8859380,"f","West Queen Anne",47.6299071161114,-122.368948138249,"Apartment","Entire home/apt",6,2,3,3,"Real Bed","{TV,""Cable TV"",""Wireless Internet"",Kitchen,""Free Parking on Premises"",""Indoor Fireplace"",Heating,""Family/Kid Friendly"",Washer,Dryer,""Smoke Detector"",""First Aid Kit"",""Fire Extinguisher"",Shampoo,Hangers,""Hair Dryer"",Iron,""Laptop Friendly Workspace""}","$300.00","$125.00",6,100,10,10,10,10,10,2.47,253
"30",4520099,"f","West Queen Anne",47.6398158682357,-122.374338463492,"Apartment","Entire home/apt",3,1,1,2,"Real Bed","{TV,""Cable TV"",""Wireless Internet"",""Wheelchair Accessible"",Kitchen,""Indoor Fireplace"",""Buzzer/Wireless Intercom"",Heating,""Family/Kid Friendly"",Washer,Dryer,""Smoke Detector"",Essentials,Shampoo}","$80.00","$65.00",4,85,9,7,10,9,9,0.33,199
"31",2481869,"t","West Queen Anne",47.6390077781894,-122.365320073002,"Apartment","Entire home/apt",4,1,1,1,"Real Bed","{TV,Internet,""Wireless Internet"",Kitchen,""Free Parking on Premises"",Heating,""Family/Kid Friendly"",Washer,Dryer,""Smoke Detector"",""Carbon Monoxide Detector"",""First Aid Kit"",""Fire Extinguisher"",Essentials}","$175.00","$40.00",38,96,10,10,10,10,10,1.86,260
"32",1110749,"f","West Queen Anne",47.6350850449101,-122.364443473304,"House","Entire home/apt",6,1.5,3,3,"Real Bed","{TV,Internet,""Wireless Internet"",Kitchen,""Free Parking on Premises"",Heating,""Family/Kid Friendly"",Washer,Dryer,""Smoke Detector"",""Carbon Monoxide Detector"",""First Aid Kit"",""Fire Extinguisher""}","$325.00","$100.00",68,92,9,10,9,10,9,2.18,273
"33",5978498,"f","West Queen Anne",47.6406332345735,-122.372709393384,"House","Entire home/apt",4,3,3,2,"Real Bed","{TV,""Cable TV"",Internet,""Wireless Internet"",Kitchen,""Free Parking on Premises"",Heating,Washer,Dryer,""Smoke Detector"",""First Aid Kit"",Essentials,Shampoo,""24-Hour Check-in"",Hangers,""Laptop Friendly Workspace""}","$175.00","$80.00",8,88,9,9,9,10,9,1.31,203
"34",5021081,"f","West Queen Anne",47.6381214869711,-122.375789972785,"House","Entire home/apt",7,3.5,4,3,"Real Bed","{TV,""Cable TV"",Internet,""Wireless Internet"",Kitchen,""Free Parking on Premises"",""Pets Allowed"",""Indoor Fireplace"",Heating,""Family/Kid Friendly"",Washer,Dryer,""Smoke Detector"",""Carbon Monoxide Detector"",Essentials,Shampoo}","$222.00","$250.00",5,75,9,8,9,9,8,0.99,199
"35",1686930,"f","West Queen Anne",47.6298155334529,-122.36621233486,"Apartment","Entire home/apt",4,1,2,2,"Real Bed","{TV,""Cable TV"",Internet,""Wireless Internet"",Kitchen,""Free Parking on Premises"",""Pets Allowed"",""Pets live on this property"",Dog(s),Heating,""Family/Kid Friendly"",Washer,Dryer,""Smoke Detector"",""Carbon Monoxide Detector"",""First Aid Kit"",""Fire Extinguisher"",Essentials,Shampoo}","$159.00","$99.00",62,97,10,10,10,10,9,2.27,284
"36",7680289,"f","West Queen Anne",47.6398101878738,-122.373800628769,"Apartment","Entire home/apt",4,1,1,2,"Real Bed","{TV,""Cable TV"",Internet,""Wireless Internet"",""Air Conditioning"",Kitchen,""Free Parking on Premises"",Heating,""Family/Kid Friendly"",Washer,Dryer,""Smoke Detector"",""Carbon Monoxide Detector"",""Fire Extinguisher"",Essentials,Shampoo}","$125.00","$50.00",19,95,10,10,10,10,10,4.35,200
"37",7207641,"f","West Queen Anne",47.6355695247036,-122.361652594642,"House","Entire home/apt",8,3,3,3,"Real Bed","{TV,Internet,""Wireless Internet"",Kitchen,""Free Parking on Premises"",Dog(s),Heating,""Family/Kid Friendly"",Washer,Dryer,""Smoke Detector"",""Carbon Monoxide Detector"",Essentials,Shampoo}","$348.00","$150.00",5,96,10,10,10,10,9,0.97,289
"38",5062445,"f","West Queen Anne",47.6349787304792,-122.358869412465,"House","Private room",1,1,1,1,"Futon","{TV,Internet,""Wireless Internet"",Kitchen,""Free Parking on Premises"",Heating,Washer,Dryer,""Smoke Detector"",""First Aid Kit"",Essentials}","$45.00","",7,97,8,10,10,10,10,0.9,319
"39",8925878,"f","West Queen Anne",47.6393621029809,-122.372402556545,"Apartment","Entire home/apt",4,1,1,2,"Real Bed","{TV,""Cable TV"",Internet,""Wireless Internet"",Kitchen,""Free Parking on Premises"",Heating,""Family/Kid Friendly"",Washer,Dryer,Essentials,Shampoo}","$150.00","$50.00",2,100,10,10,10,10,10,0.83,211
"40",6389657,"t","West Queen Anne",47.6346162843086,-122.358022732554,"Apartment","Entire home/apt",2,1,0,1,"Real Bed","{TV,""Cable TV"",Internet,""Wireless Internet"",Kitchen,""Free Parking on Premises"",Heating,Washer,Dryer,""Smoke Detector"",""Carbon Monoxide Detector"",""First Aid Kit"",""Fire Extinguisher"",Essentials,Shampoo,""24-Hour Check-in"",Hangers,""Hair Dryer"",Iron,""Laptop Friendly Workspace""}","$80.00","$20.00",11,98,10,10,10,10,10,1.98,336
"41",4218733,"f","West Queen Anne",47.6380013774785,-122.361004816914,"Apartment","Entire home/apt",4,1,1,2,"Real Bed","{TV,""Cable TV"",Internet,""Wireless Internet"",Kitchen,""Free Parking on Premises"",Heating,""Family/Kid Friendly"",Washer,Dryer,""Smoke Detector"",Essentials,Shampoo,Hangers,""Hair Dryer"",Iron,""Laptop Friendly Workspace""}","$110.00","$40.00",71,90,8,10,10,10,9,4.7,290
"42",2715623,"f","West Queen Anne",47.631995850977,-122.371657665049,"House","Entire home/apt",3,1,1,2,"Real Bed","{TV,Internet,""Wireless Internet"",Kitchen,""Indoor Fireplace"",Heating,""Smoke Detector"",""Carbon Monoxide Detector"",""Fire Extinguisher"",Essentials,Shampoo}","$148.00","$100.00",9,91,10,9,9,10,10,0.46,236
"43",1392332,"f","West Queen Anne",47.6386862433498,-122.370799868775,"House","Entire home/apt",4,1.5,2,2,"Real Bed","{TV,""Cable TV"",Internet,""Wireless Internet"",Kitchen,""Pets Allowed"",""Hot Tub"",""Indoor Fireplace"",Heating,Washer,Dryer,""Smoke Detector"",""Carbon Monoxide Detector"",""First Aid Kit"",""Fire Extinguisher"",Essentials,Shampoo}","$350.00","$100.00",41,98,10,10,10,10,9,1.38,220
"44",7308567,"t","West Queen Anne",47.6336500437205,-122.360449693202,"Apartment","Entire home/apt",3,1.5,1,2,"Real Bed","{TV,""Cable TV"",""Wireless Internet"",Kitchen,Heating,""Family/Kid Friendly"",Washer,Dryer,""Smoke Detector"",""Carbon Monoxide Detector"",""First Aid Kit"",""Safety Card"",""Fire Extinguisher"",Essentials,Shampoo}","$150.00","$50.00",18,98,10,10,10,10,10,3.35,323
"45",6575380,"f","West Queen Anne",47.6343001754605,-122.357059804446,"House","Private room",5,1,1,1,"Real Bed","{""Cable TV"",""Wireless Internet"",""Free Parking on Premises"",""Hot Tub"",Heating,""Family/Kid Friendly"",Washer,Dryer,""Smoke Detector"",""Carbon Monoxide Detector"",""Fire Extinguisher"",Essentials}","$150.00","",9,100,10,9,9,10,10,1.99,346
"46",6004058,"f","West Queen Anne",47.6283438697481,-122.36640542138,"Apartment","Entire home/apt",2,1,0,1,"Futon","{TV,Internet,""Wireless Internet"",Kitchen,""Free Parking on Premises"",""Elevator in Building"",""Buzzer/Wireless Intercom"",Heating,Washer,Dryer,""Smoke Detector"",""First Aid Kit"",""Fire Extinguisher"",Essentials,Shampoo}","$100.00","",20,92,9,9,9,9,9,2.29,308
"47",9550869,"f","West Queen Anne",47.6353939405941,-122.368991141107,"Bungalow","Entire home/apt",10,3,4,4,"Real Bed","{Internet,""Wireless Internet"",Kitchen,""Free Parking on Premises"",Heating,Washer,Dryer,""Smoke Detector"",""Carbon Monoxide Detector"",""Safety Card"",""Fire Extinguisher"",Essentials,Hangers}","$349.00","$200.00",0,NA,NA,NA,NA,NA,NA,NA,256
"48",8515408,"f","West Queen Anne",47.6380351589372,-122.360910105636,"Bungalow","Entire home/apt",2,1,0,1,"Real Bed","{""Wireless Internet"",Kitchen,""Free Parking on Premises"",""Pets live on this property"",Dog(s),Cat(s),Heating,""Family/Kid Friendly"",Washer,Dryer,""Smoke Detector"",""Carbon Monoxide Detector"",""Fire Extinguisher"",Essentials}","$110.00","$50.00",3,100,10,10,10,10,10,1.06,292
"49",5383192,"f","West Queen Anne",47.6393315854895,-122.361599422695,"House","Entire home/apt",4,1,1,2,"Real Bed","{TV,""Cable TV"",Internet,""Wireless Internet"",""Wheelchair Accessible"",Kitchen,""Free Parking on Premises"",Heating,""Family/Kid Friendly"",Washer,Dryer,""Smoke Detector"",""Carbon Monoxide Detector"",""First Aid Kit"",""Safety Card"",""Fire Extinguisher"",Essentials,Shampoo}","$160.00","$55.00",1,100,10,10,10,10,10,0.16,282
"50",1112092,"f","West Queen Anne",47.6353080514554,-122.366531709012,"House","Entire home/apt",4,1,1,3,"Real Bed","{Internet,""Wireless Internet"",Kitchen,""Free Parking on Premises"",""Indoor Fireplace"",Heating}","$130.00","$75.00",26,95,10,9,10,10,9,0.8,261
"51",7772661,"f","West Queen Anne",47.6373748841385,-122.369410924689,"House","Entire home/apt",2,1,0,1,"Real Bed","{TV,""Cable TV"",Internet,""Wireless Internet"",Kitchen,""Free Parking on Premises"",Heating,""Smoke Detector"",""Carbon Monoxide Detector"",""First Aid Kit"",""Fire Extinguisher"",Essentials,Shampoo,""24-Hour Check-in"",Hangers,""Hair Dryer"",Iron,""Laptop Friendly Workspace""}","$99.00","$50.00",2,100,10,10,10,10,10,2,244
"52",9254900,"f","West Queen Anne",47.6382975670733,-122.373778710721,"Apartment","Entire home/apt",2,1,0,1,"Real Bed","{""Wireless Internet"",Kitchen,Washer,Dryer,Essentials}","$100.00","$40.00",0,NA,NA,NA,NA,NA,NA,NA,207
"53",7714294,"f","West Queen Anne",47.6317534388497,-122.371271730116,"Apartment","Entire home/apt",3,1,1,1,"Futon","{TV,""Cable TV"",Internet,""Wireless Internet"",Kitchen,""Free Parking on Premises"",""Pets live on this property"",Cat(s),Heating,""Family/Kid Friendly"",""Smoke Detector"",Essentials,Shampoo}","$137.00","$20.00",3,100,10,10,10,10,10,0.64,241
"54",10310373,"f","West Queen Anne",47.6385805607318,-122.375325740823,"Apartment","Private room",3,1,1,1,"Real Bed","{""Air Conditioning"",Kitchen,""Free Parking on Premises"",""Pets Allowed"",Heating,Washer,Dryer,""Smoke Detector"",Essentials,Shampoo,""Lock on Bedroom Door"",Hangers}","$20.00","",0,NA,NA,NA,NA,NA,NA,NA,200
"55",9368342,"f","West Queen Anne",47.6378837217449,-122.367371093778,"Townhouse","Entire home/apt",2,1.5,1,1,"Real Bed","{TV,""Cable TV"",Internet,""Wireless Internet"",Kitchen,""Free Parking on Premises"",""Indoor Fireplace"",Heating,Washer,Dryer,""Smoke Detector"",""Fire Extinguisher"",Essentials,Shampoo,Hangers,""Hair Dryer"",Iron}","$150.00","$50.00",0,NA,NA,NA,NA,NA,NA,NA,256
"56",6361863,"f","West Queen Anne",47.6375173454493,-122.360811674464,"Apartment","Entire home/apt",2,1,1,1,"Real Bed","{TV,Internet,""Wireless Internet"",""Free Parking on Premises"",Heating,""Family/Kid Friendly"",Washer,Dryer,""Smoke Detector"",""Carbon Monoxide Detector"",Essentials,Shampoo,Hangers,""Hair Dryer"",Iron,""Laptop Friendly Workspace""}","$145.00","$30.00",44,94,10,10,10,10,9,5.64,295
"57",8105221,"f","West Queen Anne",47.6368741780214,-122.372271711912,"Townhouse","Private room",2,1,1,1,"Futon","{TV,Internet,""Wireless Internet"",Kitchen,""Free Parking on Premises"",Breakfast,Heating,Washer,Dryer,""Smoke Detector"",Essentials,Shampoo}","$80.00","",10,100,10,10,10,10,10,2.5,226
"58",3269390,"t","West Queen Anne",47.6325627426557,-122.367222846741,"House","Entire home/apt",2,1,0,1,"Real Bed","{TV,""Cable TV"",Internet,""Wireless Internet"",Kitchen,""Free Parking on Premises"",Heating,Washer,Dryer,""Smoke Detector"",""Carbon Monoxide Detector"",Essentials,Shampoo,""24-Hour Check-in"",Hangers,""Hair Dryer"",Iron,""Laptop Friendly Workspace""}","$95.00","$60.00",77,98,10,10,10,10,10,4.12,260
"59",4566393,"f","West Queen Anne",47.6353219221043,-122.366121148007,"House","Entire home/apt",4,2.5,3,3,"Real Bed","{TV,""Cable TV"",""Wireless Internet"",Kitchen,""Free Parking on Premises"",""Indoor Fireplace"",Heating,Washer,Dryer,""Smoke Detector"",""Carbon Monoxide Detector"",Shampoo}","$400.00","$120.00",0,NA,NA,NA,NA,NA,NA,NA,263
"60",9282409,"f","West Queen Anne",47.6326339093294,-122.369318447774,"House","Private room",2,2,1,1,"Real Bed","{TV,Internet,""Wireless Internet"",Kitchen,""Free Parking on Premises"",Heating,Washer,Dryer,""Smoke Detector"",""Carbon Monoxide Detector"",Essentials,Shampoo}","$85.00","",2,100,10,10,10,10,10,1.3,249
"61",8095168,"f","West Queen Anne",47.6326000381955,-122.369952434126,"Apartment","Private room",2,1,1,1,"Futon","{TV,""Cable TV"",""Wireless Internet"",Kitchen,""Free Parking on Premises"",Breakfast,""Pets live on this property"",Dog(s),Cat(s),Heating,Washer,Dryer,""Smoke Detector"",""First Aid Kit"",""Fire Extinguisher"",Essentials,Shampoo}","$70.00","$20.00",1,100,10,10,10,10,10,0.25,249
"62",2746782,"t","West Queen Anne",47.6410521505051,-122.375081733064,"Apartment","Entire home/apt",2,1,0,1,"Real Bed","{TV,Internet,""Wireless Internet"",""Air Conditioning"",Heating,""Family/Kid Friendly"",""Smoke Detector"",Essentials}","$90.00","$25.00",109,97,10,10,10,9,10,5.24,193
"63",6424982,"f","West Queen Anne",47.6314009458997,-122.367690133306,"House","Private room",2,1,1,1,"Real Bed","{""Cable TV"",""Wireless Internet"",""Free Parking on Premises"",""Pets live on this property"",Dog(s),Heating,""Smoke Detector"",""First Aid Kit"",Essentials,Shampoo}","$80.00","",52,92,9,10,10,10,9,7.06,257
"64",762029,"t","West Queen Anne",47.6415249256098,-122.376150372451,"Camper/RV","Private room",2,1,1,2,"Real Bed","{""Wireless Internet"",""Pets live on this property"",Dog(s),Heating,""Family/Kid Friendly"",Essentials,Shampoo}","$60.00","$25.00",191,97,10,10,10,9,10,4.96,185
"65",8988281,"f","West Queen Anne",47.6353107029718,-122.363505575051,"House","Entire home/apt",4,1,2,2,"Real Bed","{TV,Internet,""Wireless Internet"",Kitchen,""Pets live on this property"",Heating,""Smoke Detector"",""Carbon Monoxide Detector"",""Fire Extinguisher"",Essentials}","$175.00","$78.00",0,NA,NA,NA,NA,NA,NA,NA,274
"66",7077910,"f","Adams",47.6693271747197,-122.392593564694,"House","Entire home/apt",6,2.5,3,4,"Real Bed","{TV,Internet,""Wireless Internet"",""Air Conditioning"",Kitchen,""Free Parking on Premises"",""Pets Allowed"",Gym,""Indoor Fireplace"",Heating,""Family/Kid Friendly"",""Suitable for Events"",Washer,Dryer,""Smoke Detector"",""Carbon Monoxide Detector"",""First Aid Kit"",""Fire Extinguisher"",Essentials,Shampoo}","$170.00","$100.00",9,91,9,10,10,10,9,1.82,124
"67",3772674,"f","Adams",47.6740741555754,-122.393864050329,"Apartment","Entire home/apt",2,1,1,1,"Real Bed","{TV,Internet,""Wireless Internet"",Kitchen,""Free Parking on Premises"",Heating,Washer,Dryer,""Smoke Detector"",""Carbon Monoxide Detector"",""First Aid Kit"",""Fire Extinguisher"",Essentials,Shampoo,""Hair Dryer"",Iron,""Laptop Friendly Workspace""}","$85.00","$50.00",65,98,10,10,10,10,10,3.94,112
"68",7021906,"t","Adams",47.6736280726279,-122.389301951331,"House","Entire home/apt",12,3.5,5,7,"Real Bed","{TV,Internet,""Wireless Internet"",Kitchen,""Free Parking on Premises"",""Hot Tub"",Heating,""Family/Kid Friendly"",Washer,Dryer,""Smoke Detector"",""Carbon Monoxide Detector"",""Fire Extinguisher"",Essentials,Shampoo,""24-Hour Check-in"",Hangers,""Hair Dryer"",Iron,""Laptop Friendly Workspace""}","$465.00","$250.00",5,96,10,10,10,10,9,1.38,126
"69",7618605,"f","Adams",47.6684599605579,-122.379515995222,"Apartment","Entire home/apt",2,1,1,1,"Real Bed","{TV,""Wireless Internet"",Kitchen,""Elevator in Building"",Heating,Washer,Dryer,""Smoke Detector"",""Carbon Monoxide Detector"",Essentials}","$175.00","$50.00",5,96,10,10,10,10,9,1.01,149
"70",10234558,"f","Adams",47.6706623229397,-122.378665922367,"Condominium","Private room",2,1,1,1,"Real Bed","{TV,""Cable TV"",Internet,""Wireless Internet"",Kitchen,Gym,""Elevator in Building"",""Indoor Fireplace"",Heating,Washer,Dryer,""Smoke Detector"",""Carbon Monoxide Detector"",Essentials,Shampoo,Hangers,""Hair Dryer""}","$50.00","",0,NA,NA,NA,NA,NA,NA,NA,148
"71",7021702,"f","Adams",47.6726461804116,-122.389333027226,"Apartment","Private room",2,1,1,1,"Real Bed","{}","$60.00","",0,NA,NA,NA,NA,NA,NA,NA,130
"72",7680439,"f","Adams",47.6731753840976,-122.382259599362,"House","Private room",2,1,1,1,"Pull-out Sofa","{Internet,""Wireless Internet"",""Air Conditioning"",Kitchen,""Free Parking on Premises"",""Pets Allowed"",Breakfast,""Pets live on this property"",Heating,Washer,Dryer,""Smoke Detector"",""Carbon Monoxide Detector"",""First Aid Kit"",""Fire Extinguisher"",Essentials,Shampoo,Hangers,""Hair Dryer"",Iron}","$59.00","$12.00",16,93,10,10,10,10,10,3.29,144
"73",4258515,"f","Adams",47.6679330013661,-122.378652467621,"Apartment","Private room",4,1,1,4,"Real Bed","{TV,""Air Conditioning"",""Wheelchair Accessible"",Kitchen,""Free Parking on Premises"",Gym,""Pets live on this property"",""Elevator in Building"",""Indoor Fireplace"",Heating,""Family/Kid Friendly"",Washer,Dryer,""Smoke Detector"",""Carbon Monoxide Detector"",""First Aid Kit"",""Fire Extinguisher"",Essentials}","$47.00","$15.00",23,77,8,9,9,9,8,3.07,152
"74",1148517,"f","Adams",47.6729686448742,-122.397338182472,"House","Entire home/apt",4,1,2,2,"Real Bed","{Internet,""Wireless Internet"",Kitchen,""Free Parking on Premises"",Heating,""Family/Kid Friendly"",Washer,Dryer,""Smoke Detector"",""First Aid Kit"",Essentials,Shampoo}","$145.00","$45.00",45,97,9,10,10,10,9,1.44,108
"75",2487892,"f","Adams",47.6686274194789,-122.389495925368,"House","Private room",2,1,1,1,"Futon","{Internet,""Wireless Internet"",""Pets live on this property"",Cat(s),Heating,""Family/Kid Friendly"",""Smoke Detector"",Shampoo}","$70.00","",75,94,9,10,10,10,10,3.46,133
"76",3038772,"f","Adams",47.6701113834718,-122.393869285677,"House","Private room",2,1,1,1,"Real Bed","{TV,""Cable TV"",Internet,""Wireless Internet"",""Pets live on this property"",Dog(s),Heating,""Smoke Detector"",""Carbon Monoxide Detector"",""First Aid Kit"",""Fire Extinguisher"",Essentials,Shampoo}","$55.00","$25.00",86,94,10,10,10,10,10,4.43,120
"77",699460,"t","Adams",47.6716905008821,-122.385239065174,"House","Private room",4,1,1,2,"Real Bed","{""Wireless Internet"",Kitchen,""Free Parking on Premises"",Heating,Washer,Dryer,""Smoke Detector"",""First Aid Kit"",""Fire Extinguisher"",Essentials,Shampoo}","$95.00","$30.00",151,97,10,10,10,10,10,3.85,136
"78",4085439,"f","Adams",47.6708361783208,-122.392537110711,"House","Private room",2,1,1,1,"Real Bed","{TV,""Cable TV"",""Wireless Internet"",""Pets live on this property"",Dog(s),""Smoke Detector"",""Carbon Monoxide Detector"",""First Aid Kit"",""Safety Card"",""Fire Extinguisher"",Essentials,Shampoo}","$125.00","",6,92,10,10,10,10,8,0.38,123
"79",8053990,"f","Adams",47.6708867744599,-122.393029349937,"House","Private room",2,1,1,1,"Real Bed","{TV,Internet,""Wireless Internet"",Kitchen,""Indoor Fireplace"",Heating,Washer,Dryer,""Smoke Detector"",Essentials,Shampoo}","$65.00","$45.00",16,94,10,10,10,10,10,3.75,120
"80",7011773,"f","Adams",47.6701149706679,-122.392994443058,"House","Private room",1,1,1,1,"Pull-out Sofa","{TV,Internet,""Wireless Internet"",Kitchen,Essentials}","$25.00","",0,NA,NA,NA,NA,NA,NA,NA,121
"81",2467550,"f","Adams",47.6743079321115,-122.37674229799,"House","Entire home/apt",4,1,0,2,"Real Bed","{Internet,""Wireless Internet"",""Air Conditioning"",Kitchen,""Free Parking on Premises"",""Pets live on this property"",Cat(s),Heating,Washer,Dryer,""Smoke Detector"",""Carbon Monoxide Detector"",""First Aid Kit"",""Fire Extinguisher"",Essentials,Shampoo}","$40.00","$50.00",0,NA,NA,NA,NA,NA,NA,NA,152
"82",2686374,"f","Adams",47.6712503912534,-122.382639117557,"House","Entire home/apt",6,1,3,4,"Real Bed","{TV,""Cable TV"",Internet,""Wireless Internet"",""Air Conditioning"",Kitchen,""Free Parking on Premises"",""Pets Allowed"",Heating,""Family/Kid Friendly"",Washer,Dryer,""Smoke Detector"",""Carbon Monoxide Detector"",""First Aid Kit"",""Fire Extinguisher"",Essentials,Shampoo,""24-Hour Check-in"",Hangers,""Hair Dryer"",Iron,""Laptop Friendly Workspace""}","$149.00","",165,95,10,10,10,10,9,7.84,141
"83",1956274,"t","Adams",47.6686920575291,-122.396089355553,"Apartment","Entire home/apt",2,1.5,1,1,"Real Bed","{TV,""Cable TV"",Internet,""Wireless Internet"",Kitchen,""Free Parking on Premises"",""Pets live on this property"",Dog(s),Cat(s),Heating,Washer,Dryer,""Smoke Detector"",""Carbon Monoxide Detector"",""First Aid Kit"",""Safety Card"",""Fire Extinguisher"",Essentials,Shampoo,""24-Hour Check-in"",Hangers,""Hair Dryer"",Iron,""Laptop Friendly Workspace""}","$125.00","$75.00",48,100,10,10,10,10,10,2.11,111
"84",8537192,"f","Adams",47.6718055242768,-122.388047117633,"House","Private room",2,0.5,1,1,"Real Bed","{Internet,""Wireless Internet"",Kitchen,Heating,""Family/Kid Friendly"",Washer,Dryer,""Smoke Detector"",""Carbon Monoxide Detector"",""Fire Extinguisher"",Essentials,Shampoo}","$55.00","",0,NA,NA,NA,NA,NA,NA,NA,134
"85",5919096,"t","Adams",47.671418402651,-122.385385358385,"Apartment","Entire home/apt",4,1,1,3,"Real Bed","{TV,Internet,""Wireless Internet"",Kitchen,Heating,Washer,Dryer,""Smoke Detector"",""Carbon Monoxide Detector"",""Fire Extinguisher"",Essentials}","$129.00","$75.00",2,100,10,10,10,10,10,0.26,137
"86",6516529,"f","Adams",47.6687489549085,-122.383869976282,"Apartment","Entire home/apt",2,1,1,1,"Real Bed","{Internet,""Wireless Internet"",Kitchen,Heating,""Family/Kid Friendly"",Washer,""Smoke Detector"",""Fire Extinguisher"",Essentials,Shampoo}","$100.00","",0,NA,NA,NA,NA,NA,NA,NA,143
"87",3294243,"t","Adams",47.6726817243013,-122.387730724379,"Apartment","Entire home/apt",4,2,2,2,"Real Bed","{TV,""Wireless Internet"",Kitchen,""Free Parking on Premises"",""Elevator in Building"",""Buzzer/Wireless Intercom"",Heating,""Family/Kid Friendly"",Washer,Dryer,""Smoke Detector"",""Carbon Monoxide Detector"",""First Aid Kit"",""Fire Extinguisher"",Essentials}","$150.00","",27,93,10,10,10,10,9,1.48,133
"88",10210971,"f","Adams",47.6696818453522,-122.390988470612,"Townhouse","Private room",1,1,1,1,"Real Bed","{Internet,""Wireless Internet"",Heating,""Smoke Detector"",""First Aid Kit"",""Fire Extinguisher"",Essentials,Shampoo,""24-Hour Check-in"",Hangers,""Laptop Friendly Workspace""}","$50.00","$10.00",0,NA,NA,NA,NA,NA,NA,NA,130
"89",3584790,"f","Adams",47.6750440375208,-122.382714917156,"Apartment","Entire home/apt",6,1,2,3,"Real Bed","{TV,""Cable TV"",Internet,""Wireless Internet"",Kitchen,""Free Parking on Premises"",""Buzzer/Wireless Intercom"",Heating,""Family/Kid Friendly"",Washer,Dryer,""Smoke Detector"",""Carbon Monoxide Detector"",""First Aid Kit"",""Safety Card"",""Fire Extinguisher"",Essentials,Shampoo}","$99.00","",0,NA,NA,NA,NA,NA,NA,NA,137
"90",1266459,"f","Adams",47.6679791689315,-122.382105449828,"Apartment","Entire home/apt",2,1.5,1,1,"Real Bed","{""Wireless Internet"",Kitchen,""Free Parking on Premises"",""Elevator in Building"",Washer,Dryer}","$150.00","$60.00",9,98,10,10,10,9,9,0.3,145
"91",9098059,"f","Adams",47.6732498496853,-122.387331651893,"Bungalow","Entire home/apt",4,1,1,3,"Real Bed","{TV,Internet,""Wireless Internet"",Kitchen,Heating,Washer,Dryer,""Smoke Detector"",""Carbon Monoxide Detector"",""Fire Extinguisher""}","$105.00","",0,NA,NA,NA,NA,NA,NA,NA,133
"92",408526,"f","Adams",47.6755332683863,-122.376324014078,"House","Entire home/apt",7,4,3,3,"Real Bed","{TV,""Cable TV"",Internet,""Wireless Internet"",""Wheelchair Accessible"",Kitchen,""Free Parking on Premises"",""Indoor Fireplace"",Heating,""Family/Kid Friendly"",Washer,Dryer,Essentials,Shampoo}","$218.00","$300.00",0,NA,NA,NA,NA,NA,NA,NA,152
"93",4118282,"f","Adams",47.6757081142761,-122.387559425976,"House","Entire home/apt",5,1.5,2,2,"Real Bed","{TV,Internet,""Wireless Internet"",Kitchen,Heating,""Family/Kid Friendly"",Washer,Dryer,""Smoke Detector"",""Fire Extinguisher"",Essentials,Shampoo}","$80.00","$75.00",88,95,10,10,10,9,9,6.07,126
"94",6813483,"f","Adams",47.6747710270281,-122.385830491839,"Apartment","Entire home/apt",2,1,1,1,"Real Bed","{TV,""Wireless Internet"",""Air Conditioning"",Kitchen,Breakfast,""Pets live on this property"",Dog(s),""Indoor Fireplace"",Heating,""Smoke Detector"",""Carbon Monoxide Detector"",""First Aid Kit"",""Fire Extinguisher"",Essentials,Shampoo}","$126.00","$95.00",10,98,10,10,10,10,9,1.75,136
"95",6590264,"f","Adams",47.6698743191895,-122.38771744417,"Apartment","Entire home/apt",4,1,1,2,"Real Bed","{TV,Internet,""Wireless Internet"",Kitchen,""Elevator in Building"",""Buzzer/Wireless Intercom"",Heating,Washer,Dryer,""Smoke Detector"",""Carbon Monoxide Detector"",""Fire Extinguisher"",Essentials,Shampoo,Hangers,""Hair Dryer"",Iron,""Laptop Friendly Workspace""}","$115.00","$50.00",5,96,10,10,10,9,10,0.82,134
"96",2650482,"f","Adams",47.6709757635429,-122.387825304299,"Apartment","Entire home/apt",4,2,2,2,"Real Bed","{TV,Internet,""Wireless Internet"",Kitchen,Gym,""Elevator in Building"",""Hot Tub"",""Buzzer/Wireless Intercom"",Heating,""Family/Kid Friendly"",Washer,Dryer,""Smoke Detector"",""Carbon Monoxide Detector"",Shampoo}","$225.00","$75.00",10,98,10,10,10,10,9,0.64,134
"97",20927,"t","Adams",47.6733393882947,-122.395120282038,"Cabin","Entire home/apt",2,1,1,1,"Futon","{TV,""Cable TV"",Internet,""Wireless Internet"",""Free Parking on Premises"",""Pets live on this property"",Cat(s),Heating,""Smoke Detector"",Shampoo}","$89.00","$10.00",244,97,9,10,10,10,10,3.64,110
"98",4395578,"f","Adams",47.6710048866387,-122.381381418044,"House","Entire home/apt",8,2.5,3,5,"Real Bed","{""Cable TV"",""Wireless Internet"",""Air Conditioning"",Kitchen,Heating,""Family/Kid Friendly"",Washer,Dryer,""Smoke Detector"",""Carbon Monoxide Detector"",""First Aid Kit"",""Safety Card"",""Fire Extinguisher"",Essentials}","$225.00","$264.00",1,100,10,10,10,8,10,0.11,145
"99",4995903,"f","Adams",47.6717035305555,-122.376338101141,"House","Entire home/apt",1,1,0,1,"Real Bed","{Internet,""Wireless Internet"",Kitchen,Heating,""Smoke Detector"",""Carbon Monoxide Detector"",""First Aid Kit"",""Fire Extinguisher"",Essentials}","$50.00","",0,NA,NA,NA,NA,NA,NA,NA,152
"100",5549211,"t","Adams",47.6717599719188,-122.39002012191,"Apartment","Entire home/apt",4,1,1,2,"Real Bed","{TV,""Wireless Internet"",Kitchen,Heating,""Family/Kid Friendly"",""Smoke Detector"",""Carbon Monoxide Detector"",""Fire Extinguisher"",Essentials,Shampoo,""24-Hour Check-in"",Hangers,""Hair Dryer"",Iron,""Laptop Friendly Workspace""}","$134.00","$100.00",40,98,10,10,10,10,10,4.05,129
"101",8240758,"f","Adams",47.6748186724734,-122.387521231935,"Apartment","Entire home/apt",2,1,1,1,"Real Bed","{TV,Internet,""Wireless Internet"",Kitchen,""Free Parking on Premises"",Heating,Washer,Dryer,""Smoke Detector"",""Carbon Monoxide Detector"",Essentials,Shampoo}","$75.00","$100.00",2,80,10,10,10,10,9,0.62,130
"102",6856295,"f","Adams",47.6730040068033,-122.385004761091,"House","Private room",2,1,1,1,"Real Bed","{TV,""Cable TV"",Internet,""Wireless Internet"",""Free Parking on Premises"",""Hot Tub"",Heating,""Family/Kid Friendly"",""Smoke Detector"",""Carbon Monoxide Detector"",""First Aid Kit"",""Fire Extinguisher"",Essentials,Shampoo,""24-Hour Check-in"",Hangers,""Hair Dryer"",Iron,""Laptop Friendly Workspace""}","$65.00","",46,97,10,10,10,10,10,6.87,135
"103",6881188,"f","Adams",47.6703945341616,-122.393897001397,"House","Entire home/apt",6,2.5,3,4,"Real Bed","{TV,""Cable TV"",Internet,""Wireless Internet"",Kitchen,""Free Parking on Premises"",""Indoor Fireplace"",Heating,""Family/Kid Friendly"",Washer,Dryer,""Smoke Detector"",""Carbon Monoxide Detector"",""First Aid Kit"",Essentials,Shampoo}","$375.00","$100.00",23,96,10,10,10,10,9,3.75,118
"104",1579615,"t","Adams",47.6758215175845,-122.389710130629,"House","Entire home/apt",3,1,1,2,"Real Bed","{TV,Internet,""Wireless Internet"",Kitchen,""Free Parking on Premises"",Gym,""Indoor Fireplace"",Heating,""Family/Kid Friendly"",Washer,Dryer,""Smoke Detector"",""Carbon Monoxide Detector"",""First Aid Kit"",""Fire Extinguisher""}","$97.00","$45.00",44,98,10,10,10,10,10,1.55,119
"105",3766866,"t","Adams",47.672284462169,-122.38231353832,"Condominium","Entire home/apt",2,1,1,1,"Real Bed","{TV,Internet,""Wireless Internet"",Kitchen,""Free Parking on Premises"",Heating,Washer,Dryer,""Smoke Detector"",""Carbon Monoxide Detector"",""First Aid Kit"",""Fire Extinguisher"",Essentials,Shampoo,""24-Hour Check-in"",Hangers,""Hair Dryer"",Iron,""Laptop Friendly Workspace""}","$145.00","$45.00",14,97,10,10,10,10,9,0.82,143
"106",2406966,"t","Adams",47.6722723724429,-122.384132212841,"Apartment","Entire home/apt",5,1,2,4,"Real Bed","{TV,Internet,""Wireless Internet"",""Air Conditioning"",Kitchen,Heating,""Family/Kid Friendly"",Washer,Dryer,""Smoke Detector"",""Carbon Monoxide Detector"",Essentials}","$129.00","$75.00",12,100,10,10,10,10,10,0.77,137
"107",4872699,"f","Adams",47.6757502447394,-122.376579929963,"House","Entire home/apt",6,1.5,3,4,"Real Bed","{TV,Internet,""Wireless Internet"",Kitchen,""Free Parking on Premises"",""Pets Allowed"",""Indoor Fireplace"",Heating,""Family/Kid Friendly"",Washer,Dryer,""Smoke Detector"",""Fire Extinguisher"",Essentials,Shampoo}","$197.00","$180.00",1,100,10,10,10,10,8,0.09,152
"108",5470629,"t","Adams",47.6726021249874,-122.388441491317,"Apartment","Entire home/apt",2,1,1,1,"Real Bed","{""Cable TV"",Internet,""Wireless Internet"",Kitchen,""Pets live on this property"",Dog(s),Heating,""Smoke Detector"",""Carbon Monoxide Detector"",Essentials,Shampoo,Hangers,""Hair Dryer""}","$120.00","$60.00",25,99,10,10,10,10,10,3.39,132
"109",2950213,"t","Adams",47.6667667836704,-122.381242651873,"Apartment","Entire home/apt",4,1,1,1,"Real Bed","{TV,""Cable TV"",Internet,""Wireless Internet"",""Air Conditioning"",Kitchen,""Buzzer/Wireless Intercom"",Heating,Washer,Dryer,""Smoke Detector"",""First Aid Kit"",""Fire Extinguisher"",Essentials}","$200.00","",35,95,9,10,10,10,9,1.84,150
"110",9015088,"f","Adams",47.6755008417706,-122.388906313867,"Apartment","Entire home/apt",5,2,2,2,"Real Bed","{TV,Internet,""Wireless Internet"",Kitchen,""Free Parking on Premises"",""Elevator in Building"",Heating,""Family/Kid Friendly"",Washer,Dryer,""Smoke Detector"",""Carbon Monoxide Detector"",""First Aid Kit"",""Safety Card"",""Fire Extinguisher"",Essentials,Shampoo}","$135.00","$50.00",5,100,10,10,10,10,10,3.95,119
"111",3979496,"t","Adams",47.6757576432651,-122.378798304877,"House","Private room",2,1,1,1,"Futon","{TV,Internet,""Wireless Internet"",Kitchen,""Pets live on this property"",Dog(s),""Indoor Fireplace"",Heating,Washer,Dryer,""Smoke Detector"",""Carbon Monoxide Detector"",""First Aid Kit"",""Fire Extinguisher"",Essentials,Shampoo}","$70.00","",31,95,10,10,10,10,10,1.89,148
"112",7501919,"f","Adams",47.667800586827,-122.388300162973,"Apartment","Entire home/apt",2,1,1,2,"Real Bed","{Internet,""Wireless Internet"",Kitchen,Gym,""Elevator in Building"",Heating,Washer,Dryer,Essentials}","$150.00","$30.00",7,97,10,10,10,10,9,1.37,136
"113",4732995,"f","Adams",47.6693712900944,-122.376287764675,"Apartment","Entire home/apt",3,1,1,1,"Real Bed","{TV,""Wireless Internet"",""Wheelchair Accessible"",Kitchen,""Free Parking on Premises"",Gym,""Elevator in Building"",Heating,""Family/Kid Friendly"",Dryer,""Smoke Detector"",""Carbon Monoxide Detector"",Essentials,Shampoo}","$200.00","$50.00",4,95,9,10,10,10,10,0.83,156
"114",7134759,"f","Adams",47.6689608758033,-122.393876944633,"Townhouse","Private room",2,1,1,1,"Real Bed","{TV,Internet,""Wireless Internet"",Kitchen,Heating,Washer,Dryer,""Smoke Detector"",""Carbon Monoxide Detector"",Essentials,Shampoo}","$60.00","$55.00",16,98,10,10,10,10,10,3.87,121
"115",4532538,"f","Adams",47.671687705783,-122.392558589183,"House","Entire home/apt",5,3,3,5,"Real Bed","{TV,""Cable TV"",Internet,""Wireless Internet"",""Free Parking on Premises"",Heating,""Family/Kid Friendly"",Washer,Dryer,""Smoke Detector"",""Carbon Monoxide Detector"",Shampoo}","$180.00","$150.00",1,100,10,10,10,10,10,1,119
"116",7534398,"f","Adams",47.6718099815906,-122.383437180538,"Apartment","Private room",3,1,1,1,"Real Bed","{TV,Internet,""Wireless Internet"",Kitchen,""Free Parking on Premises"",""Pets live on this property"",Cat(s),Heating,""Family/Kid Friendly"",Washer,Dryer,""Smoke Detector"",""Carbon Monoxide Detector"",""First Aid Kit"",""Fire Extinguisher"",Essentials,Shampoo,""24-Hour Check-in"",Hangers,""Hair Dryer"",Iron,""Laptop Friendly Workspace""}","$69.00","",8,100,10,10,10,10,10,3.38,139
"117",9387189,"f","Adams",47.6650223298999,-122.38279676983,"Apartment","Entire home/apt",3,1,0,1,"Real Bed","{TV,""Wireless Internet"",Kitchen,""Pets Allowed"",""Pets live on this property"",Dog(s),Heating,Washer,Dryer,""Smoke Detector"",""First Aid Kit"",Essentials,Shampoo,""24-Hour Check-in"",Hangers,""Hair Dryer"",Iron}","$90.00","$25.00",1,100,10,10,10,10,10,1,148
"118",6337492,"f","Adams",47.6689892082273,-122.395145280933,"Apartment","Entire home/apt",2,1,1,1,"Real Bed","{}","$80.00","",5,92,8,9,10,10,10,0.65,119
"119",10231701,"f","Adams",47.6693543031396,-122.390347629333,"Townhouse","Private room",2,1.5,1,1,"Real Bed","{TV,""Cable TV"",""Wireless Internet"",Kitchen,""Pets live on this property"",Cat(s),Heating,Washer,Dryer,""Smoke Detector"",""Carbon Monoxide Detector"",""Safety Card"",""Fire Extinguisher"",Essentials,Shampoo,""24-Hour Check-in"",Hangers,""Hair Dryer"",Iron}","$65.00","$25.00",0,NA,NA,NA,NA,NA,NA,NA,132
"120",1609922,"t","Adams",47.6716656787792,-122.377912326343,"House","Entire home/apt",5,1.5,2,2,"Real Bed","{TV,Internet,""Wireless Internet"",Kitchen,""Free Parking on Premises"",""Indoor Fireplace"",Heating,Washer,Dryer,""Smoke Detector"",""Carbon Monoxide Detector"",""Fire Extinguisher"",Essentials,Shampoo}","$150.00","$90.00",26,94,9,10,10,10,9,0.96,150
"121",4236723,"f","Adams",47.6705814220058,-122.382211161497,"House","Entire home/apt",6,1.5,2,3,"Real Bed","{TV,""Cable TV"",Internet,""Wireless Internet"",""Wheelchair Accessible"",Kitchen,""Free Parking on Premises"",""Pets Allowed"",Heating,""Family/Kid Friendly"",""Suitable for Events"",Washer,Dryer,""Smoke Detector"",""Carbon Monoxide Detector"",""Fire Extinguisher"",Essentials,Shampoo,""24-Hour Check-in"",Hangers,""Hair Dryer"",Iron,""Laptop Friendly Workspace""}","$195.00","",113,94,9,10,10,10,9,7.53,143
"122",7843837,"f","Adams",47.6721089641609,-122.383588548154,"Apartment","Entire home/apt",4,1,1,1,"Real Bed","{Internet,""Wireless Internet"",Kitchen,""Pets Allowed"",Heating,""Family/Kid Friendly"",Washer,Dryer,""Smoke Detector"",""Carbon Monoxide Detector"",Essentials}","$149.00","",0,NA,NA,NA,NA,NA,NA,NA,139
"123",3076065,"t","Adams",47.671458070061,-122.37917449315,"House","Entire home/apt",5,3,2,2,"Real Bed","{TV,Internet,""Wireless Internet"",Kitchen,""Indoor Fireplace"",Heating,Washer,Dryer,""Smoke Detector"",""Carbon Monoxide Detector"",""Fire Extinguisher"",Essentials,Shampoo}","$224.00","$120.00",15,96,10,9,10,10,9,1.22,148
"124",6423204,"f","Adams",47.6715597705886,-122.382703988202,"House","Entire home/apt",3,1,2,2,"Real Bed","{TV,""Wireless Internet"",Kitchen,""Free Parking on Premises"",Heating,""Family/Kid Friendly"",Washer,Dryer,""Smoke Detector"",""First Aid Kit"",""Safety Card"",""Fire Extinguisher"",Essentials}","$115.00","$40.00",44,91,9,10,10,9,9,5.87,141
"125",8338849,"f","Adams",47.6728350402854,-122.387471628495,"House","Private room",2,1,1,1,"Real Bed","{Internet,""Wireless Internet"",Kitchen,Heating,Washer,Dryer,""Smoke Detector"",""Fire Extinguisher"",Essentials}","$55.00","",7,94,10,10,10,10,10,1.91,133
"126",6401209,"t","Adams",47.6739712878268,-122.389380541684,"House","Entire home/apt",8,2.5,4,5,"Real Bed","{TV,Internet,""Wireless Internet"",Kitchen,""Free Parking on Premises"",""Hot Tub"",Heating,""Family/Kid Friendly"",Washer,Dryer,""Smoke Detector"",""Carbon Monoxide Detector"",""Fire Extinguisher"",Essentials,Shampoo,""24-Hour Check-in"",Hangers,""Hair Dryer"",Iron,""Laptop Friendly Workspace""}","$338.00","$200.00",13,97,10,10,10,10,10,2.05,125
"127",20928,"t","Adams",47.6736070968278,-122.393802859361,"House","Entire home/apt",2,1,1,1,"Futon","{Internet,""Wireless Internet"",Kitchen,""Free Parking on Premises"",""Pets live on this property"",Cat(s),""Hot Tub"",Heating,""Smoke Detector"",""Fire Extinguisher"",Essentials,Shampoo}","$79.00","$10.00",44,97,10,10,10,10,10,6.23,113
"128",3344977,"t","Adams",47.6693986922116,-122.389254040532,"House","Private room",2,1,1,1,"Real Bed","{Internet,""Wireless Internet"",""Pets live on this property"",Cat(s),Heating,""Smoke Detector"",""Carbon Monoxide Detector"",Essentials,Shampoo}","$80.00","$15.00",56,96,10,10,10,10,10,3.11,133
"129",7604621,"f","Adams",47.6721766977672,-122.390361687226,"Townhouse","Entire home/apt",2,1,0,1,"Real Bed","{TV,""Wireless Internet"",Heating,""Smoke Detector"",""Carbon Monoxide Detector"",""First Aid Kit"",""Safety Card"",""Fire Extinguisher"",Essentials,Shampoo}","$85.00","$35.00",11,95,10,9,10,10,9,3.55,127
"130",3303978,"t","Adams",47.6734996227843,-122.386963570127,"House","Entire home/apt",2,1,1,1,"Futon","{""Wireless Internet"",Kitchen,""Free Parking on Premises"",""Pets live on this property"",Dog(s),Heating,Essentials,Shampoo}","$80.00","$25.00",39,98,10,10,10,10,10,2.22,133
"131",7067082,"t","Adams",47.6693444255161,-122.386539146538,"Loft","Private room",3,1,1,1,"Real Bed","{TV,Internet,""Wireless Internet"",""Air Conditioning"",Kitchen,""Pets Allowed"",""Pets live on this property"",Heating,Washer,Dryer,""Smoke Detector"",""Carbon Monoxide Detector"",""First Aid Kit"",Essentials,Shampoo,""Hair Dryer"",Iron,""Laptop Friendly Workspace""}","$49.00","$7.00",10,90,9,10,10,10,9,1.68,137
"132",3121829,"f","Adams",47.6719218015198,-122.380656819594,"House","Entire home/apt",4,2.5,3,2,"Real Bed","{TV,""Cable TV"",Internet,""Wireless Internet"",Kitchen,Gym,""Indoor Fireplace"",Heating,""Family/Kid Friendly"",Washer,Dryer,""Smoke Detector"",""First Aid Kit"",""Fire Extinguisher"",Essentials}","$100.00","$85.00",6,90,10,9,9,10,9,0.34,146
"133",2539881,"f","Adams",47.6693454370765,-122.396973465087,"Apartment","Entire home/apt",2,1,1,1,"Real Bed","{TV,""Cable TV"",Internet,""Wireless Internet"",Kitchen,""Free Parking on Premises"",""Pets live on this property"",""Elevator in Building"",Heating,""Family/Kid Friendly"",Washer,Dryer,""Smoke Detector"",""Carbon Monoxide Detector""}","$79.00","",4,85,8,10,10,10,10,0.2,110
"134",3678718,"t","Adams",47.6674639777819,-122.37825532356,"Apartment","Entire home/apt",2,1,0,1,"Real Bed","{""Wireless Internet"",Kitchen,Heating,""First Aid Kit"",""Fire Extinguisher"",Essentials,Shampoo,Iron}","$75.00","$50.00",79,96,10,10,10,10,10,4.67,153
"135",4694479,"t","Adams",47.6718119734913,-122.388981343316,"House","Private room",2,1,1,1,"Real Bed","{TV,""Cable TV"",Internet,""Wireless Internet"",""Pets live on this property"",Heating,""Family/Kid Friendly"",""Smoke Detector"",""Carbon Monoxide Detector"",""First Aid Kit"",""Fire Extinguisher"",Essentials,Shampoo,""Lock on Bedroom Door"",""24-Hour Check-in"",Hangers,""Hair Dryer""}","$57.00","$15.00",50,96,10,10,10,10,10,5.32,133
"136",6646843,"f","West Woodland",47.6708204627336,-122.370511081838,"Apartment","Entire home/apt",4,1,1,2,"Real Bed","{TV,Internet,""Wireless Internet"",Kitchen,Heating,""Family/Kid Friendly"",Washer,Dryer,""Smoke Detector"",""Carbon Monoxide Detector"",Essentials}","$99.00","$45.00",28,89,9,10,10,10,9,5.79,165
"137",1364440,"f","West Woodland",47.6637344037256,-122.362080101217,"Apartment","Private room",1,1,1,1,"Futon","{TV,Internet,""Wireless Internet"",Kitchen,""Free Parking on Premises"",Heating,Washer,Dryer,""Smoke Detector"",""Fire Extinguisher"",Essentials}","$55.00","",20,100,10,10,10,9,10,0.68,225
"138",1781873,"f","West Woodland",47.6675968033201,-122.364701653497,"Apartment","Entire home/apt",2,1,1,1,"Real Bed","{Internet,""Wireless Internet"",Kitchen,""Free Parking on Premises"",""Pets live on this property"",Dog(s),Heating}","$96.00","",57,92,9,10,10,9,9,2.56,214
"139",4138423,"f","West Woodland",47.6705323831233,-122.365318465871,"House","Entire home/apt",4,1,1,1,"Real Bed","{TV,Internet,""Wireless Internet"",Kitchen,""Free Parking on Premises"",""Pets Allowed"",Heating,""Family/Kid Friendly"",Washer,Dryer,""Smoke Detector"",""Carbon Monoxide Detector"",""First Aid Kit"",""Fire Extinguisher"",Essentials,Shampoo,""24-Hour Check-in"",Hangers,""Hair Dryer"",Iron,""Laptop Friendly Workspace""}","$99.00","$30.00",38,94,9,10,10,9,9,2.61,203
"140",5562674,"f","West Woodland",47.6667667749329,-122.36882353054,"House","Entire home/apt",4,1,2,2,"Real Bed","{Internet,""Wireless Internet"",""Free Parking on Premises"",""Pets Allowed"",""Pets live on this property"",Heating,""Family/Kid Friendly"",Washer,Dryer,""Fire Extinguisher"",Essentials,Shampoo}","$79.00","$35.00",71,95,10,10,10,10,9,7.2,182
"141",1789341,"f","West Woodland",47.6723539753727,-122.366174899877,"House","Entire home/apt",2,1,1,1,"Real Bed","{TV,Internet,""Wireless Internet"",Kitchen,""Free Parking on Premises"",Heating,Washer,Dryer}","$115.00","$85.00",17,99,10,10,10,10,10,0.82,187
"142",4672934,"t","West Woodland",47.6658368658674,-122.370132309028,"House","Entire home/apt",10,2.5,3,5,"Real Bed","{TV,Internet,""Wireless Internet"",Kitchen,""Free Parking on Premises"",""Pets live on this property"",Dog(s),""Indoor Fireplace"",Heating,""Family/Kid Friendly"",Washer,Dryer,""Smoke Detector"",""Carbon Monoxide Detector"",""First Aid Kit"",Essentials,Shampoo,""24-Hour Check-in"",Hangers,""Hair Dryer"",""Laptop Friendly Workspace""}","$350.00","$125.00",13,98,10,10,10,10,10,1.06,176
"143",4550099,"f","West Woodland",47.674333084712,-122.375677984625,"House","Entire home/apt",6,3,3,3,"Real Bed","{TV,""Cable TV"",Internet,""Wireless Internet"",Kitchen,Heating,Washer,Dryer,""Smoke Detector"",""Carbon Monoxide Detector"",""Fire Extinguisher"",Essentials}","$295.00","$131.00",3,93,7,9,10,9,8,0.22,154
"144",1198799,"t","West Woodland",47.6726917380166,-122.373558609344,"House","Private room",2,1.5,1,1,"Real Bed","{TV,Internet,""Wireless Internet"",Kitchen,""Free Parking on Premises"",""Indoor Fireplace"",Heating,""Family/Kid Friendly"",Washer,Dryer,""Smoke Detector"",""Carbon Monoxide Detector"",""First Aid Kit"",Essentials,Shampoo}","$70.00","$20.00",19,98,10,10,10,10,10,1.84,158
"145",5308429,"t","West Woodland",47.6752905612514,-122.370474086749,"House","Private room",2,1,1,1,"Real Bed","{TV,Internet,""Wireless Internet"",""Air Conditioning"",Kitchen,""Free Parking on Premises"",Gym,Heating,Washer,Dryer,""Smoke Detector"",""Carbon Monoxide Detector"",""First Aid Kit"",""Fire Extinguisher"",Essentials,Shampoo,""24-Hour Check-in"",""Hair Dryer"",""Laptop Friendly Workspace""}","$53.00","",18,99,10,10,10,10,10,1.65,156
"146",2769088,"f","West Woodland",47.6689933945625,-122.362860302121,"House","Entire home/apt",4,1,2,2,"Real Bed","{Internet,""Wireless Internet"",Kitchen,""Free Parking on Premises"",""Pets live on this property"",Dog(s),Heating,Washer,Dryer,Essentials}","$110.00","",12,71,6,9,9,9,7,0.61,219
"147",7603135,"f","West Woodland",47.6687947498972,-122.361612535626,"House","Entire home/apt",4,1,2,2,"Real Bed","{Internet,""Wireless Internet"",Kitchen,""Free Parking on Premises"",Heating,""Family/Kid Friendly"",Washer,Dryer,""Smoke Detector"",""Fire Extinguisher"",Essentials}","$225.00","$45.00",4,95,10,9,10,10,10,0.85,222
"148",9374365,"f","West Woodland",47.6738823220937,-122.374626277641,"House","Private room",2,1.5,1,1,"Real Bed","{TV,Internet,""Wireless Internet"",""Air Conditioning"",Kitchen,""Free Parking on Premises"",Heating,Washer,Dryer,""Smoke Detector"",""Carbon Monoxide Detector"",""First Aid Kit"",""Fire Extinguisher"",Essentials,Shampoo,Hangers,Iron}","$35.00","$7.00",7,97,10,10,10,10,10,3.96,155
"149",6106498,"f","West Woodland",47.6657873438521,-122.36199230817,"House","Private room",2,1,1,1,"Real Bed","{TV,Internet,""Wireless Internet"",Kitchen,""Free Parking on Premises"",""Pets live on this property"",Dog(s),Heating,""Family/Kid Friendly"",""Smoke Detector"",""Carbon Monoxide Detector"",""First Aid Kit"",""Fire Extinguisher"",Essentials,Shampoo}","$55.00","$15.00",23,97,10,10,10,9,10,2.82,225
"150",9331449,"f","West Woodland",47.6722826298075,-122.373161645433,"Townhouse","Private room",2,1.5,1,1,"Real Bed","{TV,Internet,""Wireless Internet"",""Air Conditioning"",Kitchen,""Free Parking on Premises"",Heating,Washer,Dryer,""Smoke Detector"",""Carbon Monoxide Detector"",""First Aid Kit"",Essentials,Shampoo,Hangers,Iron}","$45.00","$8.00",2,90,8,10,10,10,9,2,157
"151",8799162,"f","West Woodland",47.6683540138279,-122.36113882173,"House","Private room",2,1,1,1,"Real Bed","{""Wireless Internet"",""Air Conditioning"",""Wheelchair Accessible"",Kitchen,""Free Parking on Premises"",Heating,""Family/Kid Friendly"",""Smoke Detector"",""Fire Extinguisher"",Essentials,Shampoo,""Lock on Bedroom Door""}","$79.00","",0,NA,NA,NA,NA,NA,NA,NA,223
"152",4317390,"f","West Woodland",47.6688084607527,-122.366261789659,"House","Entire home/apt",8,1,2,6,"Real Bed","{TV,""Wireless Internet"",""Air Conditioning"",Kitchen,Heating,""Family/Kid Friendly"",Washer,Dryer,""Smoke Detector"",""Carbon Monoxide Detector"",""Fire Extinguisher"",Essentials,Shampoo}","$133.00","$50.00",39,95,10,9,10,10,9,2.87,196
"153",3884851,"t","West Woodland",47.66832396295,-122.371821165882,"Apartment","Private room",2,1,1,1,"Real Bed","{TV,""Cable TV"",Internet,""Wireless Internet"",""Air Conditioning"",Kitchen,""Indoor Fireplace"",Heating,""Family/Kid Friendly"",Washer,Dryer,""Smoke Detector"",""Carbon Monoxide Detector"",""First Aid Kit"",Essentials,Shampoo}","$65.00","$5.00",64,96,10,10,10,10,10,3.86,164
"154",3155785,"f","West Woodland",47.6723724035658,-122.362841677273,"Apartment","Private room",1,2,1,1,"Real Bed","{Internet,""Wireless Internet"",""Air Conditioning"",Kitchen,""Free Parking on Premises"",""Indoor Fireplace"",Heating,Washer,Dryer,""Smoke Detector"",""Fire Extinguisher"",Essentials}","$61.00","$15.00",4,80,8,9,9,9,9,0.82,208
"155",9368517,"f","West Woodland",47.6638820555311,-122.36217494637,"House","Entire home/apt",4,2,3,3,"Real Bed","{Internet,""Wireless Internet"",Kitchen,""Free Parking on Premises"",""Pets live on this property"",Cat(s),Heating,""Family/Kid Friendly"",Washer,Dryer,""Smoke Detector"",""First Aid Kit"",""Fire Extinguisher"",Essentials,Shampoo,""24-Hour Check-in"",""Laptop Friendly Workspace""}","$200.00","$60.00",0,NA,NA,NA,NA,NA,NA,NA,225
"156",5643240,"f","West Woodland",47.6709286530949,-122.366781780871,"Apartment","Entire home/apt",2,1,1,1,"Real Bed","{""Wireless Internet"",Kitchen,""Free Parking on Premises"",""Pets live on this property"",Dog(s),Heating,""Smoke Detector"",""Carbon Monoxide Detector"",""First Aid Kit"",""Fire Extinguisher""}","$70.00","$50.00",8,90,9,10,10,10,10,1.21,188
"157",5042014,"f","West Woodland",47.6726167135491,-122.374392720472,"House","Private room",1,1,1,1,"Pull-out Sofa","{Internet,""Wireless Internet"",Kitchen,""Free Parking on Premises"",Breakfast,Heating,""Family/Kid Friendly"",Washer,Dryer,""Smoke Detector"",""First Aid Kit"",""Fire Extinguisher"",Essentials,Shampoo,""Lock on Bedroom Door""}","$52.00","$20.00",14,97,10,10,10,10,10,1.25,156
"158",7724630,"f","West Woodland",47.6727172754441,-122.361417131314,"Apartment","Private room",2,1,1,1,"Futon","{""Wireless Internet"",Kitchen,""Free Parking on Premises"",""Indoor Fireplace"",Washer,Dryer,""Smoke Detector"",Essentials}","$50.00","",1,100,8,10,10,10,8,0.3,215
"159",9449437,"f","West Woodland",47.6727433615487,-122.373194488713,"Townhouse","Entire home/apt",8,2.5,4,4,"Real Bed","{TV,Internet,""Wireless Internet"",""Air Conditioning"",Kitchen,Heating,""Family/Kid Friendly"",Washer,Dryer,Essentials,Shampoo,Hangers,Iron}","$275.00","$50.00",0,NA,NA,NA,NA,NA,NA,NA,158
"160",3053237,"t","West Woodland",47.6645492128736,-122.368208855451,"House","Entire home/apt",2,1,1,1,"Real Bed","{Internet,""Wireless Internet"",Kitchen,""Free Parking on Premises"",""Indoor Fireplace"",Heating,""Family/Kid Friendly"",Washer,Dryer,""Smoke Detector"",""Carbon Monoxide Detector"",""First Aid Kit"",""Safety Card"",""Fire Extinguisher"",Essentials,Shampoo}","$149.00","$50.00",85,99,10,10,10,9,10,4.28,179
"161",8132347,"f","West Woodland",47.6665856712209,-122.365651829733,"House","Entire home/apt",8,2,2,4,"Real Bed","{TV,""Cable TV"",Internet,""Wireless Internet"",Kitchen,""Free Parking on Premises"",""Pets Allowed"",Heating,""Family/Kid Friendly"",Washer,Dryer,""Smoke Detector"",""Carbon Monoxide Detector"",""First Aid Kit"",""Safety Card"",Essentials,Shampoo}","$199.00","$85.00",0,NA,NA,NA,NA,NA,NA,NA,208
"162",63733,"f","West Woodland",47.6717143402939,-122.365887597949,"Apartment","Entire home/apt",2,1,1,1,"Real Bed","{TV,""Cable TV"",Internet,""Wireless Internet"",Kitchen,""Free Parking on Premises"",Heating,Essentials,Shampoo}","$89.00","",125,97,10,10,10,10,10,2.18,193
"163",2039149,"f","West Woodland",47.6668678529619,-122.364031308683,"House","Entire home/apt",10,2,3,3,"Real Bed","{TV,Internet,""Wireless Internet"",Kitchen,""Free Parking on Premises"",""Indoor Fireplace"",Heating,""Family/Kid Friendly"",Washer,Dryer,""Smoke Detector"",""Carbon Monoxide Detector"",""First Aid Kit""}","$225.00","$100.00",121,91,9,10,10,9,9,5.15,216
"164",227636,"t","West Woodland",47.6680705341341,-122.362086159981,"Apartment","Entire home/apt",3,1,1,2,"Real Bed","{TV,""Cable TV"",Internet,""Wireless Internet"",Kitchen,""Free Parking on Premises"",""Pets live on this property"",Dog(s),""Indoor Fireplace"",Heating,""Family/Kid Friendly"",Washer,Dryer,""Smoke Detector"",""Carbon Monoxide Detector"",""Fire Extinguisher"",Essentials,Shampoo}","$120.00","$55.00",131,97,10,10,10,9,10,2.59,220
"165",3689119,"t","West Woodland",47.6721236854662,-122.365009373613,"House","Entire home/apt",2,1,0,1,"Real Bed","{""Wireless Internet"",Kitchen,""Pets live on this property"",Dog(s),Heating,""Family/Kid Friendly"",""Smoke Detector"",""Fire Extinguisher"",Essentials,Shampoo}","$85.00","$30.00",49,98,10,10,10,10,10,2.85,198
"166",1179538,"f","West Woodland",47.6735840407829,-122.37381429203,"House","Private room",4,1.5,1,2,"Real Bed","{TV,Internet,""Wireless Internet"",""Air Conditioning"",Kitchen,Heating,Washer,Dryer,""Smoke Detector"",""First Aid Kit"",""Fire Extinguisher"",Shampoo,Hangers,Iron}","$80.00","$15.00",2,100,10,10,10,8,8,1.3,155
"167",6823781,"f","West Woodland",47.6633783836296,-122.364691497103,"House","Entire home/apt",3,1,1,3,"Real Bed","{TV,""Wireless Internet"",Kitchen,""Free Parking on Premises"",Heating,""Smoke Detector"",""Carbon Monoxide Detector"",""First Aid Kit"",""Fire Extinguisher"",Essentials}","$89.00","$55.00",28,95,10,10,10,10,10,4.29,215
"168",2284536,"f","West Woodland",47.6693413880721,-122.36626412798,"House","Entire home/apt",4,1,1,1,"Real Bed","{TV,Internet,""Wireless Internet"",Kitchen,""Pets Allowed"",Heating,""Family/Kid Friendly"",Washer,Dryer,""Smoke Detector"",""Carbon Monoxide Detector"",Essentials,Shampoo,""24-Hour Check-in"",Hangers,""Hair Dryer"",Iron,""Laptop Friendly Workspace""}","$99.00","$30.00",111,92,9,10,10,10,9,4.89,196
"169",5143441,"t","West Woodland",47.664937156318,-122.36167965105,"Apartment","Entire home/apt",4,1,1,3,"Real Bed","{TV,""Wireless Internet"",Kitchen,""Free Parking on Premises"",""Indoor Fireplace"",Heating,Washer,Dryer,""Smoke Detector"",""Carbon Monoxide Detector"",""First Aid Kit"",""Fire Extinguisher"",Essentials,Shampoo}","$110.00","$35.00",49,97,10,10,10,10,10,4.51,225
"170",5749958,"f","West Woodland",47.6688446669857,-122.368379306454,"House","Entire home/apt",6,1,2,3,"Real Bed","{TV,""Cable TV"",Internet,""Wireless Internet"",Kitchen,""Free Parking on Premises"",""Pets live on this property"",Dog(s),""Indoor Fireplace"",Heating,""Family/Kid Friendly"",""Smoke Detector"",""Carbon Monoxide Detector"",""Fire Extinguisher"",Essentials,Shampoo}","$180.00","$80.00",28,96,10,10,10,10,10,3.4,185
"171",9116815,"f","West Woodland",47.6650167035693,-122.364707090084,"Apartment","Entire home/apt",4,1,2,2,"Real Bed","{TV,Internet,""Wireless Internet"",Kitchen,""Free Parking on Premises"",Heating,""Family/Kid Friendly"",Washer,Dryer,""Smoke Detector"",""First Aid Kit"",""Fire Extinguisher"",Essentials,Shampoo}","$150.00","",0,NA,NA,NA,NA,NA,NA,NA,215
"172",7731836,"f","West Woodland",47.668937521955,-122.373339227217,"Apartment","Entire home/apt",4,1,1,2,"Real Bed","{""Wireless Internet"",""Wheelchair Accessible"",Kitchen,Breakfast,""Elevator in Building"",Heating,Washer,Dryer,""Smoke Detector"",""First Aid Kit"",""Safety Card"",Essentials,Shampoo,""24-Hour Check-in"",Hangers,""Laptop Friendly Workspace""}","$70.00","",3,100,10,10,10,9,9,3,162
"173",10262971,"f","West Woodland",47.6659700222323,-122.368639250231,"House","Private room",2,1,1,1,"Real Bed","{TV,""Cable TV"",Internet,""Wireless Internet"",""Air Conditioning"",Kitchen,""Free Parking on Premises"",""Indoor Fireplace"",Heating,""Family/Kid Friendly"",Washer,Dryer,""Smoke Detector"",""Carbon Monoxide Detector"",""Fire Extinguisher"",Essentials,""Lock on Bedroom Door"",""24-Hour Check-in"",Hangers,Iron,""Laptop Friendly Workspace""}","$70.00","",0,NA,NA,NA,NA,NA,NA,NA,182
"174",1407502,"f","West Woodland",47.6743132742762,-122.367968835883,"House","Private room",1,1,1,1,"Real Bed","{Internet,""Wireless Internet"",Kitchen,""Free Parking on Premises"",Breakfast,""Pets live on this property"",Dog(s),Heating,Washer,Dryer,""Smoke Detector"",""First Aid Kit""}","$75.00","$25.00",9,89,9,9,9,9,9,0.47,177
"175",8817038,"f","West Woodland",47.6652090307156,-122.362456541082,"Apartment","Entire home/apt",4,1,2,2,"Real Bed","{TV,""Cable TV"",Internet,""Wireless Internet"",Kitchen,""Free Parking on Premises"",Cat(s),""Indoor Fireplace"",Heating,""Family/Kid Friendly"",Washer,Dryer,""Smoke Detector"",""Carbon Monoxide Detector"",""First Aid Kit"",""Safety Card"",""Fire Extinguisher"",Essentials,Shampoo,""24-Hour Check-in"",Hangers,""Hair Dryer"",""Laptop Friendly Workspace""}","$85.00","",12,97,10,10,10,10,10,5.22,224
"176",4449303,"t","West Woodland",47.6644454546346,-122.370170980932,"House","Private room",2,1,1,1,"Real Bed","{TV,Internet,""Wireless Internet"",Kitchen,""Free Parking on Premises"",Breakfast,""Pets live on this property"",""Indoor Fireplace"",Heating,Washer,Dryer,""Smoke Detector"",""Carbon Monoxide Detector"",""First Aid Kit"",""Fire Extinguisher"",Essentials,Shampoo}","$80.00","$25.00",50,95,10,10,10,10,9,5.02,176
"177",8255615,"f","West Woodland",47.6668216771774,-122.362936672677,"Apartment","Entire home/apt",3,1,1,1,"Real Bed","{Internet,""Wireless Internet"",Kitchen,""Free Parking on Premises"",""Pets live on this property"",Dog(s),Heating,""Family/Kid Friendly"",Washer,Dryer,""Smoke Detector"",""First Aid Kit"",""Fire Extinguisher"",Essentials,Shampoo,Hangers,""Hair Dryer"",Iron,""Laptop Friendly Workspace""}","$90.00","$20.00",3,100,10,9,10,10,10,0.85,221
"178",4053092,"t","West Woodland",47.6712224298259,-122.363686894641,"House","Private room",2,1,1,1,"Real Bed","{""Wireless Internet"",Kitchen,""Free Parking on Premises"",Heating,""Family/Kid Friendly"",Washer,Dryer,""Smoke Detector"",""Carbon Monoxide Detector"",""Safety Card"",""Fire Extinguisher"",Essentials}","$80.00","",24,98,10,10,10,10,10,1.58,209
"179",6886633,"f","West Woodland",47.6636554901771,-122.366941119388,"Camper/RV","Entire home/apt",2,1,0,1,"Pull-out Sofa","{""Wireless Internet"",Kitchen,""Free Parking on Premises"",""Pets live on this property"",Cat(s),Heating,""Fire Extinguisher""}","$75.00","",81,95,10,10,10,9,10,12.15,190
"180",8820414,"t","West Woodland",47.6754890295503,-122.367514509384,"Apartment","Entire home/apt",3,1,2,2,"Real Bed","{Internet,""Wireless Internet"",Kitchen,""Pets Allowed"",Breakfast,""Pets live on this property"",Dog(s),Heating,Washer,Dryer,""Smoke Detector"",""Carbon Monoxide Detector"",""Fire Extinguisher"",Essentials,Shampoo,""24-Hour Check-in"",""Hair Dryer"",Iron,""Laptop Friendly Workspace""}","$80.00","",0,NA,NA,NA,NA,NA,NA,NA,177
"181",3052151,"f","West Woodland",47.6668871700899,-122.364664088572,"House","Private room",2,1,1,1,"Real Bed","{Internet,""Wireless Internet"",Kitchen,""Free Parking on Premises"",""Pets live on this property"",Dog(s),Heating,""Family/Kid Friendly"",Washer,Dryer,Essentials}","$70.00","",19,85,7,9,9,9,8,0.98,215
"182",2339333,"f","West Woodland",47.6735711823728,-122.364274260986,"House","Entire home/apt",8,3.5,4,4,"Real Bed","{TV,Internet,""Wireless Internet"",Kitchen,""Free Parking on Premises"",""Indoor Fireplace"",Heating,""Family/Kid Friendly"",""Suitable for Events"",Washer,Dryer,""Smoke Detector"",""Carbon Monoxide Detector"",""Fire Extinguisher"",Essentials,Shampoo}","$350.00","$200.00",6,100,10,10,10,9,9,0.95,198
"183",1618842,"t","West Woodland",47.6652446376814,-122.370409514262,"Apartment","Entire home/apt",4,1,0,1,"Real Bed","{Internet,""Wireless Internet"",""Pets Allowed"",""Pets live on this property"",Dog(s),Heating,""Family/Kid Friendly"",Washer,Dryer,""Smoke Detector"",""First Aid Kit"",""Safety Card"",""Fire Extinguisher"",Essentials,Shampoo}","$95.00","$40.00",115,99,10,10,10,10,10,4.79,173
"184",888967,"t","West Woodland",47.6716795637434,-122.36538980596,"House","Private room",2,1,1,1,"Real Bed","{Internet,""Wireless Internet"",""Pets live on this property"",Dog(s),Heating,Washer,Dryer,""Smoke Detector"",""Fire Extinguisher"",Essentials,Shampoo}","$90.00","",72,99,10,10,10,10,10,2.14,198
"185",380950,"f","West Woodland",47.6662401692108,-122.360917746485,"House","Entire home/apt",12,2,4,5,"Real Bed","{TV,""Cable TV"",Internet,""Wireless Internet"",Kitchen,""Free Parking on Premises"",""Pets Allowed"",""Hot Tub"",""Indoor Fireplace"",Heating,""Family/Kid Friendly"",""Suitable for Events"",Washer,Dryer,""Smoke Detector"",""Carbon Monoxide Detector"",""First Aid Kit"",""Fire Extinguisher""}","$435.00","$200.00",12,84,9,10,10,9,8,0.28,227
"186",8097708,"f","West Woodland",47.6709124244064,-122.365599531292,"House","Entire home/apt",6,1.5,3,3,"Real Bed","{TV,""Cable TV"",Internet,""Wireless Internet"",Kitchen,""Free Parking on Premises"",Heating,""Family/Kid Friendly"",Washer,Dryer,""Smoke Detector"",""Fire Extinguisher"",Essentials,Shampoo}","$250.00","$185.00",1,100,10,10,10,10,10,0.25,199
"187",5671843,"f","West Woodland",47.6709870244272,-122.375140554697,"House","Private room",2,1,1,1,"Real Bed","{""Wireless Internet"",Breakfast,Heating,""Family/Kid Friendly"",Washer,Dryer,""Smoke Detector"",""First Aid Kit"",""Fire Extinguisher"",Essentials,Shampoo,""Lock on Bedroom Door""}","$65.00","$20.00",31,95,9,10,10,10,10,3.31,157
"188",904057,"t","West Woodland",47.6653913540778,-122.36609876374,"House","Entire home/apt",3,1,1,1,"Real Bed","{TV,""Cable TV"",""Wireless Internet"",""Air Conditioning"",Kitchen,""Pets live on this property"",Cat(s),""Hot Tub"",Heating,""Family/Kid Friendly"",""Smoke Detector"",""Carbon Monoxide Detector"",Essentials,Shampoo}","$95.00","",125,97,10,10,10,10,10,3.57,198
"189",7161725,"f","West Woodland",47.6734240307246,-122.374232789456,"Townhouse","Private room",3,1,1,2,"Real Bed","{TV,Internet,""Wireless Internet"",""Pets live on this property"",Dog(s),Heating,""Smoke Detector"",""Fire Extinguisher"",Essentials,Shampoo}","$110.00","$50.00",7,97,10,10,10,10,10,1.24,156
"190",9587410,"f","West Woodland",47.6715524344825,-122.367633305505,"House","Private room",3,1,1,2,"Real Bed","{Internet,""Wireless Internet"",Kitchen,Heating,""Smoke Detector"",""Carbon Monoxide Detector"",""First Aid Kit"",""Safety Card"",Essentials,Shampoo,Hangers,""Laptop Friendly Workspace""}","$50.00","$10.00",2,100,10,10,10,10,10,2,183
"191",9202380,"f","West Woodland",47.6633881106587,-122.361378362768,"Apartment","Entire home/apt",4,1,1,1,"Real Bed","{TV,""Wireless Internet"",Kitchen,""Free Parking on Premises"",Heating,""Family/Kid Friendly"",""Smoke Detector"",""Carbon Monoxide Detector"",Essentials,Shampoo}","$95.00","$20.00",0,NA,NA,NA,NA,NA,NA,NA,228
"192",2238105,"f","West Woodland",47.6633649781774,-122.362468525117,"House","Entire home/apt",2,1,1,1,"Real Bed","{Internet,""Wireless Internet"",""Free Parking on Premises"",""Pets live on this property"",Dog(s),Heating,""Smoke Detector"",Essentials,Shampoo}","$100.00","$30.00",62,97,10,10,10,10,9,2.7,225
"193",9545766,"f","West Woodland",47.6707613460055,-122.371095034009,"House","Private room",2,1,1,2,"Real Bed","{TV,Internet,""Wireless Internet"",""Free Parking on Premises"",""Pets live on this property"",Cat(s),Heating,Washer,Dryer,""Smoke Detector"",""Carbon Monoxide Detector"",""First Aid Kit"",""Lock on Bedroom Door""}","$89.00","",0,NA,NA,NA,NA,NA,NA,NA,162
"194",2441908,"t","West Woodland",47.6759157416881,-122.370473602656,"House","Entire home/apt",5,1,1,3,"Real Bed","{TV,Internet,""Wireless Internet"",Kitchen,""Free Parking on Premises"",""Pets live on this property"",Cat(s),""Indoor Fireplace"",Heating,""Family/Kid Friendly"",Washer,Dryer,""Smoke Detector"",""Carbon Monoxide Detector"",""First Aid Kit"",""Fire Extinguisher"",Essentials,Shampoo,""24-Hour Check-in"",Hangers,""Hair Dryer"",Iron,""Laptop Friendly Workspace""}","$116.00","$60.00",74,98,10,10,10,10,10,3.3,156
"195",9367465,"f","West Woodland",47.6636513112736,-122.362081778827,"House","Entire home/apt",4,1,1,2,"Real Bed","{""Wireless Internet"",Kitchen,""Free Parking on Premises"",Heating,""Family/Kid Friendly"",Washer,Dryer,""Smoke Detector"",Essentials,""24-Hour Check-in"",""Laptop Friendly Workspace""}","$150.00","$50.00",1,100,10,10,10,10,10,0.86,225
"196",3031415,"f","West Woodland",47.6652524332479,-122.361920691173,"House","Entire home/apt",8,2,3,3,"Real Bed","{TV,Internet,""Wireless Internet"",Kitchen,""Free Parking on Premises"",""Indoor Fireplace"",Heating,""Family/Kid Friendly"",Washer,Dryer,""Smoke Detector"",""Carbon Monoxide Detector"",""First Aid Kit"",Essentials,Shampoo}","$275.00","$100.00",107,95,9,10,10,10,9,5.63,225
"197",843812,"t","West Woodland",47.671334420188,-122.365797620319,"House","Entire home/apt",6,2,3,3,"Real Bed","{Internet,""Wireless Internet"",Kitchen,""Free Parking on Premises"",Heating,""Family/Kid Friendly"",Washer,Dryer}","$180.00","",10,96,10,10,10,9,10,0.29,196
"198",3835995,"t","West Woodland",47.6730782130878,-122.36414012428,"House","Entire home/apt",2,1,1,1,"Real Bed","{TV,""Cable TV"",Internet,""Wireless Internet"",Kitchen,""Free Parking on Premises"",Heating,""Smoke Detector"",""Carbon Monoxide Detector"",""Safety Card"",""Fire Extinguisher"",Essentials,Shampoo,""24-Hour Check-in"",Hangers,""Hair Dryer"",Iron,""Laptop Friendly Workspace""}","$97.00","",155,96,10,10,10,10,10,9.14,201
"199",9732638,"f","West Woodland",47.6667853488083,-122.366751423883,"Townhouse","Entire home/apt",5,3,2,2,"Real Bed","{TV,""Cable TV"",Internet,""Wireless Internet"",Kitchen,""Free Parking on Premises"",Heating,""Family/Kid Friendly"",Washer,Dryer,""Smoke Detector"",""Carbon Monoxide Detector"",""First Aid Kit"",Essentials,""24-Hour Check-in"",Hangers,""Laptop Friendly Workspace""}","$200.00","$50.00",0,NA,NA,NA,NA,NA,NA,NA,191
"200",3768745,"t","East Queen Anne",47.6318430373009,-122.345123503641,"House","Private room",2,1,1,1,"Real Bed","{TV,Internet,""Wireless Internet"",""Free Parking on Premises"",""Pets live on this property"",Dog(s),Heating,Washer,Dryer,""Smoke Detector"",""First Aid Kit"",Essentials,Shampoo}","$120.00","",15,100,10,10,10,10,10,2.27,442
"201",3975434,"f","East Queen Anne",47.6281203068069,-122.348752098687,"Apartment","Private room",2,1,1,1,"Real Bed","{TV,Internet,""Wireless Internet"",Kitchen,""Pets live on this property"",Cat(s),Heating,""Family/Kid Friendly"",Washer,Dryer,""Smoke Detector"",""Carbon Monoxide Detector"",""First Aid Kit"",Essentials,Shampoo}","$109.00","",17,96,10,10,10,10,9,1.04,422
"202",5620928,"f","East Queen Anne",47.6435997337629,-122.34462988872,"Apartment","Private room",2,1,1,1,"Real Bed","{""Wireless Internet"",""Wheelchair Accessible"",""Pets live on this property"",Dog(s),Heating,""Family/Kid Friendly"",Washer,Dryer,""First Aid Kit"",""Fire Extinguisher"",Shampoo}","$115.00","$20.00",13,92,9,10,10,9,9,1.86,386
"203",7381677,"t","East Queen Anne",47.6288947919673,-122.347571446383,"Apartment","Entire home/apt",2,1,1,1,"Real Bed","{TV,""Cable TV"",Internet,""Wireless Internet"",Kitchen,""Free Parking on Premises"",Heating,""Smoke Detector"",""Carbon Monoxide Detector"",""First Aid Kit"",""Fire Extinguisher"",Essentials,Shampoo}","$199.00","$80.00",13,97,10,10,10,10,10,2.52,426
"204",5487934,"f","East Queen Anne",47.6389988210563,-122.343573931497,"Apartment","Private room",2,1,1,1,"Real Bed","{Internet,""Wireless Internet"",""Wheelchair Accessible"",Kitchen,""Free Parking on Premises"",""Elevator in Building"",""Indoor Fireplace"",""Buzzer/Wireless Intercom"",Heating,Washer,Dryer,""Smoke Detector"",""First Aid Kit"",Essentials,Shampoo}","$150.00","",2,100,10,10,10,10,10,0.26,403
"205",9028447,"f","East Queen Anne",47.6395008262331,-122.343303887735,"Apartment","Entire home/apt",2,1,1,1,"Real Bed","{TV,Internet,""Wireless Internet"",Kitchen,Heating,Essentials,Shampoo}","$100.00","",1,NA,NA,NA,NA,NA,NA,1,403
"206",757840,"t","East Queen Anne",47.6315263596267,-122.35628277607,"House","Entire home/apt",6,2.5,3,4,"Real Bed","{TV,""Cable TV"",Internet,""Wireless Internet"",Kitchen,""Free Parking on Premises"",""Indoor Fireplace"",Heating,Washer,Dryer,""Smoke Detector"",""Carbon Monoxide Detector"",""First Aid Kit"",""Safety Card"",""Fire Extinguisher"",Essentials,Shampoo}","$250.00","$100.00",98,98,10,10,10,10,10,2.56,377
"207",8848403,"f","East Queen Anne",47.6401771691717,-122.346522635142,"Apartment","Shared room",2,1,1,1,"Pull-out Sofa","{TV,""Cable TV"",Internet,""Wireless Internet"",Kitchen,Gym,""Elevator in Building"",""Buzzer/Wireless Intercom"",Heating,Washer,Dryer,""Smoke Detector"",""Carbon Monoxide Detector"",Essentials,Shampoo}","$39.00","",2,100,10,10,10,9,10,2,391
"208",7430926,"f","East Queen Anne",47.6429050308455,-122.346704990781,"Apartment","Entire home/apt",4,1,1,1,"Real Bed","{TV,""Cable TV"",Internet,""Wireless Internet"",Kitchen,Gym,""Elevator in Building"",Heating,""Family/Kid Friendly"",Washer,Dryer,""Smoke Detector"",""First Aid Kit"",""Fire Extinguisher"",Essentials,Shampoo}","$69.00","$55.00",28,90,9,9,10,9,9,5.92,384
"209",7021544,"f","East Queen Anne",47.6407555742194,-122.342876564197,"Apartment","Entire home/apt",4,1,1,2,"Real Bed","{TV,""Cable TV"",Internet,""Wireless Internet"",Kitchen,""Free Parking on Premises"",Heating,""Family/Kid Friendly"",Washer,Dryer,""Smoke Detector"",""Carbon Monoxide Detector"",""First Aid Kit"",""Fire Extinguisher"",Essentials,Shampoo,""24-Hour Check-in"",Hangers,""Hair Dryer"",Iron,""Laptop Friendly Workspace""}","$145.00","$60.00",17,91,9,10,10,9,9,3.15,399
"210",1323446,"t","East Queen Anne",47.6354445588217,-122.355516604871,"Apartment","Entire home/apt",5,1,1,4,"Real Bed","{TV,Internet,""Wireless Internet"",Kitchen,""Free Parking on Premises"",""Pets live on this property"",Cat(s),Heating,""Family/Kid Friendly"",Washer,Dryer,""Smoke Detector"",""Carbon Monoxide Detector"",""First Aid Kit"",""Fire Extinguisher"",Essentials,Shampoo}","$98.00","$10.00",139,97,10,10,9,10,10,4.59,351
"211",3925573,"f","East Queen Anne",47.6426971716426,-122.343691143272,"Apartment","Entire home/apt",4,1,1,1,"Real Bed","{TV,Internet,""Wireless Internet"",""Wheelchair Accessible"",Kitchen,""Free Parking on Premises"",Heating,""Family/Kid Friendly"",""Smoke Detector"",""Carbon Monoxide Detector"",""First Aid Kit"",Essentials,Shampoo}","$130.00","$25.00",5,100,10,10,10,10,9,0.32,386
"212",8723086,"f","East Queen Anne",47.6389230095673,-122.342826870284,"Apartment","Entire home/apt",4,1,1,2,"Real Bed","{Internet,""Wireless Internet"",""Wheelchair Accessible"",Kitchen,""Free Parking on Premises"",Breakfast,""Elevator in Building"",""Indoor Fireplace"",Heating,""Family/Kid Friendly"",""Suitable for Events"",Washer,Dryer,""Smoke Detector"",""Carbon Monoxide Detector"",""Fire Extinguisher"",Essentials,Shampoo}","$85.00","",15,96,9,10,10,9,10,5,404
"213",781474,"f","East Queen Anne",47.6429121124645,-122.344683319952,"Boat","Entire home/apt",1,1,1,1,"Real Bed","{""Wireless Internet"",Kitchen,""Free Parking on Premises"",""Pets live on this property"",Cat(s),Heating,Washer,Dryer}","$85.00","$15.00",1,90,10,10,10,8,10,0.03,387
"214",9812439,"f","East Queen Anne",47.639345860061,-122.343132351614,"Apartment","Entire home/apt",4,1,1,2,"Real Bed","{TV,Internet,""Wireless Internet"",Kitchen,""Free Parking on Premises"",Heating,""Family/Kid Friendly"",Washer,Dryer,""Smoke Detector"",""Carbon Monoxide Detector"",""First Aid Kit"",""Fire Extinguisher"",Essentials,Shampoo,""24-Hour Check-in"",Hangers,""Hair Dryer"",Iron,""Laptop Friendly Workspace""}","$73.00","$60.00",0,NA,NA,NA,NA,NA,NA,NA,402
"215",3401644,"f","East Queen Anne",47.6350729292604,-122.35459413199,"Apartment","Entire home/apt",4,1,1,2,"Real Bed","{TV,""Cable TV"",Internet,""Wireless Internet"",Kitchen,""Free Parking on Premises"",Heating,Washer,Dryer,""Smoke Detector"",""Carbon Monoxide Detector"",Essentials,Shampoo}","$150.00","$25.00",5,88,9,9,10,10,10,0.31,360
"216",10036903,"f","East Queen Anne",47.6285735542828,-122.355909156972,"Apartment","Entire home/apt",3,1,1,1,"Real Bed","{TV,""Wireless Internet"",Kitchen,""Elevator in Building"",""Buzzer/Wireless Intercom"",Heating,""Family/Kid Friendly"",""Smoke Detector"",""Carbon Monoxide Detector"",""First Aid Kit"",""Safety Card"",""Fire Extinguisher"",Essentials,Shampoo}","$85.00","",0,NA,NA,NA,NA,NA,NA,NA,397
"217",5310193,"f","East Queen Anne",47.6379382581944,-122.350725648568,"House","Entire home/apt",6,2,3,3,"Real Bed","{TV,""Cable TV"",Internet,""Wireless Internet"",Kitchen,""Free Parking on Premises"",""Pets Allowed"",""Pets live on this property"",Cat(s),""Indoor Fireplace"",Heating,""Family/Kid Friendly"",Washer,Dryer,""Smoke Detector"",""Carbon Monoxide Detector"",""Fire Extinguisher"",Essentials}","$190.00","$100.00",3,93,9,10,9,10,10,0.6,379
"218",5308875,"t","East Queen Anne",47.6293093081336,-122.344136234765,"Apartment","Entire home/apt",2,1,1,1,"Real Bed","{Internet,""Wireless Internet"",Kitchen,Heating,""Smoke Detector"",Essentials,Shampoo}","$68.00","$50.00",17,94,10,10,10,10,9,2.88,447
"219",5052459,"t","East Queen Anne",47.6305064034146,-122.345022069332,"Apartment","Entire home/apt",2,1.5,1,1,"Real Bed","{TV,""Cable TV"",Internet,""Wireless Internet"",Kitchen,""Elevator in Building"",""Indoor Fireplace"",Heating,Washer,Dryer,""Smoke Detector"",""First Aid Kit"",""Fire Extinguisher"",Essentials,Shampoo}","$149.00","$60.00",31,96,10,10,10,10,9,3.08,444
"220",7228499,"f","East Queen Anne",47.6302139972657,-122.34761508911,"House","Entire home/apt",10,2,2,5,"Real Bed","{TV,Internet,""Wireless Internet"",Kitchen,""Free Parking on Premises"",""Pets Allowed"",Heating,""Family/Kid Friendly"",Washer,Dryer,""Smoke Detector"",""Carbon Monoxide Detector"",""First Aid Kit"",""Fire Extinguisher"",Essentials,Shampoo}","$349.00","$100.00",34,92,9,10,10,10,9,7.18,432
"221",7651653,"f","East Queen Anne",47.629548163093,-122.346596567603,"Apartment","Entire home/apt",2,1,1,1,"Real Bed","{TV,""Cable TV"",Internet,""Wireless Internet"",Kitchen,""Free Parking on Premises"",""Indoor Fireplace"",Heating,Washer,Dryer,""Smoke Detector"",""Carbon Monoxide Detector"",""First Aid Kit"",Essentials,Shampoo}","$105.00","$100.00",1,100,10,10,10,10,10,0.54,436
"222",1494986,"t","East Queen Anne",47.6337667007883,-122.344615412362,"Apartment","Entire home/apt",4,1.5,1,2,"Real Bed","{TV,""Cable TV"",Internet,""Wireless Internet"",Kitchen,""Free Parking on Premises"",""Pets Allowed"",""Pets live on this property"",Dog(s),""Hot Tub"",Heating,""Family/Kid Friendly"",Washer,Dryer,""Smoke Detector"",""Carbon Monoxide Detector"",""First Aid Kit"",Essentials,Shampoo}","$145.00","$90.00",10,100,10,10,10,9,10,0.35,446
"223",1783382,"f","East Queen Anne",47.6344416386719,-122.343784147235,"Apartment","Entire home/apt",2,1,1,1,"Real Bed","{TV,""Cable TV"",Internet,""Wireless Internet"",""Wheelchair Accessible"",Kitchen,""Elevator in Building"",""Indoor Fireplace"",Heating,""Family/Kid Friendly"",Washer,Dryer}","$150.00","$40.00",15,98,9,10,10,9,9,0.61,445
"224",7513198,"f","East Queen Anne",47.6321191288508,-122.346819254911,"Condominium","Entire home/apt",4,2,2,1,"Real Bed","{TV,""Cable TV"",""Wireless Internet"",Kitchen,""Elevator in Building"",Heating,Washer,Dryer,""Smoke Detector"",""Carbon Monoxide Detector"",""Fire Extinguisher"",Essentials,Shampoo}","$275.00","$75.00",1,100,10,10,10,10,10,0.21,434
"225",8308316,"f","East Queen Anne",47.6304346517544,-122.350171165064,"Apartment","Entire home/apt",4,1,2,3,"Real Bed","{TV,""Cable TV"",Internet,""Wireless Internet"",Kitchen,""Free Parking on Premises"",Heating,""Family/Kid Friendly"",Washer,Dryer,""Smoke Detector"",""First Aid Kit"",""Fire Extinguisher"",Essentials}","$165.00","$75.00",7,97,10,10,10,10,10,1.98,414
"226",9694921,"f","East Queen Anne",47.6384068361242,-122.344077004883,"House","Entire home/apt",5,2,3,3,"Real Bed","{TV,Internet,""Wireless Internet"",Kitchen,""Free Parking on Premises"",""Pets Allowed"",Heating,""Family/Kid Friendly"",Washer,Dryer,""Smoke Detector"",""Carbon Monoxide Detector"",""First Aid Kit"",""Fire Extinguisher"",Essentials,Shampoo,""24-Hour Check-in"",""Hair Dryer"",Iron,""Laptop Friendly Workspace""}","$196.00","$65.00",1,100,10,10,10,10,10,1,405
"227",2472850,"f","East Queen Anne",47.6290038723405,-122.343823348313,"Apartment","Entire home/apt",4,1,1,2,"Real Bed","{TV,""Cable TV"",Internet,""Wireless Internet"",""Air Conditioning"",""Wheelchair Accessible"",Kitchen,""Pets Allowed"",""Elevator in Building"",Heating,Washer,Dryer,Essentials,Shampoo}","$195.00","$35.00",28,82,8,9,9,9,8,1.41,450
"228",5487522,"f","East Queen Anne",47.6393586675371,-122.344028748977,"Apartment","Entire home/apt",4,2,2,2,"Real Bed","{Internet,""Wireless Internet"",""Wheelchair Accessible"",Kitchen,""Free Parking on Premises"",""Elevator in Building"",""Indoor Fireplace"",""Buzzer/Wireless Intercom"",Heating,""Family/Kid Friendly"",Washer,Dryer,""Smoke Detector"",""First Aid Kit"",Essentials,Shampoo}","$200.00","",7,89,9,9,9,9,9,0.73,400
"229",4016650,"t","East Queen Anne",47.6401197207507,-122.34452981345,"House","Private room",2,1.5,1,1,"Real Bed","{TV,""Cable TV"",Internet,""Wireless Internet"",Kitchen,Breakfast,""Indoor Fireplace"",Heating,Washer,Dryer,""Smoke Detector"",""Carbon Monoxide Detector"",""First Aid Kit"",""Fire Extinguisher"",Essentials,Shampoo}","$90.00","$30.00",36,97,10,10,10,9,10,3.48,397
"230",10229434,"f","East Queen Anne",47.6381577775688,-122.344157408582,"Apartment","Entire home/apt",4,1,1,1,"Real Bed","{}","$100.00","",0,NA,NA,NA,NA,NA,NA,NA,404
"231",3479241,"f","East Queen Anne",47.6398716211059,-122.341834461866,"Apartment","Private room",2,1,1,1,"Real Bed","{TV,""Cable TV"",Internet,""Wireless Internet"",Kitchen,""Free Parking on Premises"",Gym,""Pets live on this property"",Cat(s),""Elevator in Building"",""Indoor Fireplace"",Heating,""Family/Kid Friendly"",Washer,Dryer,Essentials,Shampoo}","$125.00","$30.00",16,92,9,9,10,10,9,0.92,406
"232",5848400,"f","East Queen Anne",47.6321452337197,-122.350648691117,"House","Entire home/apt",8,1.5,3,5,"Real Bed","{TV,""Cable TV"",Internet,""Wireless Internet"",Kitchen,""Free Parking on Premises"",Heating,""Family/Kid Friendly"",""Smoke Detector"",""Carbon Monoxide Detector"",""First Aid Kit"",Essentials,Shampoo}","$250.00","$264.00",4,90,10,10,10,10,9,0.5,412
"233",6077760,"t","East Queen Anne",47.6345326242001,-122.343790099962,"House","Private room",2,1.5,1,1,"Real Bed","{TV,""Cable TV"",Internet,""Wireless Internet"",""Air Conditioning"",Kitchen,""Indoor Fireplace"",""Buzzer/Wireless Intercom"",Heating,""Smoke Detector"",""Carbon Monoxide Detector"",""First Aid Kit"",""Fire Extinguisher"",Essentials,Shampoo}","$130.00","$50.00",23,98,10,10,10,10,10,2.92,442
"234",4642956,"f","East Queen Anne",47.6299474332777,-122.351387967339,"Apartment","Entire home/apt",2,1,1,1,"Real Bed","{""Cable TV"",""Wireless Internet"",Kitchen,Heating,""Smoke Detector"",""Carbon Monoxide Detector"",Essentials}","$209.00","$90.00",1,100,10,10,10,10,8,0.1,411
"235",1167507,"t","East Queen Anne",47.6319214282471,-122.348520254836,"Apartment","Entire home/apt",4,1,1,2,"Real Bed","{TV,""Cable TV"",Internet,""Wireless Internet"",Kitchen,Heating,Washer,Dryer,""Smoke Detector"",""Carbon Monoxide Detector"",""First Aid Kit"",""Safety Card"",""Fire Extinguisher""}","$110.00","$50.00",61,97,10,10,10,10,10,1.93,428
"236",6044106,"f","East Queen Anne",47.6415427622578,-122.344661243268,"Apartment","Entire home/apt",4,1,1,2,"Real Bed","{TV,""Cable TV"",Internet,""Wireless Internet"",Kitchen,""Free Parking on Premises"",Gym,""Elevator in Building"",Heating,""Family/Kid Friendly"",Washer,Dryer,""Smoke Detector"",""Carbon Monoxide Detector"",""First Aid Kit"",""Safety Card"",""Fire Extinguisher"",Essentials,Shampoo,""24-Hour Check-in"",Hangers,""Hair Dryer"",Iron,""Laptop Friendly Workspace""}","$90.00","$60.00",50,96,10,10,10,9,10,5.91,390
"237",1799255,"f","East Queen Anne",47.6381290280144,-122.352374034165,"House","Private room",2,1,1,1,"Real Bed","{TV,""Cable TV"",""Wireless Internet"",Kitchen,""Free Parking on Premises"",""Pets live on this property"",Dog(s),Heating,Washer,Dryer,Essentials,Shampoo}","$90.00","",55,97,9,10,10,10,10,2.29,365
"238",8941768,"f","East Queen Anne",47.6327998798494,-122.346557900245,"Apartment","Entire home/apt",2,1,1,1,"Real Bed","{TV,""Wireless Internet"",Kitchen,""Free Parking on Premises"",""Pets Allowed"",""Elevator in Building"",Heating,Washer,Dryer,Essentials,Hangers,""Hair Dryer"",Iron,""Laptop Friendly Workspace""}","$130.00","",1,100,10,10,10,10,10,0.59,438
"239",6569950,"f","East Queen Anne",47.630826689711,-122.35622983327,"Apartment","Entire home/apt",2,1,1,1,"Real Bed","{TV,""Wireless Internet"",Kitchen,Gym,""Elevator in Building"",Heating,Washer,Dryer,""Smoke Detector""}","$175.00","",1,100,10,10,10,10,10,0.2,388
"240",7733192,"t","East Queen Anne",47.6327563989996,-122.346986518763,"House","Entire home/apt",8,3.5,3,3,"Real Bed","{TV,""Cable TV"",Internet,""Wireless Internet"",""Air Conditioning"",Kitchen,""Free Parking on Premises"",""Pets Allowed"",""Indoor Fireplace"",Heating,""Family/Kid Friendly"",""Suitable for Events"",Washer,Dryer,""Smoke Detector"",""Carbon Monoxide Detector"",Essentials,Shampoo,""24-Hour Check-in"",Hangers,""Hair Dryer"",Iron,""Laptop Friendly Workspace""}","$749.00","$199.00",12,100,10,10,10,10,9,2.67,433
"241",9215782,"f","East Queen Anne",47.628464839125,-122.346548089403,"Condominium","Entire home/apt",4,2,2,2,"Real Bed","{TV,""Cable TV"",Internet,""Wireless Internet"",Kitchen,""Free Parking on Premises"",Heating,""Family/Kid Friendly"",Washer,Dryer,""Smoke Detector"",""Carbon Monoxide Detector"",""First Aid Kit"",Essentials,Shampoo,""24-Hour Check-in"",Hangers,""Hair Dryer"",Iron,""Laptop Friendly Workspace""}","$115.00","$35.00",2,100,10,NA,10,NA,NA,1.71,437
"242",5175631,"t","East Queen Anne",47.6423691725736,-122.344086447622,"Apartment","Entire home/apt",4,1.5,2,2,"Real Bed","{TV,Internet,""Wireless Internet"",Kitchen,""Free Parking on Premises"",""Indoor Fireplace"",Heating,Washer,Dryer,""Smoke Detector"",""Carbon Monoxide Detector"",""First Aid Kit"",""Fire Extinguisher"",Essentials,Shampoo}","$165.00","$55.00",26,98,10,10,10,10,10,2.57,386
"243",6315614,"f","East Queen Anne",47.6293876955458,-122.345924668672,"Apartment","Entire home/apt",4,1,1,2,"Real Bed","{TV,Internet,""Wireless Internet"",""Pets Allowed"",""Smoke Detector"",""Carbon Monoxide Detector""}","$109.00","",0,NA,NA,NA,NA,NA,NA,NA,437
"244",9134193,"f","East Queen Anne",47.6368550338699,-122.356873462237,"Apartment","Entire home/apt",2,1,0,1,"Real Bed","{TV,""Wireless Internet"",""Wheelchair Accessible"",Kitchen,""Free Parking on Premises"",""Pets Allowed"",Gym,""Elevator in Building"",""Buzzer/Wireless Intercom"",Heating,Washer,Dryer,""Smoke Detector"",Essentials,Shampoo,Hangers,""Hair Dryer"",Iron,""Laptop Friendly Workspace""}","$80.00","",1,100,10,10,10,10,10,1,328
"245",2481189,"t","East Queen Anne",47.6363028505642,-122.347827108667,"House","Entire home/apt",6,2,3,4,"Real Bed","{TV,Internet,""Wireless Internet"",Kitchen,""Free Parking on Premises"",""Indoor Fireplace"",Heating,""Family/Kid Friendly"",Washer,Dryer,""Smoke Detector"",""Carbon Monoxide Detector"",""Fire Extinguisher"",Shampoo}","$285.00","$150.00",53,96,10,10,10,9,10,2.41,398
"246",8535897,"f","East Queen Anne",47.6332140445307,-122.354939796971,"House","Private room",2,1,1,1,"Real Bed","{TV,""Cable TV"",Internet,""Wireless Internet"",""Pets live on this property"",Dog(s),Heating,""Family/Kid Friendly"",Dryer,""Smoke Detector"",""Carbon Monoxide Detector"",""First Aid Kit"",""Safety Card"",""Fire Extinguisher"",Essentials,Shampoo}","$80.00","$10.00",13,100,10,10,10,10,10,3.82,368
"247",9476826,"f","East Queen Anne",47.6294311046409,-122.345293725639,"Condominium","Private room",1,1,1,1,"Real Bed","{TV,""Wireless Internet"",Washer,Dryer,Essentials}","$75.00","",0,NA,NA,NA,NA,NA,NA,NA,441
"248",3144311,"f","East Queen Anne",47.637705845571,-122.343987763492,"Apartment","Entire home/apt",2,1,1,1,"Real Bed","{TV,""Cable TV"",Internet,""Wireless Internet"",Kitchen,""Pets Allowed"",""Elevator in Building"",""Hot Tub"",""Indoor Fireplace"",""Buzzer/Wireless Intercom"",Heating,Washer,Dryer,""Smoke Detector"",Essentials,Shampoo}","$68.00","$100.00",4,95,9,10,10,10,9,0.63,407
"249",9370007,"f","East Queen Anne",47.62917175156,-122.347478694306,"Apartment","Entire home/apt",2,1,1,1,"Real Bed","{TV,""Wireless Internet"",Kitchen,Heating,""Family/Kid Friendly"",Washer,Dryer,""Smoke Detector"",""Carbon Monoxide Detector"",""Fire Extinguisher"",Essentials,Shampoo,""24-Hour Check-in"",Hangers,""Hair Dryer"",Iron,""Laptop Friendly Workspace""}","$85.00","$60.00",0,NA,NA,NA,NA,NA,NA,NA,429
"250",6781308,"t","East Queen Anne",47.6421918567159,-122.346430337146,"Apartment","Entire home/apt",4,1,1,2,"Real Bed","{TV,""Cable TV"",Internet,""Wireless Internet"",""Wheelchair Accessible"",Kitchen,""Free Parking on Premises"",Gym,""Elevator in Building"",""Buzzer/Wireless Intercom"",Heating,""Family/Kid Friendly"",Washer,Dryer,""Smoke Detector"",""Fire Extinguisher"",Essentials,Shampoo}","$125.00","$55.00",32,97,10,10,10,9,10,4.68,390
"251",160222,"f","East Queen Anne",47.6403460622069,-122.34208824893,"Apartment","Entire home/apt",2,1,1,1,"Real Bed","{TV,""Cable TV"",""Wireless Internet"",Kitchen,""Free Parking on Premises"",Heating,Washer,Dryer,Essentials,Shampoo}","$110.00","$100.00",53,93,9,10,10,10,9,0.98,405
"252",4250367,"f","East Queen Anne",47.6290514654494,-122.350989312488,"House","Entire home/apt",7,4,3,3,"Real Bed","{TV,""Cable TV"",Internet,""Wireless Internet"",""Air Conditioning"",Kitchen,""Free Parking on Premises"",""Pets Allowed"",Breakfast,Heating,""Family/Kid Friendly"",""Suitable for Events"",Washer,Dryer,""Smoke Detector"",""Carbon Monoxide Detector"",""First Aid Kit"",""Safety Card"",""Fire Extinguisher"",Essentials,Shampoo}","$600.00","$175.00",8,100,10,10,10,10,10,0.53,411
"253",8755479,"f","East Queen Anne",47.6298343737372,-122.346872164977,"Apartment","Entire home/apt",4,2,2,2,"Real Bed","{Internet,""Wireless Internet"",Kitchen,""Pets Allowed"",""Pets live on this property"",Dog(s),Heating,""Family/Kid Friendly"",Washer,Dryer,""Smoke Detector"",""Carbon Monoxide Detector"",""Fire Extinguisher"",Essentials,Shampoo}","$235.00","$45.00",2,100,10,9,10,10,9,0.71,436
"254",8829156,"f","East Queen Anne",47.6405155257972,-122.344504027271,"Apartment","Entire home/apt",4,1,1,2,"Real Bed","{TV,""Cable TV"",Internet,""Wireless Internet"",Kitchen,Gym,""Elevator in Building"",""Buzzer/Wireless Intercom"",Heating,""Family/Kid Friendly"",Washer,Dryer,""Smoke Detector"",""Carbon Monoxide Detector"",Essentials,Shampoo}","$75.00","$20.00",7,100,10,10,10,10,10,2.66,396
"255",5126077,"f","East Queen Anne",47.6300039730204,-122.345120252106,"Apartment","Private room",2,1,1,1,"Real Bed","{Internet,""Wireless Internet"",Kitchen,""Free Parking on Premises"",""Pets Allowed"",""Pets live on this property"",Dog(s),""Indoor Fireplace"",Heating,""Family/Kid Friendly"",Washer,Dryer,""Smoke Detector"",""Carbon Monoxide Detector"",""Fire Extinguisher"",Essentials,Shampoo,""24-Hour Check-in"",Hangers,""Hair Dryer"",""Laptop Friendly Workspace""}","$95.00","$25.00",1,80,10,10,10,8,6,0.34,444
"256",6108796,"f","East Queen Anne",47.6410395770641,-122.344403793211,"Apartment","Entire home/apt",4,1,1,2,"Real Bed","{TV,""Cable TV"",Internet,""Wireless Internet"",Kitchen,""Free Parking on Premises"",Gym,""Elevator in Building"",Heating,""Family/Kid Friendly"",Washer,Dryer,""Smoke Detector"",""Carbon Monoxide Detector"",""First Aid Kit"",""Safety Card"",""Fire Extinguisher"",Essentials,Shampoo,""24-Hour Check-in"",Hangers,""Hair Dryer"",Iron,""Laptop Friendly Workspace""}","$103.00","$60.00",49,95,10,10,10,9,9,5.81,396
"257",2692126,"f","East Queen Anne",47.6311124157723,-122.343964246193,"Apartment","Entire home/apt",2,1,1,1,"Real Bed","{TV,Internet,""Wireless Internet"",Kitchen,""Free Parking on Premises"",Heating,Washer,Dryer,""Smoke Detector"",""Carbon Monoxide Detector"",Essentials,Shampoo}","$120.00","$60.00",59,98,10,10,10,9,10,3.45,448
"258",6882211,"f","East Queen Anne",47.6404680379541,-122.355763744871,"House","Entire home/apt",2,1,1,1,"Real Bed","{TV,Internet,""Wireless Internet"",Kitchen,""Free Parking on Premises"",""Pets live on this property"",Dog(s),Heating,Washer,Dryer,""Smoke Detector"",""Carbon Monoxide Detector"",""First Aid Kit"",""Fire Extinguisher"",Essentials,""24-Hour Check-in"",Hangers}","$95.00","$50.00",0,NA,NA,NA,NA,NA,NA,NA,327
"259",9573675,"f","East Queen Anne",47.6395389155846,-122.344847508294,"Apartment","Entire home/apt",5,2.5,2,2,"Real Bed","{TV,Internet,""Wireless Internet"",""Air Conditioning"",Kitchen,""Free Parking on Premises"",""Hot Tub"",""Indoor Fireplace"",""Buzzer/Wireless Intercom"",Heating,Washer,Dryer,""Smoke Detector"",""Carbon Monoxide Detector"",""Fire Extinguisher"",Essentials,Iron,""Laptop Friendly Workspace""}","$143.00","$100.00",0,NA,NA,NA,NA,NA,NA,NA,395
"260",3544953,"t","East Queen Anne",47.6407111127444,-122.346317929582,"Apartment","Private room",2,1,1,1,"Real Bed","{TV,Internet,""Wireless Internet"",""Wheelchair Accessible"",Kitchen,""Elevator in Building"",""Buzzer/Wireless Intercom"",Heating,Washer,Dryer,Essentials,Shampoo}","$99.00","$20.00",18,97,10,10,10,10,10,1.02,390
"261",2020505,"t","East Queen Anne",47.64145197176,-122.352884814609,"House","Entire home/apt",2,1,1,1,"Real Bed","{TV,""Cable TV"",Internet,""Wireless Internet"",""Free Parking on Premises"",Breakfast,Heating,Washer,Dryer,""Smoke Detector"",""Carbon Monoxide Detector"",""Fire Extinguisher"",Essentials}","$142.00","$40.00",63,99,10,10,10,10,10,2.76,354
"262",5580457,"f","East Queen Anne",47.6438748274146,-122.346144330375,"Apartment","Entire home/apt",2,1,1,2,"Real Bed","{TV,""Cable TV"",Internet,""Wireless Internet"",Kitchen,""Free Parking on Premises"",""Pets Allowed"",Gym,""Pets live on this property"",Dog(s),""Elevator in Building"",""Indoor Fireplace"",""Buzzer/Wireless Intercom"",Heating,Washer,Dryer,""Smoke Detector"",""Carbon Monoxide Detector"",Essentials,Shampoo,""24-Hour Check-in"",""Hair Dryer"",Iron,""Laptop Friendly Workspace""}","$150.00","$25.00",16,93,10,9,10,9,9,1.7,372
"263",1495271,"f","East Queen Anne",47.6391146790346,-122.354298623715,"House","Entire home/apt",6,2,3,3,"Real Bed","{TV,""Wireless Internet"",Kitchen,Heating,Washer,Dryer}","$295.00","$110.00",4,95,10,10,10,10,9,0.14,351
"264",8455865,"f","East Queen Anne",47.6403233248524,-122.349386281241,"House","Entire home/apt",6,3.5,4,4,"Real Bed","{TV,""Cable TV"",Internet,""Wireless Internet"",Kitchen,""Free Parking on Premises"",Heating,""Family/Kid Friendly"",""Suitable for Events"",Washer,Dryer,""Smoke Detector"",""Carbon Monoxide Detector"",""Fire Extinguisher"",Essentials,Shampoo,""24-Hour Check-in"",Hangers,""Hair Dryer"",Iron,""Laptop Friendly Workspace""}","$335.00","$125.00",3,100,10,10,10,10,10,1.07,382
"265",9679300,"f","East Queen Anne",47.6296374324005,-122.356169103457,"Apartment","Private room",2,1,1,1,"Real Bed","{}","$60.00","",0,NA,NA,NA,NA,NA,NA,NA,393
"266",6065566,"f","East Queen Anne",47.6370375885167,-122.353111033625,"House","Entire home/apt",6,1.5,3,3,"Real Bed","{TV,Internet,""Wireless Internet"",Kitchen,""Indoor Fireplace"",Heating,""Family/Kid Friendly"",Washer,Dryer,""Smoke Detector"",""Carbon Monoxide Detector"",""First Aid Kit"",""Fire Extinguisher"",Essentials,Shampoo}","$250.00","$75.00",2,100,9,10,10,10,10,0.37,365
"267",4645208,"t","East Queen Anne",47.6339491196019,-122.349691134113,"House","Entire home/apt",8,3,4,5,"Real Bed","{TV,""Cable TV"",""Wireless Internet"",Kitchen,""Free Parking on Premises"",""Pets Allowed"",""Pets live on this property"",Dog(s),Heating,""Family/Kid Friendly"",""Smoke Detector"",""Carbon Monoxide Detector"",""First Aid Kit"",Essentials,Shampoo}","$499.00","$200.00",14,99,10,10,10,10,10,1.57,402
"268",6115807,"f","East Queen Anne",47.6378675168063,-122.353064497409,"House","Entire home/apt",8,2,3,4,"Real Bed","{TV,""Cable TV"",Internet,""Wireless Internet"",Kitchen,""Free Parking on Premises"",""Indoor Fireplace"",Heating,""Family/Kid Friendly"",Washer,Dryer,""Smoke Detector"",""Carbon Monoxide Detector"",""Fire Extinguisher"",Essentials,Shampoo,""24-Hour Check-in"",Hangers,""Hair Dryer"",Iron,""Laptop Friendly Workspace""}","$350.00","$155.00",9,96,10,10,10,10,10,1.53,362
"269",7091397,"f","East Queen Anne",47.6373655271738,-122.352343977917,"Bungalow","Entire home/apt",3,1,1,2,"Real Bed","{TV,""Cable TV"",Internet,""Wireless Internet"",""Air Conditioning"",Kitchen,""Free Parking on Premises"",Gym,""Pets live on this property"",Cat(s),Heating,""Family/Kid Friendly"",""Smoke Detector"",""Carbon Monoxide Detector"",Essentials}","$156.00","$25.00",11,98,10,10,10,10,10,1.98,366
"270",6134153,"f","East Queen Anne",47.6378475375646,-122.353586890211,"Apartment","Entire home/apt",4,1,2,3,"Real Bed","{TV,""Cable TV"",Internet,""Wireless Internet"",Kitchen,""Free Parking on Premises"",Heating,""Family/Kid Friendly"",Washer,Dryer,""Smoke Detector"",""Carbon Monoxide Detector"",""Fire Extinguisher"",Essentials,Shampoo,""24-Hour Check-in"",Hangers,""Hair Dryer"",Iron,""Laptop Friendly Workspace""}","$200.00","$111.00",11,91,9,10,10,10,9,1.67,360
"271",7763878,"f","East Queen Anne",47.6318006569406,-122.355997656813,"Apartment","Entire home/apt",4,2,2,2,"Real Bed","{TV,Internet,""Wireless Internet"",""Wheelchair Accessible"",Kitchen,""Elevator in Building"",Heating,""Family/Kid Friendly"",Washer,Dryer,""Smoke Detector"",""Fire Extinguisher"",Shampoo}","$180.00","$30.00",1,100,10,10,10,10,10,0.24,376
"272",8088447,"f","East Queen Anne",47.638313716234,-122.342931209799,"Apartment","Entire home/apt",3,1,1,1,"Real Bed","{Internet,""Wireless Internet"",Kitchen,""Buzzer/Wireless Intercom"",Heating,Washer,Dryer,""Smoke Detector"",""Carbon Monoxide Detector"",""First Aid Kit"",""Safety Card"",""Fire Extinguisher"",Essentials,Shampoo}","$103.00","",1,100,10,10,10,10,10,0.53,407
"273",3418349,"f","East Queen Anne",47.628336410983,-122.346333518178,"Apartment","Entire home/apt",2,1,1,1,"Real Bed","{TV,Internet,""Wireless Internet"",Kitchen,""Free Parking on Premises"",Heating,Washer,Dryer,""Smoke Detector"",Essentials,Shampoo}","$99.00","",115,94,9,10,10,10,9,6.39,439
"274",9199982,"f","East Queen Anne",47.6400788918683,-122.345241526187,"Apartment","Entire home/apt",3,1,1,1,"Real Bed","{Kitchen,Gym,""Elevator in Building"",""Hot Tub"",""Buzzer/Wireless Intercom"",Heating,""Family/Kid Friendly"",Washer,Dryer,""Smoke Detector"",""Carbon Monoxide Detector"",Essentials,Shampoo,""24-Hour Check-in"",Hangers}","$94.00","$40.00",6,87,9,9,10,8,9,4.19,397
"275",6400000,"f","East Queen Anne",47.638925421559,-122.356288232385,"Apartment","Entire home/apt",4,1,1,1,"Real Bed","{TV,""Cable TV"",Internet,""Wireless Internet"",Kitchen,""Free Parking on Premises"",Heating,""Family/Kid Friendly"",Washer,Dryer,""Smoke Detector"",""Carbon Monoxide Detector"",""Fire Extinguisher"",Essentials,Shampoo,""24-Hour Check-in"",Hangers,""Hair Dryer"",Iron,""Laptop Friendly Workspace""}","$160.00","$72.00",10,92,10,10,10,10,9,1.46,327
"276",6776229,"t","East Queen Anne",47.640017463211,-122.345129625762,"Apartment","Entire home/apt",4,1,1,2,"Real Bed","{TV,""Cable TV"",Internet,""Wireless Internet"",""Wheelchair Accessible"",Kitchen,""Free Parking on Premises"",Gym,""Elevator in Building"",""Buzzer/Wireless Intercom"",Heating,""Family/Kid Friendly"",Washer,Dryer,""Smoke Detector"",""Fire Extinguisher"",Essentials,Shampoo}","$129.00","$60.00",21,96,10,10,10,9,10,4.88,396
"277",7627794,"f","East Queen Anne",47.6387904285113,-122.341579005168,"Loft","Entire home/apt",4,1,1,2,"Real Bed","{TV,""Wireless Internet"",""Air Conditioning"",Kitchen,""Free Parking on Premises"",""Hot Tub"",Heating,Washer,Dryer,""Smoke Detector"",""Fire Extinguisher"",Essentials,Shampoo,Hangers,""Hair Dryer"",""Laptop Friendly Workspace""}","$219.00","$90.00",5,96,10,10,10,10,10,1.01,411
"278",8374102,"f","East Queen Anne",47.6291953071005,-122.348034488371,"Apartment","Entire home/apt",4,1,1,1,"Real Bed","{TV,""Wireless Internet"",Kitchen,Heating,""Family/Kid Friendly"",Washer,Dryer,""Smoke Detector"",""Carbon Monoxide Detector"",""First Aid Kit"",""Fire Extinguisher"",Essentials,Shampoo,""24-Hour Check-in"",Hangers,""Hair Dryer"",Iron,""Laptop Friendly Workspace""}","$91.00","$60.00",5,92,9,10,10,9,9,1.42,428
"279",6316934,"f","East Queen Anne",47.6393371016269,-122.344291370323,"Apartment","Entire home/apt",4,1,1,2,"Real Bed","{TV,""Cable TV"",Internet,""Wireless Internet"",Kitchen,""Free Parking on Premises"",Heating,""Family/Kid Friendly"",Washer,Dryer,""Smoke Detector"",""Carbon Monoxide Detector"",""First Aid Kit"",""Fire Extinguisher"",Essentials,Shampoo,""24-Hour Check-in"",""Hair Dryer"",Iron,""Laptop Friendly Workspace""}","$75.00","$60.00",53,95,10,10,10,9,10,6.82,400
"280",1820794,"t","East Queen Anne",47.6303329213174,-122.347626924165,"Apartment","Entire home/apt",2,1,0,1,"Real Bed","{TV,""Cable TV"",""Wireless Internet"",Kitchen,""Pets Allowed"",""Pets live on this property"",Cat(s),Heating,Washer,Dryer,""Smoke Detector"",""Carbon Monoxide Detector"",""Fire Extinguisher"",Essentials,Shampoo}","$99.00","",106,99,10,10,10,10,10,4.37,432
"281",314180,"t","Wallingford",47.6538610120419,-122.338496520996,"House","Entire home/apt",5,1.5,3,3,"Real Bed","{TV,Internet,""Wireless Internet"",Kitchen,""Free Parking on Premises"",Heating,""Family/Kid Friendly"",Washer,Dryer,""Smoke Detector"",Shampoo}","$300.00","$95.00",24,100,9,10,10,10,10,0.51,284
"282",8670079,"f","Wallingford",47.6677299917318,-122.326872700124,"House","Entire home/apt",5,2,3,3,"Real Bed","{TV,Internet,""Wireless Internet"",Kitchen,""Free Parking on Premises"",""Indoor Fireplace"",Heating,""Family/Kid Friendly"",Washer,Dryer,""Smoke Detector"",""Carbon Monoxide Detector"",""First Aid Kit"",""Safety Card"",""Fire Extinguisher"",Essentials}","$150.00","$100.00",0,NA,NA,NA,NA,NA,NA,NA,219
"283",4868135,"f","Wallingford",47.6614406534333,-122.343952961867,"Apartment","Entire home/apt",6,1,2,3,"Real Bed","{TV,""Cable TV"",Internet,""Wireless Internet"",""Air Conditioning"",Pool,Kitchen,""Free Parking on Premises"",Heating,""Family/Kid Friendly"",Washer,Dryer,""Smoke Detector"",""Fire Extinguisher"",Essentials,Shampoo}","$149.00","$105.00",11,96,10,9,9,10,9,0.89,245
"284",5336585,"f","Wallingford",47.661669033175,-122.333743062361,"Loft","Entire home/apt",2,1,0,1,"Real Bed","{Internet,Kitchen,""Smoking Allowed"",""Pets Allowed"",""Pets live on this property"",Dog(s),Cat(s),""Other pet(s)"",Washer,Dryer,""Smoke Detector"",""Carbon Monoxide Detector"",Essentials}","$75.00","",1,NA,NA,NA,NA,NA,NA,0.1,247
"285",1427103,"f","Wallingford",47.653172159612,-122.337299389304,"Apartment","Entire home/apt",3,1,1,2,"Real Bed","{""Wireless Internet"",Kitchen,""Free Parking on Premises"",Heating,""Family/Kid Friendly"",""Smoke Detector"",""Carbon Monoxide Detector"",""First Aid Kit"",""Fire Extinguisher"",Essentials,Shampoo,""24-Hour Check-in"",Hangers,""Hair Dryer"",Iron,""Laptop Friendly Workspace""}","$95.00","$40.00",79,95,10,10,10,10,9,2.78,282
"286",3518808,"f","Wallingford",47.664586644814,-122.33305766787,"Apartment","Entire home/apt",2,1,1,1,"Real Bed","{TV,""Cable TV"",Internet,""Wireless Internet"",Kitchen,Heating,Washer,Dryer,""Smoke Detector"",""Carbon Monoxide Detector"",""First Aid Kit"",""Fire Extinguisher"",Essentials,Shampoo}","$100.00","",52,97,10,10,10,10,10,3.18,243
"287",8995844,"f","Wallingford",47.6640709841764,-122.335379362027,"House","Entire home/apt",6,2,3,2,"Real Bed","{TV,""Cable TV"",Internet,""Wireless Internet"",Kitchen,""Free Parking on Premises"",""Indoor Fireplace"",Heating,""Family/Kid Friendly"",Washer,Dryer,""Smoke Detector"",""First Aid Kit"",""Fire Extinguisher"",Essentials,Shampoo}","$250.00","",1,100,10,10,10,10,10,0.81,242
"288",356566,"t","Wallingford",47.6538985573215,-122.338069193934,"House","Private room",2,2,1,1,"Real Bed","{TV,Internet,""Wireless Internet"",Kitchen,""Free Parking on Premises"",""Pets live on this property"",Dog(s),Heating,Washer,Dryer,""Smoke Detector"",""First Aid Kit"",Shampoo}","$105.00","$50.00",13,100,10,10,10,10,10,0.28,286
"289",6466388,"f","Wallingford",47.6709493906751,-122.324740467364,"House","Private room",2,1,1,1,"Real Bed","{TV,Internet,""Wireless Internet"",Kitchen,""Free Parking on Premises"",""Pets live on this property"",""Indoor Fireplace"",Heating,Washer,Dryer,""Smoke Detector"",""Carbon Monoxide Detector"",""First Aid Kit"",""Fire Extinguisher"",Essentials,Shampoo}","$74.00","$15.00",20,87,9,9,9,10,8,2.86,219
"290",4531944,"t","Wallingford",47.6661827355946,-122.334610631694,"House","Entire home/apt",2,1,1,1,"Real Bed","{""Cable TV"",""Wireless Internet"",""Air Conditioning"",Kitchen,Heating,""Smoke Detector"",""Carbon Monoxide Detector"",Essentials,Shampoo,""24-Hour Check-in"",Hangers,""Hair Dryer"",Iron,""Laptop Friendly Workspace""}","$140.00","$65.00",30,99,10,10,10,10,10,2.29,242
"291",6686072,"t","Wallingford",47.671502632801,-122.327890640191,"Apartment","Entire home/apt",4,1,1,1,"Real Bed","{TV,""Cable TV"",Internet,""Wireless Internet"",""Air Conditioning"",Kitchen,""Free Parking on Premises"",Heating,""Family/Kid Friendly"",Washer,Dryer,""Smoke Detector"",""Fire Extinguisher"",Essentials,Shampoo}","$130.00","$50.00",14,97,10,10,10,10,9,2.3,221
"292",4384343,"f","Wallingford",47.6654674331831,-122.323573729329,"Apartment","Entire home/apt",2,1,1,1,"Real Bed","{TV,""Cable TV"",Internet,""Wireless Internet"",Kitchen,Heating,Washer,Dryer,""Smoke Detector"",""Carbon Monoxide Detector"",Essentials,Shampoo,""24-Hour Check-in"",Hangers,""Hair Dryer"",Iron,""Laptop Friendly Workspace""}","$110.00","$40.00",27,96,10,10,10,10,10,1.88,218
"293",7900056,"f","Wallingford",47.666984901253,-122.339402178766,"House","Entire home/apt",8,2,4,4,"Real Bed","{TV,""Wireless Internet"",Kitchen,""Free Parking on Premises"",Heating,""Family/Kid Friendly"",Washer,Dryer,""Smoke Detector"",""Carbon Monoxide Detector"",""First Aid Kit"",""Safety Card"",""Fire Extinguisher"",Essentials,Shampoo,""24-Hour Check-in"",Hangers,""Hair Dryer"",Iron,""Laptop Friendly Workspace""}","$199.00","$160.00",5,84,8,9,8,9,9,1.42,243
"294",6378563,"f","Wallingford",47.653738052661,-122.338980233423,"House","Entire home/apt",6,1.5,2,3,"Real Bed","{TV,""Cable TV"",Internet,""Wireless Internet"",""Air Conditioning"",Kitchen,""Pets Allowed"",Heating,""Family/Kid Friendly"",Washer,Dryer,""Smoke Detector"",""Carbon Monoxide Detector"",""First Aid Kit"",""Fire Extinguisher"",Essentials,Shampoo}","$209.00","$95.00",5,96,10,10,10,10,10,0.67,286
"295",5630783,"t","Wallingford",47.6689567909942,-122.337782547129,"House","Entire home/apt",4,1,0,2,"Real Bed","{TV,Internet,""Wireless Internet"",Kitchen,Heating,""Family/Kid Friendly"",""Smoke Detector"",""Carbon Monoxide Detector"",Essentials}","$100.00","$50.00",28,97,10,10,10,10,10,2.92,240
"296",340706,"f","Wallingford",47.6558849376741,-122.332135968855,"Apartment","Entire home/apt",4,1,1,1,"Real Bed","{TV,Internet,""Wireless Internet"",Kitchen,""Free Parking on Premises"",""Pets live on this property"",Cat(s),""Other pet(s)"",Heating,""Family/Kid Friendly"",Washer,Dryer,""Smoke Detector"",""Carbon Monoxide Detector"",""Fire Extinguisher"",Essentials,Shampoo,""24-Hour Check-in"",Hangers,""Hair Dryer"",Iron,""Laptop Friendly Workspace""}","$110.00","$30.00",97,96,10,10,10,10,10,2.09,248
"297",6202214,"f","Wallingford",47.6516361893675,-122.338621819448,"Apartment","Entire home/apt",2,1,1,2,"Real Bed","{TV,""Cable TV"",""Wireless Internet"",Kitchen,""Free Parking on Premises"",""Pets live on this property"",Cat(s),Heating,""Family/Kid Friendly"",Washer,Dryer,""Smoke Detector"",""Carbon Monoxide Detector"",""First Aid Kit"",""Safety Card"",""Fire Extinguisher"",Essentials,Shampoo}","$104.00","$50.00",15,96,10,10,10,10,10,1.97,297
"298",1030411,"f","Wallingford",47.6654020311721,-122.339386916773,"House","Entire home/apt",4,2,2,2,"Real Bed","{Internet,""Wireless Internet"",Kitchen,""Free Parking on Premises"",""Pets live on this property"",Cat(s),Heating,""Family/Kid Friendly"",Washer,Dryer,""Smoke Detector"",""Carbon Monoxide Detector"",""First Aid Kit"",Essentials}","$200.00","$100.00",3,100,10,9,10,10,10,0.16,249
"299",7922373,"f","Wallingford",47.6536162526369,-122.332559749684,"House","Entire home/apt",4,1,0,2,"Real Bed","{""Cable TV"",Internet,""Wireless Internet"",Kitchen,""Free Parking on Premises"",Heating,""Family/Kid Friendly"",""Smoke Detector"",""Carbon Monoxide Detector"",""Fire Extinguisher"",Shampoo}","$99.00","$35.00",1,100,10,10,10,10,10,0.81,273
"300",6156470,"t","Wallingford",47.6647442181698,-122.338173768648,"House","Private room",2,1,1,1,"Real Bed","{TV,Internet,""Wireless Internet"",Kitchen,""Free Parking on Premises"",""Smoking Allowed"",""Pets Allowed"",""Pets live on this property"",Dog(s),Heating,Washer,Dryer,""Smoke Detector"",""Carbon Monoxide Detector"",""First Aid Kit"",""Fire Extinguisher"",Essentials,Shampoo}","$90.00","$13.00",43,97,10,10,10,10,10,5.71,247
"301",2994309,"t","Wallingford",47.6658556433007,-122.322690670373,"Apartment","Entire home/apt",6,1,2,3,"Real Bed","{TV,""Cable TV"",Internet,""Wireless Internet"",Kitchen,""Free Parking on Premises"",""Pets live on this property"",Cat(s),Heating,""Family/Kid Friendly"",Washer,Dryer,""Smoke Detector"",Essentials,Shampoo}","$135.00","$30.00",71,97,10,10,10,9,10,3.6,214
"302",1594328,"f","Wallingford",47.6563551517377,-122.338103722511,"House","Entire home/apt",6,1,2,3,"Real Bed","{Internet,""Wireless Internet"",Kitchen,""Free Parking on Premises"",""Indoor Fireplace"",Heating,""Family/Kid Friendly"",""Smoke Detector"",""Carbon Monoxide Detector"",""First Aid Kit"",""Fire Extinguisher"",Essentials,Shampoo,Hangers,""Hair Dryer"",Iron,""Laptop Friendly Workspace""}","$122.00","$50.00",9,96,10,10,10,10,10,0.32,267
"303",8072920,"f","Wallingford",47.6601466820519,-122.341530267944,"Apartment","Entire home/apt",2,1,0,1,"Real Bed","{TV,""Wireless Internet"",Kitchen,""Free Parking on Premises"",Heating,Washer,Dryer,""Smoke Detector"",""Carbon Monoxide Detector"",""Fire Extinguisher"",Essentials}","$80.00","$40.00",3,93,10,10,10,10,10,0.87,245
"304",6915487,"f","Wallingford",47.6669201460153,-122.338794161484,"House","Entire home/apt",4,1,2,2,"Real Bed","{""Cable TV"",""Wireless Internet"",Kitchen,Heating,""Family/Kid Friendly"",Washer,Dryer,""Smoke Detector"",""Carbon Monoxide Detector"",""First Aid Kit"",""Safety Card"",""Fire Extinguisher"",Essentials,Shampoo}","$158.00","$65.00",1,80,10,4,6,10,8,0.25,242
"305",6202603,"f","Wallingford",47.6515861757411,-122.339902706247,"Apartment","Entire home/apt",4,1,1,1,"Real Bed","{TV,""Wireless Internet"",""Wheelchair Accessible"",Kitchen,Heating,Washer,Dryer,""Smoke Detector"",Shampoo}","$90.00","$10.00",11,92,9,10,10,10,9,1.39,303
"306",5286781,"f","Wallingford",47.6559552940055,-122.332155398043,"Apartment","Entire home/apt",3,1,1,2,"Real Bed","{""Wireless Internet"",Kitchen,""Free Parking on Premises"",Heating,""Family/Kid Friendly"",""Smoke Detector"",""Carbon Monoxide Detector"",""Fire Extinguisher"",Essentials,Shampoo}","$100.00","",1,100,10,10,10,10,10,0.53,248
"307",2818420,"f","Wallingford",47.659911781579,-122.337686055539,"House","Entire home/apt",4,1,1,2,"Real Bed","{TV,""Wireless Internet"",Kitchen,Heating,""Family/Kid Friendly"",Washer,Dryer,""Smoke Detector"",""Carbon Monoxide Detector"",""Safety Card"",Essentials}","$89.00","$90.00",4,95,10,10,10,10,10,0.23,242
"308",3739681,"f","Wallingford",47.6610315906086,-122.335164071662,"House","Entire home/apt",4,1,2,2,"Real Bed","{TV,""Cable TV"",Internet,""Wireless Internet"",Kitchen,""Free Parking on Premises"",""Pets Allowed"",Heating,""Family/Kid Friendly"",Washer,Dryer,""Smoke Detector""}","$125.00","$50.00",12,93,9,10,10,10,9,0.69,246
"309",7922063,"f","Wallingford",47.6683631215144,-122.338886941461,"Apartment","Shared room",2,1,1,1,"Airbed","{""Wireless Internet"",Kitchen,""Free Parking on Premises"",Heating,Washer,Dryer}","$42.00","",1,100,10,10,10,10,10,0.22,243
"310",611509,"t","Wallingford",47.6636953872074,-122.336225180991,"House","Private room",2,1,1,1,"Real Bed","{TV,Internet,""Wireless Internet"",""Air Conditioning"",Kitchen,""Pets live on this property"",Cat(s),""Indoor Fireplace"",Heating,Washer,Dryer,""Smoke Detector"",""Carbon Monoxide Detector"",""Fire Extinguisher"",Essentials,Shampoo}","$65.00","$40.00",61,97,9,10,10,10,10,1.49,245
"311",1802663,"f","Wallingford",47.6561190607806,-122.339031530179,"House","Entire home/apt",4,1,1,2,"Real Bed","{TV,Internet,""Wireless Internet"",Kitchen,""Pets live on this property"",Dog(s),""Hot Tub"",Heating,""Family/Kid Friendly"",""Smoke Detector"",""Carbon Monoxide Detector"",""First Aid Kit"",""Safety Card"",""Fire Extinguisher"",Essentials,Shampoo,Hangers,""Hair Dryer"",Iron,""Laptop Friendly Workspace""}","$100.00","$40.00",49,94,10,10,10,10,9,1.83,269
"312",9797545,"f","Wallingford",47.6612829477127,-122.32683595803,"House","Private room",1,1,1,1,"Real Bed","{Internet,""Wireless Internet"",Kitchen,""Free Parking on Premises"",""Indoor Fireplace"",""Buzzer/Wireless Intercom"",Heating,Washer,Dryer,""Smoke Detector"",""First Aid Kit"",Essentials,""24-Hour Check-in"",Hangers,""Hair Dryer"",Iron,""Laptop Friendly Workspace""}","$40.00","$15.00",0,NA,NA,NA,NA,NA,NA,NA,218
"313",9241055,"f","Wallingford",47.6610731250929,-122.333498101165,"House","Entire home/apt",6,1,3,3,"Real Bed","{TV,""Cable TV"",Internet,""Wireless Internet"",Kitchen,""Free Parking on Premises"",""Pets live on this property"",Dog(s),Heating,""Family/Kid Friendly"",Washer,Dryer,""Smoke Detector"",""Carbon Monoxide Detector"",""First Aid Kit"",Essentials,Shampoo,""24-Hour Check-in"",Hangers,""Hair Dryer"",Iron,""Laptop Friendly Workspace""}","$185.00","",0,NA,NA,NA,NA,NA,NA,NA,241
"314",9294832,"f","Wallingford",47.6698022429967,-122.33853950847,"Apartment","Private room",2,1,1,2,"Real Bed","{TV,""Wireless Internet"",Kitchen,""Free Parking on Premises"",""Pets live on this property"",Heating,Washer,Dryer,""Smoke Detector"",""Carbon Monoxide Detector"",""First Aid Kit"",Essentials,Shampoo,""24-Hour Check-in"",Hangers}","$40.00","$35.00",4,95,10,10,10,10,10,3.16,241
"315",8643209,"f","Wallingford",47.6558966497027,-122.326534640936,"Apartment","Private room",2,1.5,1,1,"Real Bed","{TV,""Wireless Internet"",Kitchen,""Smoking Allowed"",Heating,Washer,Dryer,""Smoke Detector"",""First Aid Kit"",Essentials}","$70.00","$20.00",4,100,10,10,10,10,10,1.35,231
"316",7258811,"f","Wallingford",47.6508583767503,-122.331337787077,"House","Shared room",1,1,1,1,"Real Bed","{Internet,""Wireless Internet"",Kitchen,Heating,Washer,Dryer,""Smoke Detector"",""Carbon Monoxide Detector"",""First Aid Kit"",Essentials}","$40.00","$35.00",0,NA,NA,NA,NA,NA,NA,NA,282
"317",10265391,"f","Wallingford",47.6615033863742,-122.33425704669,"Apartment","Entire home/apt",2,1,1,1,"Real Bed","{}","$70.00","",0,NA,NA,NA,NA,NA,NA,NA,245
"318",132120,"f","Wallingford",47.6692278093937,-122.335173722518,"Apartment","Entire home/apt",4,1,1,1,"Real Bed","{""Cable TV"",Internet,""Wireless Internet"",Kitchen,""Pets live on this property"",Dog(s),Heating,""Family/Kid Friendly"",Washer,Dryer,""Smoke Detector""}","$110.00","$40.00",35,94,9,10,10,10,10,0.63,237
"319",6343866,"t","Wallingford",47.6641474543207,-122.334249537218,"Apartment","Entire home/apt",4,1,2,3,"Real Bed","{TV,Internet,""Wireless Internet"",""Air Conditioning"",Heating,""Family/Kid Friendly"",Washer,Dryer,""Smoke Detector"",""Carbon Monoxide Detector"",Essentials}","$99.00","$100.00",10,96,10,10,10,10,9,1.46,242
"320",3066740,"f","Wallingford",47.6485721745071,-122.340759108154,"Boat","Entire home/apt",6,3,3,3,"Real Bed","{TV,""Cable TV"",""Air Conditioning"",Kitchen,""Free Parking on Premises"",Heating,""Suitable for Events"",Dryer,""First Aid Kit"",""Fire Extinguisher"",Essentials}","$680.00","$275.00",6,100,10,10,10,10,9,0.89,322
"321",4130112,"f","Wallingford",47.6570709785138,-122.323880105495,"House","Entire home/apt",6,1.5,3,4,"Real Bed","{""Wireless Internet"",Kitchen,""Free Parking on Premises"",""Pets Allowed"",""Hot Tub"",Heating,""Family/Kid Friendly"",Washer,Dryer,""Smoke Detector"",""Carbon Monoxide Detector"",""First Aid Kit"",""Fire Extinguisher"",Essentials,Shampoo}","$195.00","$75.00",2,100,8,10,10,8,10,0.13,218
"322",4026757,"t","Wallingford",47.667350936119,-122.339922799979,"House","Private room",2,2,1,1,"Real Bed","{Internet,""Wireless Internet"",Kitchen,""Free Parking on Premises"",""Pets live on this property"",Cat(s),Heating,""Family/Kid Friendly"",Washer,Dryer,""Smoke Detector"",""Carbon Monoxide Detector"",""First Aid Kit"",""Fire Extinguisher"",Essentials,Shampoo}","$55.00","$25.00",86,97,10,10,10,10,10,5.38,242
"323",9545281,"f","Wallingford",47.6624317565193,-122.34679235102,"Apartment","Entire home/apt",2,1,1,1,"Futon","{Kitchen,""Free Parking on Premises"",""Smoking Allowed"",Heating,""Smoke Detector"",""First Aid Kit"",""Safety Card"",""Fire Extinguisher"",Essentials,""24-Hour Check-in"",""Hair Dryer""}","$90.00","",0,NA,NA,NA,NA,NA,NA,NA,244
"324",3294804,"f","Wallingford",47.6508909185423,-122.333534419216,"Apartment","Entire home/apt",4,1,1,1,"Real Bed","{TV,Internet,""Wireless Internet"",Kitchen,""Hot Tub"",Heating,""Smoke Detector"",""Carbon Monoxide Detector"",Essentials}","$119.00","$50.00",17,92,10,10,10,10,9,0.9,286
"325",4122325,"t","Wallingford",47.67206214826,-122.324928263551,"House","Entire home/apt",5,2,3,3,"Real Bed","{TV,""Cable TV"",Internet,""Wireless Internet"",Kitchen,""Free Parking on Premises"",""Pets live on this property"",Dog(s),""Indoor Fireplace"",Heating,""Family/Kid Friendly"",Washer,Dryer,""Smoke Detector"",""Carbon Monoxide Detector"",""First Aid Kit"",""Fire Extinguisher"",Essentials,Shampoo}","$175.00","",26,99,10,10,10,10,10,1.79,221
"326",8308353,"t","Wallingford",47.6521597599244,-122.339430118023,"House","Private room",2,1,1,1,"Real Bed","{Internet,""Wireless Internet"",Kitchen,""Pets live on this property"",Cat(s),Heating,""Smoke Detector"",""Carbon Monoxide Detector"",""First Aid Kit"",""Fire Extinguisher"",Essentials,Shampoo,""24-Hour Check-in"",Hangers,""Hair Dryer"",Iron,""Laptop Friendly Workspace""}","$65.00","",7,100,10,10,10,10,10,1.86,298
"327",7226013,"f","Wallingford",47.6622893979063,-122.346090051608,"Apartment","Private room",2,1,1,1,"Futon","{""Wireless Internet"",Kitchen,""Free Parking on Premises"",Breakfast,""Pets live on this property"",Dog(s),""Indoor Fireplace"",Washer,Dryer,""Smoke Detector"",""Carbon Monoxide Detector"",""First Aid Kit"",""Fire Extinguisher"",Essentials,Shampoo}","$75.00","",11,93,9,10,10,9,9,1.85,244
"328",5761290,"f","Wallingford",47.6666893908514,-122.339271204057,"House","Entire home/apt",4,1,2,2,"Real Bed","{""Cable TV"",""Wireless Internet"",Kitchen,Heating,""Family/Kid Friendly"",Washer,Dryer,""Smoke Detector"",""Carbon Monoxide Detector"",""First Aid Kit"",""Fire Extinguisher"",Essentials}","$126.00","$65.00",12,95,10,9,10,9,10,1.82,244
"329",182716,"f","Wallingford",47.6666711035889,-122.332601749619,"House","Private room",2,1,1,1,"Real Bed","{Internet,""Wireless Internet"",Kitchen,""Free Parking on Premises"",Heating,Washer,Dryer,""Smoke Detector"",""First Aid Kit"",""Safety Card"",""Fire Extinguisher"",Essentials,Shampoo,""24-Hour Check-in"",Hangers,""Hair Dryer"",Iron,""Laptop Friendly Workspace""}","$70.00","",63,99,10,10,10,10,10,1.17,241
"330",3050140,"t","Wallingford",47.6706592163842,-122.335961883701,"Apartment","Entire home/apt",2,1,1,1,"Real Bed","{TV,""Cable TV"",""Wireless Internet"",Kitchen,""Pets live on this property"",Dog(s),Cat(s),""Hot Tub"",Heating,""Family/Kid Friendly"",Washer,Dryer,""Smoke Detector"",""Carbon Monoxide Detector"",""First Aid Kit"",""Fire Extinguisher"",Essentials,Shampoo}","$90.00","$50.00",54,100,10,10,10,10,10,2.75,238
"331",3254956,"f","Wallingford",47.6543064001878,-122.330226222073,"Apartment","Entire home/apt",2,1,1,1,"Real Bed","{TV,""Cable TV"",Internet,""Wireless Internet"",Kitchen,""Free Parking on Premises"",Heating,Washer,Dryer,""Smoke Detector"",""Carbon Monoxide Detector"",Essentials}","$129.00","$60.00",28,87,9,10,9,10,9,1.53,252
"332",1264287,"f","Wallingford",47.6594004145935,-122.324507122764,"House","Entire home/apt",12,2,5,6,"Real Bed","{TV,""Cable TV"",Internet,""Wireless Internet"",Kitchen,""Free Parking on Premises"",""Indoor Fireplace"",Heating,""Family/Kid Friendly"",Washer,Dryer,""Smoke Detector"",""Carbon Monoxide Detector"",""First Aid Kit"",""Safety Card"",""Fire Extinguisher"",Essentials,Shampoo,""Hair Dryer"",Iron,""Laptop Friendly Workspace""}","$225.00","",29,92,9,10,9,9,9,0.94,210
"333",3404557,"f","Wallingford",47.649708201034,-122.331015273881,"House","Shared room",1,1,1,1,"Real Bed","{Internet,""Wireless Internet"",Kitchen,""Indoor Fireplace"",Heating,Washer,Dryer,""Smoke Detector"",""Carbon Monoxide Detector"",""First Aid Kit"",""Fire Extinguisher"",Essentials}","$40.00","$35.00",6,93,9,10,10,10,9,0.33,300
"334",3939683,"f","Wallingford",47.6509338347498,-122.331325808338,"House","Shared room",1,1,1,1,"Real Bed","{Internet,""Wireless Internet"",Kitchen,""Indoor Fireplace"",Heating,""Suitable for Events"",Washer,Dryer,""Smoke Detector"",""Carbon Monoxide Detector"",""First Aid Kit"",""Fire Extinguisher""}","$50.00","$28.00",1,100,8,8,8,8,10,0.28,282
"335",3424242,"f","Wallingford",47.6509725096166,-122.330884173026,"House","Shared room",1,1,1,1,"Real Bed","{Internet,""Wireless Internet"",Kitchen,""Indoor Fireplace"",Heating,Washer,Dryer,""Smoke Detector"",""Carbon Monoxide Detector"",""First Aid Kit"",""Fire Extinguisher"",Essentials}","$40.00","$35.00",7,94,7,9,10,10,10,0.39,282
"336",7985714,"f","Wallingford",47.6500238671533,-122.332803061834,"House","Shared room",1,1,1,1,"Real Bed","{Internet,""Wireless Internet"",Kitchen,Heating,""Suitable for Events"",Washer,Dryer,""Smoke Detector"",""Carbon Monoxide Detector"",""First Aid Kit"",""Fire Extinguisher"",Essentials}","$40.00","$35.00",1,80,6,10,8,10,10,0.29,290
"337",4279876,"t","Wallingford",47.6618227961864,-122.329300665813,"Apartment","Entire home/apt",4,1,2,2,"Real Bed","{TV,""Cable TV"",Internet,""Wireless Internet"",Kitchen,""Free Parking on Premises"",Heating,""Family/Kid Friendly"",Washer,Dryer,""Smoke Detector"",""Carbon Monoxide Detector"",""First Aid Kit"",Essentials,Shampoo}","$95.00","",64,97,10,10,10,10,10,4.31,229
"338",3870253,"f","Wallingford",47.6614049396629,-122.345472173956,"Apartment","Entire home/apt",6,1,2,4,"Real Bed","{""Wireless Internet"",Kitchen,""Indoor Fireplace"",Heating,""Family/Kid Friendly"",Washer,Dryer,""Smoke Detector"",""Carbon Monoxide Detector"",""First Aid Kit"",""Safety Card"",""Fire Extinguisher"",Essentials,Shampoo}","$175.00","",39,97,10,10,10,9,10,2.38,244
"339",2187563,"f","Wallingford",47.6573619150349,-122.327624925746,"House","Entire home/apt",6,1,2,4,"Real Bed","{TV,""Cable TV"",Internet,""Wireless Internet"",Kitchen,""Free Parking on Premises"",""Pets Allowed"",Heating,""Family/Kid Friendly"",Washer,Dryer,""Smoke Detector"",Essentials,Shampoo}","$160.00","$90.00",37,93,10,10,10,10,9,1.89,225
"340",3889299,"f","Wallingford",47.6498541190164,-122.330684792571,"House","Shared room",1,1,1,1,"Real Bed","{Internet,""Wireless Internet"",Kitchen,""Indoor Fireplace"",Heating,""Suitable for Events"",Washer,Dryer,""Smoke Detector"",""Carbon Monoxide Detector"",""First Aid Kit""}","$40.00","$35.00",2,90,8,10,10,10,10,0.47,296
"341",3889330,"f","Wallingford",47.6512939217661,-122.331031784517,"House","Shared room",1,1,1,1,"Real Bed","{Internet,""Wireless Internet"",Kitchen,""Indoor Fireplace"",Heating,""Suitable for Events"",Washer,Dryer,""Smoke Detector"",""Carbon Monoxide Detector"",""First Aid Kit"",""Fire Extinguisher""}","$40.00","$35.00",0,NA,NA,NA,NA,NA,NA,NA,279
"342",1184846,"t","Wallingford",47.6498306111213,-122.334331356761,"Apartment","Entire home/apt",2,1,1,1,"Real Bed","{TV,""Cable TV"",""Wireless Internet"",""Pets live on this property"",Dog(s),""Indoor Fireplace"",Heating,Washer,Dryer,""Smoke Detector"",""First Aid Kit"",""Safety Card"",""Fire Extinguisher"",Shampoo}","$120.00","",32,96,10,10,10,10,9,1.07,296
"343",3626162,"t","Wallingford",47.6594512101036,-122.329136670017,"House","Entire home/apt",4,1,1,2,"Real Bed","{TV,Internet,""Wireless Internet"",Kitchen,""Free Parking on Premises"",""Family/Kid Friendly"",Washer,Dryer,""Smoke Detector"",""Carbon Monoxide Detector"",""First Aid Kit"",""Fire Extinguisher"",Essentials,Shampoo}","$66.00","$70.00",33,96,10,10,10,10,10,1.99,224
"344",456040,"f","Wallingford",47.6694790578945,-122.329441493873,"House","Private room",2,1,1,1,"Real Bed","{""Wireless Internet"",Kitchen,""Free Parking on Premises"",""Pets live on this property"",Dog(s),Heating,""Family/Kid Friendly"",Washer,Dryer,""Smoke Detector"",""Fire Extinguisher"",Essentials,Shampoo}","$55.00","",207,96,10,10,10,10,10,4.68,223
"345",9033154,"f","Wallingford",47.660979444896,-122.333482979526,"House","Entire home/apt",7,3,4,5,"Real Bed","{""Wireless Internet"",""Free Parking on Premises"",""Family/Kid Friendly"",Washer,Dryer,""Smoke Detector"",""First Aid Kit"",""Fire Extinguisher""}","$350.00","$90.00",0,NA,NA,NA,NA,NA,NA,NA,241
"346",4340838,"t","Wallingford",47.6684677716729,-122.32669580302,"House","Entire home/apt",2,1,0,1,"Real Bed","{""Cable TV"",""Wireless Internet"",Kitchen,Heating,""Smoke Detector"",""Fire Extinguisher""}","$85.00","$20.00",37,98,10,10,10,10,10,3.01,219
"347",808811,"f","Wallingford",47.665213571557,-122.336752958482,"House","Entire home/apt",6,1,2,3,"Real Bed","{Internet,""Wireless Internet"",Kitchen,""Free Parking on Premises"",""Pets Allowed"",""Pets live on this property"",Dog(s),""Indoor Fireplace"",Heating,""Family/Kid Friendly"",Washer,Dryer,Essentials}","$175.00","$50.00",45,90,8,10,10,10,9,1.58,242
"348",7368030,"f","Wallingford",47.6611647788438,-122.336846274036,"Apartment","Entire home/apt",2,1,1,1,"Real Bed","{TV,""Cable TV"",Internet,""Wireless Internet"",Kitchen,""Free Parking on Premises"",Heating,""Smoke Detector"",""Carbon Monoxide Detector"",Essentials}","$105.00","",1,80,10,10,10,10,10,0.2,245
"349",522287,"f","Wallingford",47.6509865642865,-122.341704821458,"House","Private room",3,1,1,3,"Real Bed","{Internet,""Wireless Internet"",Kitchen,Heating,""Carbon Monoxide Detector"",Essentials}","$55.00","$10.00",203,95,10,10,10,10,9,4.7,308
"350",1940787,"f","Wallingford",47.6551285829351,-122.335288204223,"House","Entire home/apt",5,1,2,2,"Real Bed","{TV,""Wireless Internet"",Kitchen,""Free Parking on Premises"",""Indoor Fireplace"",""Family/Kid Friendly"",Washer,Dryer,""Smoke Detector"",""Carbon Monoxide Detector"",Essentials,Shampoo,""24-Hour Check-in"",Hangers,""Hair Dryer"",Iron,""Laptop Friendly Workspace""}","$150.00","$75.00",6,97,10,10,10,9,9,0.35,256
"351",3732103,"f","Wallingford",47.6502111876079,-122.33203477904,"House","Shared room",1,1,1,1,"Real Bed","{Internet,""Wireless Internet"",Kitchen,""Indoor Fireplace"",Heating,""Suitable for Events"",Washer,Dryer,""Smoke Detector"",""Carbon Monoxide Detector"",""First Aid Kit"",""Fire Extinguisher"",Essentials}","$40.00","$35.00",6,93,8,9,10,9,10,0.35,286
"352",43373,"f","Wallingford",47.6505515558955,-122.330588662466,"House","Private room",2,2,1,2,"Real Bed","{""Wireless Internet"",Kitchen,""Free Parking on Premises"",""Indoor Fireplace"",Heating,""Family/Kid Friendly"",Washer,Dryer}","$59.00","$15.00",182,93,9,10,10,10,9,2.77,284
"353",5126365,"f","Wallingford",47.66286984193,-122.324890091991,"House","Private room",2,1,1,1,"Real Bed","{TV,""Wireless Internet"",Kitchen,""Pets Allowed"",""Pets live on this property"",Dog(s),""Indoor Fireplace"",Heating,Washer,Dryer,""Smoke Detector"",""Carbon Monoxide Detector"",""First Aid Kit"",Essentials,Shampoo}","$80.00","$30.00",3,73,7,7,8,9,7,0.3,220
"354",7182584,"f","Wallingford",47.666596240935,-122.337912313612,"House","Entire home/apt",5,1,2,3,"Real Bed","{TV,Internet,""Wireless Internet"",Kitchen,""Free Parking on Premises"",""Indoor Fireplace"",Heating,""Family/Kid Friendly"",Washer,Dryer,""Smoke Detector"",Essentials}","$200.00","$40.00",3,80,9,10,9,9,7,0.99,243
"355",5325214,"f","Wallingford",47.6633012861405,-122.343458652598,"House","Entire home/apt",3,1,0,1,"Real Bed","{Internet,""Wireless Internet"",Kitchen,""Free Parking on Premises"",""Pets Allowed"",""Pets live on this property"",""Family/Kid Friendly"",Washer,Dryer,Essentials}","$60.00","",14,91,9,10,9,10,10,1.32,244
"356",2710274,"f","Wallingford",47.6580932706287,-122.331716482205,"House","Private room",2,1,1,1,"Real Bed","{TV,Internet,""Wireless Internet"",Kitchen,""Free Parking on Premises"",Cat(s),Heating,""Family/Kid Friendly"",Washer,Dryer,""Smoke Detector"",""First Aid Kit"",""Fire Extinguisher"",Essentials,Shampoo,""24-Hour Check-in"",Hangers,""Hair Dryer"",Iron,""Laptop Friendly Workspace""}","$59.00","$15.00",86,93,9,10,10,10,9,4.06,235
"357",5128160,"f","Wallingford",47.6576723629076,-122.325848292721,"House","Entire home/apt",8,3,4,5,"Real Bed","{TV,""Cable TV"",Internet,""Wireless Internet"",Kitchen,""Free Parking on Premises"",""Indoor Fireplace"",Heating,""Family/Kid Friendly"",Washer,Dryer,""Smoke Detector"",""Carbon Monoxide Detector"",""First Aid Kit"",""Fire Extinguisher"",Essentials}","$575.00","$175.00",5,100,10,10,10,9,10,0.79,222
"358",3424114,"f","Wallingford",47.6502066058119,-122.331104272224,"House","Shared room",1,1,1,1,"Real Bed","{Internet,""Wireless Internet"",Kitchen,""Indoor Fireplace"",Heating,""Suitable for Events"",Washer,Dryer,""Smoke Detector"",""Carbon Monoxide Detector"",""First Aid Kit"",""Fire Extinguisher"",Essentials}","$40.00","$35.00",4,93,9,9,10,9,10,0.23,289
"359",2776890,"f","Wallingford",47.6495291565078,-122.332177374742,"House","Entire home/apt",2,1,1,1,"Real Bed","{TV,Internet,""Wireless Internet"",""Air Conditioning"",Kitchen,""Free Parking on Premises"",Breakfast,Heating,""Smoke Detector"",""Carbon Monoxide Detector"",""First Aid Kit"",""Fire Extinguisher"",Essentials}","$139.00","$25.00",21,92,9,9,10,10,9,1.29,301
"360",4521755,"f","Wallingford",47.6537200022572,-122.338388334466,"Apartment","Entire home/apt",4,1,1,2,"Real Bed","{TV,""Cable TV"",Internet,""Wireless Internet"",""Air Conditioning"",Kitchen,""Free Parking on Premises"",Dog(s),Heating,""Family/Kid Friendly"",Washer,Dryer,""Smoke Detector"",""Carbon Monoxide Detector"",""First Aid Kit"",""Safety Card"",""Fire Extinguisher"",Essentials,Shampoo,""24-Hour Check-in"",Hangers,""Hair Dryer"",Iron,""Laptop Friendly Workspace""}","$70.00","$75.00",12,95,10,10,10,10,9,1.41,288
"361",3456599,"f","Wallingford",47.6505963558899,-122.334037852707,"Apartment","Entire home/apt",4,1,1,1,"Real Bed","{TV,Internet,""Wireless Internet"",Kitchen,Heating,""Smoke Detector"",""Carbon Monoxide Detector""}","$85.00","$50.00",35,94,10,10,10,10,9,2.05,291
"362",8207848,"f","Wallingford",47.6578789556566,-122.34179972269,"Apartment","Entire home/apt",4,1,2,2,"Real Bed","{TV,""Cable TV"",Internet,""Wireless Internet"",""Air Conditioning"",Kitchen,""Free Parking on Premises"",Heating,""Family/Kid Friendly"",Washer,Dryer,""Smoke Detector"",""Fire Extinguisher"",Essentials,Shampoo}","$259.00","$155.00",1,NA,NA,NA,NA,NA,NA,0.27,267
"363",10249527,"f","Wallingford",47.6618938318467,-122.323749437317,"Apartment","Private room",3,1,1,1,"Airbed","{Internet,""Wireless Internet"",""Air Conditioning"",Kitchen,""Free Parking on Premises"",Heating,""Smoke Detector"",Essentials,Shampoo,Hangers}","$39.00","",0,NA,NA,NA,NA,NA,NA,NA,209
"364",1252740,"t","Wallingford",47.6626678422188,-122.345044111654,"House","Private room",2,1.5,1,1,"Real Bed","{TV,""Cable TV"",Internet,""Wireless Internet"",Kitchen,""Free Parking on Premises"",""Indoor Fireplace"",Heating,Washer,Dryer,""Smoke Detector"",""Carbon Monoxide Detector"",""First Aid Kit"",""Safety Card"",Essentials,Shampoo}","$70.00","",66,97,9,10,10,10,10,2.25,245
"365",4250938,"f","Wallingford",47.6699022378915,-122.324048687146,"House","Entire home/apt",6,1,2,4,"Real Bed","{""Cable TV"",""Wireless Internet"",Kitchen,""Indoor Fireplace"",Heating,""Family/Kid Friendly"",Washer,Dryer,""Smoke Detector"",""Carbon Monoxide Detector"",""First Aid Kit"",""Safety Card"",""Fire Extinguisher"",Essentials}","$166.00","$209.00",2,90,9,10,10,9,8,0.2,218
"366",3791920,"t","Wallingford",47.6640053838321,-122.328336561062,"House","Entire home/apt",4,1,1,2,"Real Bed","{TV,Internet,""Wireless Internet"",Kitchen,""Free Parking on Premises"",""Pets live on this property"",Cat(s),Heating,""Family/Kid Friendly"",Essentials}","$99.00","",70,97,10,10,10,10,10,4.23,226
"367",4258762,"t","Wallingford",47.6593428017617,-122.331939475673,"Apartment","Entire home/apt",2,1,1,1,"Real Bed","{Internet,""Wireless Internet"",Kitchen,""Free Parking on Premises"",Heating,""Family/Kid Friendly"",Washer,Dryer,""Smoke Detector"",""Carbon Monoxide Detector"",""First Aid Kit"",""Fire Extinguisher"",Essentials,Shampoo}","$110.00","$20.00",25,92,9,10,10,10,9,1.73,237
"368",7364146,"f","Wallingford",47.6626306287878,-122.346118173498,"Apartment","Entire home/apt",4,1,1,2,"Real Bed","{TV,Internet,""Wireless Internet"",Kitchen,""Free Parking on Premises"",""Pets live on this property"",Dog(s),""Indoor Fireplace"",""Buzzer/Wireless Intercom"",Heating,Washer,Dryer,""Smoke Detector"",""Carbon Monoxide Detector"",""Fire Extinguisher"",Essentials,Shampoo}","$100.00","$75.00",6,97,10,10,10,9,10,1.51,246
"369",6765045,"f","Wallingford",47.6551029666014,-122.336043577044,"House","Entire home/apt",7,1,3,4,"Real Bed","{TV,Internet,""Wireless Internet"",Kitchen,""Free Parking on Premises"",Heating,""Family/Kid Friendly"",""Smoke Detector"",""Carbon Monoxide Detector"",""Fire Extinguisher"",Essentials,Shampoo}","$250.00","$65.00",5,88,8,9,9,9,8,0.88,267
"370",3193738,"f","Wallingford",47.6473450972233,-122.333486161034,"House","Entire home/apt",4,1,1,2,"Real Bed","{TV,""Cable TV"",Internet,""Wireless Internet"",Kitchen,""Free Parking on Premises"",Heating,Washer,Dryer,""Smoke Detector"",""Carbon Monoxide Detector"",""First Aid Kit"",""Safety Card"",""Fire Extinguisher"",Essentials,Shampoo}","$150.00","$120.00",2,90,8,7,9,10,10,0.13,349
"371",8765219,"f","Wallingford",47.6621445402159,-122.324016924733,"House","Entire home/apt",5,1,1,2,"Real Bed","{""Wireless Internet"",Kitchen,""Free Parking on Premises"",Heating,Washer,Dryer,""Smoke Detector"",""Carbon Monoxide Detector"",""First Aid Kit"",""Safety Card"",""Fire Extinguisher"",Essentials}","$200.00","$50.00",2,100,10,10,10,10,10,0.98,209
"372",8174285,"t","Wallingford",47.6532100873886,-122.339970845067,"Apartment","Entire home/apt",2,1,1,1,"Real Bed","{TV,Internet,""Wireless Internet"",Kitchen,""Free Parking on Premises"",Heating,""Family/Kid Friendly"",""Smoke Detector"",""Carbon Monoxide Detector"",Essentials,Shampoo}","$95.00","$75.00",1,80,8,10,10,10,8,0.41,291
"373",3403638,"f","Wallingford",47.6509424526273,-122.332588930485,"House","Shared room",1,1,1,1,"Real Bed","{Internet,""Wireless Internet"",Kitchen,""Indoor Fireplace"",Heating,""Suitable for Events"",Washer,Dryer,""Smoke Detector"",""Carbon Monoxide Detector"",""First Aid Kit"",""Fire Extinguisher"",Essentials}","$40.00","$35.00",6,84,8,9,9,9,8,0.35,280
"374",7601333,"f","Wallingford",47.6535538226472,-122.328968484957,"House","Entire home/apt",4,1,2,2,"Real Bed","{TV,Internet,""Wireless Internet"",Kitchen,""Free Parking on Premises"",Heating,""Family/Kid Friendly"",""Smoke Detector"",""Carbon Monoxide Detector"",""Fire Extinguisher"",Essentials,Shampoo}","$215.00","$65.00",5,92,9,10,10,10,9,1.06,253
"375",6707735,"t","Wallingford",47.6643689264799,-122.330635601948,"Apartment","Entire home/apt",2,1,1,1,"Real Bed","{""Wireless Internet"",Kitchen,""Free Parking on Premises"",""Pets Allowed"",Breakfast,""Pets live on this property"",Dog(s),Heating,""Family/Kid Friendly"",Washer,Dryer,""Smoke Detector"",""First Aid Kit"",""Fire Extinguisher"",Essentials,Shampoo}","$110.00","$15.00",46,97,10,10,10,10,9,6.57,232
"376",7322718,"f","Wallingford",47.6702527546683,-122.328885559036,"House","Entire home/apt",5,1,3,3,"Real Bed","{Internet,""Wireless Internet"",Kitchen,""Free Parking on Premises"",""Smoke Detector"",""Carbon Monoxide Detector"",""First Aid Kit"",""Safety Card"",""Fire Extinguisher"",Essentials}","$249.00","$100.00",1,80,10,10,10,10,10,0.19,220
"377",3783162,"f","Wallingford",47.6603184519872,-122.331905151178,"House","Entire home/apt",8,2,3,3,"Real Bed","{TV,""Cable TV"",Internet,""Wireless Internet"",Kitchen,""Free Parking on Premises"",""Pets Allowed"",""Indoor Fireplace"",Heating,""Family/Kid Friendly"",Washer,Dryer,""Smoke Detector"",""Carbon Monoxide Detector"",""Fire Extinguisher"",Essentials,Shampoo}","$295.00","$95.00",41,97,10,10,10,10,10,2.41,236
"378",6606,"f","Wallingford",47.6541086069472,-122.337605288165,"Apartment","Entire home/apt",2,1,1,1,"Real Bed","{TV,""Cable TV"",Internet,""Wireless Internet"",Kitchen,""Free Parking on Premises"",""Pets live on this property"",Dog(s),""Hot Tub"",Heating,Essentials,Shampoo}","$90.00","$40.00",52,93,9,10,9,10,9,0.66,285
"379",3889280,"f","Wallingford",47.6499607985361,-122.332701509321,"House","Shared room",1,1,1,1,"Real Bed","{Internet,""Wireless Internet"",Kitchen,""Indoor Fireplace"",Heating,""Suitable for Events"",Washer,Dryer,""Smoke Detector"",""Carbon Monoxide Detector"",""First Aid Kit""}","$40.00","$35.00",0,NA,NA,NA,NA,NA,NA,NA,295
"380",3971137,"f","Wallingford",47.657699881794,-122.334151312993,"Apartment","Entire home/apt",2,1,0,1,"Real Bed","{Internet,""Wireless Internet"",Kitchen,""Free Parking on Premises"",Heating,Washer,Dryer,""Smoke Detector"",""Carbon Monoxide Detector"",Essentials}","$85.00","$8.00",5,88,10,10,10,10,9,0.37,244
"381",3889050,"f","Wallingford",47.6515816627093,-122.330796672124,"House","Shared room",1,1,1,1,"Real Bed","{Internet,""Wireless Internet"",Kitchen,""Indoor Fireplace"",Heating,Washer,Dryer,""Smoke Detector"",""Carbon Monoxide Detector"",""First Aid Kit""}","$40.00","$35.00",3,80,6,9,10,9,8,0.18,277
"382",799882,"t","Wallingford",47.6708457011803,-122.337466562812,"House","Private room",2,1.5,1,1,"Pull-out Sofa","{TV,""Cable TV"",""Wireless Internet"",Kitchen,""Free Parking on Premises"",""Pets live on this property"",Dog(s),""Indoor Fireplace"",Heating,Washer,Dryer,""Smoke Detector"",""Carbon Monoxide Detector"",""First Aid Kit"",""Safety Card"",""Fire Extinguisher"",Essentials,Shampoo}","$40.00","$20.00",32,96,9,10,10,10,10,0.85,243
"383",9508386,"f","Wallingford",47.66809218842,-122.336773283576,"House","Entire home/apt",8,2,4,4,"Real Bed","{TV,""Cable TV"",Internet,""Wireless Internet"",Kitchen,""Free Parking on Premises"",Heating,""Family/Kid Friendly"",Washer,Dryer,""Smoke Detector"",""Carbon Monoxide Detector"",""Fire Extinguisher"",Essentials,Shampoo,""24-Hour Check-in"",Hangers,""Hair Dryer"",Iron,""Laptop Friendly Workspace""}","$245.00","$150.00",1,100,10,10,10,10,10,1,239
"384",6714817,"f","Wallingford",47.6643201925869,-122.329175325287,"Apartment","Entire home/apt",2,1,1,1,"Real Bed","{TV,""Cable TV"",""Wireless Internet"",""Air Conditioning"",Kitchen,""Indoor Fireplace"",Heating,""Smoke Detector"",""Carbon Monoxide Detector"",""First Aid Kit"",""Fire Extinguisher"",Essentials}","$130.00","$50.00",2,90,10,10,10,8,9,0.31,230
"385",3773700,"f","Wallingford",47.6629165247846,-122.326723331407,"House","Entire home/apt",4,1.5,3,2,"Real Bed","{""Wireless Internet"",Kitchen,""Free Parking on Premises"",""Pets live on this property"",Cat(s),""Indoor Fireplace"",Heating,""Family/Kid Friendly"",Washer,Dryer,""Smoke Detector"",""Fire Extinguisher"",Essentials,Shampoo}","$210.00","$100.00",6,93,9,10,10,10,9,0.36,224
"386",3773568,"f","Wallingford",47.6708135817335,-122.327485539678,"House","Entire home/apt",6,2.5,2,3,"Real Bed","{Internet,""Wireless Internet"",""Air Conditioning"",Kitchen,""Free Parking on Premises"",""Hot Tub"",Heating,Washer,Dryer,""Smoke Detector"",""Carbon Monoxide Detector"",Essentials,Shampoo}","$439.00","$99.00",11,91,9,10,10,10,9,0.68,220
"387",9313974,"f","Wallingford",47.6549144497842,-122.338075225591,"House","Private room",1,1,1,1,"Real Bed","{Internet,""Wireless Internet"",Kitchen,""Free Parking on Premises"",""Indoor Fireplace"",Heating,""Family/Kid Friendly"",Washer,Dryer,Essentials,Shampoo}","$90.00","",0,NA,NA,NA,NA,NA,NA,NA,275
"388",6492880,"f","Wallingford",47.6716420951788,-122.325276775215,"Apartment","Entire home/apt",3,1,1,1,"Real Bed","{""Cable TV"",Internet,""Wireless Internet"",Pool,Gym,""Pets live on this property"",Heating,""Smoke Detector"",""Carbon Monoxide Detector"",Essentials}","$95.00","$82.00",13,90,10,9,9,10,10,1.79,220
"389",4879013,"t","Wallingford",47.6698224089034,-122.326960445848,"Apartment","Entire home/apt",4,1,2,3,"Real Bed","{TV,""Cable TV"",Internet,""Wireless Internet"",Kitchen,""Free Parking on Premises"",Heating,""Family/Kid Friendly"",Washer,Dryer,""Smoke Detector"",""Carbon Monoxide Detector"",""First Aid Kit"",""Safety Card"",""Fire Extinguisher"",Essentials,Shampoo,""24-Hour Check-in"",Hangers,""Hair Dryer"",Iron,""Laptop Friendly Workspace""}","$109.00","$60.00",36,99,10,10,10,10,10,2.88,219
"390",3732094,"f","Wallingford",47.650849655556,-122.332910720192,"House","Shared room",1,1,1,1,"Real Bed","{Internet,""Wireless Internet"",Kitchen,""Indoor Fireplace"",""Buzzer/Wireless Intercom"",Heating,""Suitable for Events"",Washer,Dryer,""Smoke Detector"",""Carbon Monoxide Detector"",""First Aid Kit"",""Fire Extinguisher"",Essentials}","$40.00","$28.00",5,88,7,9,9,9,9,0.3,286
"391",873073,"f","Wallingford",47.655431346486,-122.333422345765,"House","Entire home/apt",4,1,2,1,"Real Bed","{TV,Internet,""Wireless Internet"",""Air Conditioning"",Kitchen,""Free Parking on Premises"",Heating,""Family/Kid Friendly"",Washer,Dryer,""First Aid Kit"",""Fire Extinguisher"",Essentials,Shampoo}","$175.00","$75.00",4,95,10,10,10,10,10,0.43,249
"392",234898,"f","Wallingford",47.6623098222584,-122.326848801678,"House","Entire home/apt",3,1,1,2,"Real Bed","{Internet,""Wireless Internet"",Kitchen,Heating,""Family/Kid Friendly"",Washer,Dryer,""Smoke Detector"",""Carbon Monoxide Detector"",""Fire Extinguisher"",Essentials,Shampoo}","$80.00","$40.00",69,96,10,10,10,10,10,1.38,222
"393",8533375,"f","Wallingford",47.6633237604278,-122.325756417292,"Apartment","Entire home/apt",2,1,1,1,"Real Bed","{Internet,""Wireless Internet"",Heating,""Family/Kid Friendly"",Washer,Dryer,""Smoke Detector"",""Carbon Monoxide Detector"",Essentials,Shampoo,""24-Hour Check-in"",Hangers,""Hair Dryer"",Iron,""Laptop Friendly Workspace""}","$105.00","",3,100,10,10,10,10,10,1.15,221
"394",6854019,"t","Wallingford",47.6658025035794,-122.33876739834,"House","Entire home/apt",8,3.5,3,3,"Real Bed","{TV,Internet,""Wireless Internet"",Kitchen,""Free Parking on Premises"",""Pets live on this property"",Cat(s),Heating,""Family/Kid Friendly"",""Smoke Detector"",""Carbon Monoxide Detector"",""Safety Card"",""Fire Extinguisher"",Essentials,Shampoo}","$400.00","$150.00",0,NA,NA,NA,NA,NA,NA,NA,246
"395",8418650,"f","Wallingford",47.652541585228,-122.338768596418,"Apartment","Entire home/apt",4,1,2,3,"Real Bed","{TV,""Cable TV"",""Wireless Internet"",Kitchen,""Free Parking on Premises"",Heating,Washer,Dryer,""Smoke Detector"",""Carbon Monoxide Detector"",""First Aid Kit"",""Fire Extinguisher"",Essentials,Shampoo,""24-Hour Check-in"",Hangers,""Hair Dryer"",Iron,""Laptop Friendly Workspace""}","$100.00","$50.00",12,98,10,10,10,10,10,4.56,295
"396",3732076,"f","Wallingford",47.6498980634582,-122.331256219175,"House","Shared room",1,1,1,1,"Real Bed","{Internet,""Wireless Internet"",Kitchen,""Indoor Fireplace"",Heating,""Suitable for Events"",Washer,Dryer,""Smoke Detector"",""Carbon Monoxide Detector"",""First Aid Kit"",""Fire Extinguisher"",Essentials}","$40.00","$35.00",7,94,8,10,9,9,10,0.41,296
"397",4608592,"t","Wallingford",47.6589925922836,-122.324663354277,"House","Entire home/apt",6,1,2,4,"Real Bed","{TV,""Cable TV"",Internet,""Wireless Internet"",Kitchen,Heating,""Smoke Detector"",""Carbon Monoxide Detector"",""First Aid Kit"",""Safety Card"",""Fire Extinguisher"",Essentials}","$160.00","$20.00",30,98,10,10,10,10,10,2.45,212
"398",4862719,"f","Wallingford",47.6680060912153,-122.329389037467,"House","Private room",2,1,1,1,"Real Bed","{""Wireless Internet"",Kitchen,""Free Parking on Premises"",""Pets live on this property"",Dog(s),Heating,""Family/Kid Friendly"",Washer,Dryer,""Smoke Detector"",""Fire Extinguisher"",Essentials,Shampoo}","$55.00","",64,94,10,10,10,10,10,5.27,224
"399",668169,"f","Wallingford",47.6664248821552,-122.334905213051,"House","Private room",3,1,1,2,"Real Bed","{TV,Internet,""Wireless Internet"",Kitchen,""Free Parking on Premises"",Heating,Washer,Dryer,""Smoke Detector"",""Carbon Monoxide Detector"",""First Aid Kit"",""Safety Card"",""Fire Extinguisher"",Essentials}","$55.00","$30.00",16,93,9,10,10,10,10,0.39,243
"400",429453,"t","Wallingford",47.6516632033748,-122.339685049154,"House","Private room",2,2.5,1,1,"Real Bed","{TV,Internet,""Wireless Internet"",Kitchen,""Free Parking on Premises"",""Pets live on this property"",Dog(s),Heating,Washer,Dryer,Essentials}","$150.00","$30.00",14,100,10,10,10,10,10,0.31,302
"401",10124808,"f","Wallingford",47.6534910795798,-122.340953413317,"House","Private room",2,1,1,2,"Real Bed","{""Wireless Internet"",""Free Parking on Premises"",Heating,""Smoke Detector"",Shampoo,Hangers,""Laptop Friendly Workspace""}","$55.00","",0,NA,NA,NA,NA,NA,NA,NA,287
"402",7459684,"f","Wallingford",47.6570827282358,-122.326551137102,"House","Entire home/apt",6,1,2,2,"Real Bed","{TV,""Wireless Internet"",Kitchen,""Free Parking on Premises"",""Pets Allowed"",""Indoor Fireplace"",Heating,""Family/Kid Friendly"",""Smoke Detector"",""Carbon Monoxide Detector"",""Fire Extinguisher"",Essentials,Shampoo}","$95.00","$50.00",17,93,10,10,10,9,9,3.98,226
"403",5992645,"f","Wallingford",47.6709638466684,-122.328863310695,"House","Entire home/apt",4,1,2,2,"Real Bed","{TV,""Cable TV"",Internet,""Wireless Internet"",Kitchen,""Hot Tub"",""Indoor Fireplace"",Heating,""Family/Kid Friendly"",Washer,Dryer,""Smoke Detector"",""Carbon Monoxide Detector"",""First Aid Kit"",""Fire Extinguisher"",Essentials,Hangers,""Hair Dryer"",Iron}","$155.00","$100.00",1,80,8,10,10,10,8,0.23,221
"404",7917718,"t","Wallingford",47.6619180577808,-122.324991193632,"House","Private room",2,1,1,1,"Real Bed","{TV,Internet,""Wireless Internet"",Kitchen,""Free Parking on Premises"",""Pets live on this property"",""Indoor Fireplace"",Heating,""Family/Kid Friendly"",Washer,Dryer,""Smoke Detector"",""Carbon Monoxide Detector"",""First Aid Kit"",""Safety Card"",""Fire Extinguisher"",Essentials,Shampoo}","$55.00","$25.00",17,99,10,10,10,10,10,3.72,214
"405",2986056,"f","Wallingford",47.6509940204123,-122.332345046705,"House","Shared room",1,1,1,1,"Real Bed","{Internet,""Wireless Internet"",Kitchen,""Indoor Fireplace"",Heating,""Suitable for Events"",Washer,Dryer,""Smoke Detector"",""Carbon Monoxide Detector"",""First Aid Kit"",""Fire Extinguisher"",Essentials}","$40.00","$35.00",4,95,9,10,10,8,10,0.28,279
"406",2011193,"f","Wallingford",47.6561270167652,-122.335302887271,"House","Entire home/apt",7,2,3,5,"Real Bed","{TV,""Wireless Internet"",Kitchen,""Free Parking on Premises"",""Indoor Fireplace"",Heating,""Family/Kid Friendly"",Washer,Dryer,""Smoke Detector"",""Carbon Monoxide Detector"",Essentials,Shampoo,""24-Hour Check-in"",Hangers,""Hair Dryer"",Iron,""Laptop Friendly Workspace""}","$250.00","$100.00",4,93,9,10,10,10,9,0.24,254
"407",3768626,"f","Wallingford",47.6675260764294,-122.328911051591,"House","Entire home/apt",2,1,0,1,"Real Bed","{Internet,""Wireless Internet"",""Free Parking on Premises"",Heating,""Family/Kid Friendly"",""Smoke Detector"",""Carbon Monoxide Detector"",""First Aid Kit"",""Fire Extinguisher"",Essentials,Shampoo}","$145.00","$50.00",44,96,10,10,10,10,9,2.57,222
"408",2026794,"f","Wallingford",47.6592972424452,-122.333095983651,"House","Private room",2,1,1,1,"Real Bed","{TV,Internet,""Wireless Internet"",Kitchen,""Free Parking on Premises"",Cat(s),Heating,""Family/Kid Friendly"",Washer,Dryer,""Smoke Detector"",""First Aid Kit"",""Fire Extinguisher"",Essentials,Shampoo,Hangers,""Hair Dryer"",Iron}","$54.00","$15.00",100,91,9,10,10,10,9,4.18,241
"409",9154294,"f","Wallingford",47.6525762621653,-122.328736031224,"House","Entire home/apt",4,1,1,1,"Real Bed","{TV,Internet,""Wireless Internet"",Kitchen,""Free Parking on Premises"",Heating,""Family/Kid Friendly"",Washer,Dryer,""Smoke Detector"",""Carbon Monoxide Detector"",""Fire Extinguisher"",Essentials,Shampoo,""24-Hour Check-in"",Hangers,""Hair Dryer"",Iron,""Laptop Friendly Workspace""}","$99.00","",3,100,10,10,10,9,10,1.76,268
"410",430610,"t","Wallingford",47.6541015658653,-122.338510944201,"House","Entire home/apt",8,3,3,3,"Real Bed","{TV,""Cable TV"",Internet,""Wireless Internet"",Kitchen,""Free Parking on Premises"",Heating,Washer,Dryer,""Smoke Detector"",""Carbon Monoxide Detector"",""Fire Extinguisher""}","$254.00","$125.00",70,97,10,10,10,10,9,1.69,283
"411",3231850,"t","Wallingford",47.670488222179,-122.322600069588,"Loft","Entire home/apt",3,1,0,2,"Real Bed","{TV,Internet,""Wireless Internet"",Heating,""Family/Kid Friendly"",Essentials,Shampoo}","$100.00","$45.00",84,97,10,10,10,10,10,4.52,216
"412",2976798,"f","Wallingford",47.6566873414047,-122.326569879444,"House","Private room",2,1,1,1,"Real Bed","{TV,""Cable TV"",Internet,""Wireless Internet"",""Free Parking on Premises"",Breakfast,Heating,""Family/Kid Friendly"",Washer,Dryer,""Smoke Detector"",""First Aid Kit"",""Fire Extinguisher"",Essentials,Shampoo}","$65.00","$10.00",36,99,10,10,10,10,10,3.07,223
"413",703058,"t","Wallingford",47.6524341560931,-122.337853312898,"House","Entire home/apt",4,1,2,2,"Real Bed","{TV,""Wireless Internet"",Kitchen,Heating,Washer,Dryer,""Smoke Detector"",""Carbon Monoxide Detector"",""First Aid Kit"",""Safety Card"",""Fire Extinguisher"",Essentials,Shampoo}","$150.00","$60.00",86,99,10,10,10,10,10,2.16,289
"414",7826541,"f","Wallingford",47.6482694613292,-122.337032390454,"Apartment","Entire home/apt",2,1,1,1,"Real Bed","{TV,""Cable TV"",Internet,""Wireless Internet"",""Air Conditioning"",""Wheelchair Accessible"",Kitchen,""Elevator in Building"",Heating,Washer,Dryer,""Smoke Detector"",Essentials,Shampoo}","$140.00","$30.00",1,100,10,10,10,10,10,0.23,331
"415",240920,"f","Wallingford",47.6681759975446,-122.337370788929,"House","Private room",3,1,1,2,"Real Bed","{Internet,""Wireless Internet"",Kitchen,""Free Parking on Premises"",Heating,Washer,Dryer,""Smoke Detector"",""Carbon Monoxide Detector"",""First Aid Kit"",""Safety Card"",""Fire Extinguisher"",Essentials}","$45.00","$20.00",15,97,9,10,10,10,10,0.36,242
"416",6655233,"f","Wallingford",47.670267202097,-122.325372540835,"House","Private room",3,1,1,2,"Real Bed","{TV,Internet,""Wireless Internet"",Kitchen,""Free Parking on Premises"",""Pets live on this property"",""Indoor Fireplace"",Heating,Washer,Dryer,""Smoke Detector"",""Carbon Monoxide Detector"",""First Aid Kit"",""Fire Extinguisher"",Essentials,Shampoo}","$74.00","$15.00",18,89,9,10,9,9,9,2.57,219
"417",9866461,"f","Wallingford",47.661905511973,-122.323971662859,"Apartment","Private room",2,1,1,2,"Real Bed","{TV,Internet,""Wireless Internet"",""Wheelchair Accessible"",Kitchen,""Free Parking on Premises"",""Elevator in Building"",Heating,""Family/Kid Friendly"",Washer,Dryer,""Smoke Detector"",""Carbon Monoxide Detector"",""Safety Card"",Essentials,Shampoo,""Lock on Bedroom Door"",""24-Hour Check-in"",Hangers,""Hair Dryer"",Iron,""Laptop Friendly Workspace""}","$60.00","",1,80,8,10,10,10,10,1,209
"418",7957729,"f","Wallingford",47.6622216588024,-122.323587140682,"House","Entire home/apt",5,2.5,2,3,"Real Bed","{TV,Internet,""Wireless Internet"",Kitchen,Heating,""Family/Kid Friendly"",Washer,Dryer,""Smoke Detector"",""Carbon Monoxide Detector"",""Fire Extinguisher"",Shampoo}","$350.00","",0,NA,NA,NA,NA,NA,NA,NA,208
"419",1428687,"f","Wallingford",47.6663264672255,-122.333741263177,"Apartment","Entire home/apt",4,1,1,1,"Real Bed","{TV,""Cable TV"",Internet,""Wireless Internet"",""Air Conditioning"",Kitchen,""Free Parking on Premises"",Heating,""Family/Kid Friendly"",Washer,Dryer,""Smoke Detector"",""Carbon Monoxide Detector"",""First Aid Kit"",""Fire Extinguisher"",Essentials,Shampoo}","$135.00","$50.00",32,99,10,10,10,10,10,1.12,241
"420",4803403,"t","Wallingford",47.6619807376304,-122.346095785001,"Apartment","Entire home/apt",2,1,1,1,"Real Bed","{Internet,""Wireless Internet"",Kitchen,Heating,Washer,Dryer,""Smoke Detector"",""Carbon Monoxide Detector"",""Fire Extinguisher"",Essentials}","$85.00","$80.00",10,100,9,10,10,10,10,0.89,242
"421",11012,"f","Wallingford",47.6544767899227,-122.336464262884,"House","Entire home/apt",8,2,3,3,"Real Bed","{TV,""Cable TV"",Internet,""Wireless Internet"",Kitchen,""Free Parking on Premises"",""Pets live on this property"",Dog(s),""Hot Tub"",""Indoor Fireplace"",Heating,""Family/Kid Friendly"",Washer,Dryer,""Smoke Detector"",""Carbon Monoxide Detector"",""First Aid Kit"",""Safety Card"",""Fire Extinguisher"",Essentials,Shampoo}","$310.00","$195.00",47,95,9,9,9,10,9,0.65,274
"422",3888924,"f","Wallingford",47.6512757341626,-122.33279650289,"House","Shared room",1,1,1,1,"Real Bed","{Internet,""Wireless Internet"",Kitchen,""Indoor Fireplace"",Heating,""Suitable for Events"",Washer,Dryer,""Smoke Detector"",""Carbon Monoxide Detector"",""First Aid Kit""}","$40.00","$35.00",3,87,7,9,10,9,8,0.36,280
"423",8842808,"f","Wallingford",47.6642271115897,-122.339049250111,"House","Entire home/apt",5,1,2,2,"Real Bed","{Internet,""Wireless Internet"",Kitchen,""Pets live on this property"",Dog(s),""Indoor Fireplace"",Heating,""Family/Kid Friendly"",Washer,Dryer,""Smoke Detector"",""First Aid Kit"",""Fire Extinguisher"",Essentials,Shampoo}","$215.00","$30.00",0,NA,NA,NA,NA,NA,NA,NA,247
"424",1114695,"t","Wallingford",47.6612170605192,-122.339424213306,"House","Entire home/apt",8,2.5,3,3,"Airbed","{TV,""Cable TV"",Internet,""Wireless Internet"",Kitchen,""Free Parking on Premises"",""Indoor Fireplace"",Heating,Washer,Dryer,""Smoke Detector"",""Carbon Monoxide Detector"",""Fire Extinguisher"",Essentials}","$245.00","$145.00",38,95,10,10,10,10,9,1.22,246
"425",1715582,"f","Wallingford",47.6624766989007,-122.332659204857,"House","Private room",2,1.5,1,1,"Real Bed","{TV,Internet,""Wireless Internet"",Kitchen,""Indoor Fireplace"",Heating,""Smoke Detector"",""First Aid Kit"",""Fire Extinguisher"",Essentials,Shampoo}","$65.00","",25,100,10,10,10,9,10,0.92,238
"426",6704734,"f","Wallingford",47.6636927757845,-122.328365743814,"House","Entire home/apt",4,1,1,2,"Real Bed","{TV,Internet,""Wireless Internet"",Kitchen,""Free Parking on Premises"",Heating,""Family/Kid Friendly"",Washer,Dryer,""Smoke Detector"",""Carbon Monoxide Detector"",Essentials}","$85.00","$40.00",0,NA,NA,NA,NA,NA,NA,NA,227
"427",8555098,"f","Wallingford",47.6676778120083,-122.328413768141,"House","Private room",2,1,1,1,"Real Bed","{""Wireless Internet"",Kitchen,""Free Parking on Premises"",""Hot Tub"",""Indoor Fireplace"",Heating,Washer,Dryer,""Smoke Detector"",""Carbon Monoxide Detector"",""First Aid Kit"",""Fire Extinguisher"",Essentials,Shampoo}","$95.00","",0,NA,NA,NA,NA,NA,NA,NA,221
"428",1214316,"f","Wallingford",47.6635847863054,-122.340727976457,"House","Private room",2,1,1,1,"Real Bed","{Internet,""Wireless Internet"",""Free Parking on Premises"",Heating,""Family/Kid Friendly"",""Smoke Detector"",Essentials,Shampoo}","$57.00","$25.00",83,92,9,10,10,10,9,2.63,245
"429",7325455,"f","Wallingford",47.6573666439699,-122.326741977691,"Bungalow","Entire home/apt",2,1,0,1,"Real Bed","{TV,""Wireless Internet"",Kitchen,""Free Parking on Premises"",Heating,Essentials,Shampoo,""24-Hour Check-in"",""Laptop Friendly Workspace""}","$75.00","$20.00",1,100,10,10,10,10,10,1,225
"430",6325685,"t","Wallingford",47.6644036794158,-122.338127356536,"House","Entire home/apt",3,1,0,1,"Real Bed","{TV,""Cable TV"",Internet,""Wireless Internet"",Kitchen,""Free Parking on Premises"",""Smoking Allowed"",""Pets Allowed"",""Pets live on this property"",Dog(s),""Indoor Fireplace"",Heating,""Family/Kid Friendly"",Washer,Dryer,""Smoke Detector"",""Carbon Monoxide Detector"",""First Aid Kit"",Essentials,Shampoo,""24-Hour Check-in""}","$120.00","$22.00",44,98,10,10,10,10,10,5.87,247
"431",9596,"f","Wallingford",47.6547874310002,-122.336519884623,"Apartment","Entire home/apt",6,1,1,6,"Real Bed","{TV,""Cable TV"",Internet,""Wireless Internet"",Kitchen,""Free Parking on Premises"",""Pets Allowed"",""Pets live on this property"",Dog(s),""Hot Tub"",Heating,""Family/Kid Friendly"",Washer,Dryer}","$120.00","$85.00",32,88,9,9,9,10,9,0.58,269
"432",9568491,"f","Wallingford",47.650147247297,-122.341770508006,"Apartment","Shared room",2,1,1,1,"Couch","{""Wireless Internet"",Kitchen,Gym,Breakfast,""Elevator in Building"",Heating,Washer,Dryer,""Smoke Detector"",""Carbon Monoxide Detector"",""Hair Dryer"",Iron}","$40.00","$5.00",4,100,10,10,10,10,10,3.43,309
"433",1747184,"t","Wallingford",47.6492360447091,-122.332180241085,"House","Entire home/apt",12,3,6,6,"Real Bed","{Internet,""Wireless Internet"",Kitchen,""Free Parking on Premises"",Heating,""Family/Kid Friendly"",Washer,Dryer,""Smoke Detector"",""Carbon Monoxide Detector"",""First Aid Kit"",Shampoo}","$490.00","$225.00",24,99,10,10,10,10,10,1.29,307
"434",8653843,"f","Wallingford",47.6716951298354,-122.324879282451,"Apartment","Private room",2,1,1,1,"Real Bed","{""Wireless Internet"",Kitchen,""Free Parking on Premises"",""Pets live on this property"",Cat(s),Heating,""Family/Kid Friendly"",Washer,Dryer,""Smoke Detector"",""First Aid Kit"",Essentials}","$50.00","$15.00",2,100,10,10,10,10,8,0.72,220
"435",6727729,"f","Wallingford",47.6478496739703,-122.336078839415,"House","Entire home/apt",6,1,2,2,"Real Bed","{TV,Internet,""Wireless Internet"",Kitchen,""Free Parking on Premises"",Heating,""Family/Kid Friendly"",Washer,Dryer,""Smoke Detector"",""Safety Card"",""Fire Extinguisher"",Essentials,Shampoo}","$200.00","$45.00",5,96,10,10,10,9,10,0.81,346
"436",3888986,"f","Wallingford",47.6510557291323,-122.33098569943,"House","Shared room",1,1,1,1,"Real Bed","{Internet,""Wireless Internet"",Kitchen,""Indoor Fireplace"",Heating,""Suitable for Events"",Washer,Dryer,""Smoke Detector"",""Carbon Monoxide Detector"",""First Aid Kit""}","$40.00","$35.00",1,100,8,10,8,10,10,0.2,282
"437",4135710,"f","Wallingford",47.6481152921774,-122.331665374199,"House","Entire home/apt",2,1,1,2,"Real Bed","{TV,""Cable TV"",Internet,""Wireless Internet"",Kitchen,""Free Parking on Premises"",""Pets Allowed"",Breakfast,Heating,Washer,Dryer,""Smoke Detector"",""Carbon Monoxide Detector"",""First Aid Kit"",""Fire Extinguisher"",Essentials,Shampoo}","$255.00","$95.00",0,NA,NA,NA,NA,NA,NA,NA,347
"438",3652434,"t","Wallingford",47.6543700218037,-122.32789618933,"House","Private room",2,1,1,1,"Real Bed","{Internet,""Wireless Internet"",""Free Parking on Premises"",""Smoking Allowed"",""Pets Allowed"",Breakfast,""Pets live on this property"",Dog(s),Heating,""Smoke Detector"",""Carbon Monoxide Detector"",""First Aid Kit"",""Safety Card"",""Fire Extinguisher"",Essentials,Shampoo}","$95.00","$30.00",88,97,10,10,10,10,10,5.88,247
"439",7667990,"f","Wallingford",47.6575417586311,-122.341532521382,"Apartment","Entire home/apt",2,1,1,1,"Real Bed","{""Wireless Internet"",Kitchen,""Elevator in Building"",Heating,Washer,Dryer,""Smoke Detector"",""Carbon Monoxide Detector"",""First Aid Kit"",Essentials}","$160.00","$20.00",1,80,8,6,10,10,10,0.25,272
"440",4047058,"t","Wallingford",47.6685811052148,-122.336880205922,"House","Private room",2,2,1,1,"Real Bed","{Internet,""Wireless Internet"",Kitchen,""Free Parking on Premises"",""Pets live on this property"",Cat(s),Heating,""Family/Kid Friendly"",Washer,Dryer,""Smoke Detector"",""Carbon Monoxide Detector"",""First Aid Kit"",""Fire Extinguisher"",Essentials,Shampoo}","$55.00","$25.00",49,95,10,10,10,10,10,3.08,238
"441",7163934,"f","Wallingford",47.6602958902129,-122.340260751,"House","Private room",2,1,1,1,"Real Bed","{Internet,""Wireless Internet"",Kitchen,""Free Parking on Premises"",Heating,Washer,Dryer,""Smoke Detector"",""Carbon Monoxide Detector"",""First Aid Kit"",""Fire Extinguisher"",Essentials,Shampoo}","$85.00","$20.00",5,100,10,10,10,10,10,1.42,245
"442",7717478,"f","Wallingford",47.6699342924573,-122.326689948108,"House","Entire home/apt",8,1,4,3,"Real Bed","{TV,Internet,""Wireless Internet"",""Air Conditioning"",Kitchen,""Free Parking on Premises"",Heating,""Family/Kid Friendly"",""Smoke Detector"",""Carbon Monoxide Detector"",""First Aid Kit"",""Fire Extinguisher"",Essentials}","$325.00","$75.00",0,NA,NA,NA,NA,NA,NA,NA,220
"443",4653552,"f","Wallingford",47.6714634396084,-122.334133175583,"Apartment","Entire home/apt",5,1,2,3,"Real Bed","{TV,""Cable TV"",Internet,""Wireless Internet"",Kitchen,""Free Parking on Premises"",""Pets live on this property"",Dog(s),Heating,""Family/Kid Friendly"",Washer,Dryer,""Smoke Detector"",""Carbon Monoxide Detector"",""First Aid Kit"",""Safety Card"",""Fire Extinguisher"",Essentials,Shampoo}","$144.00","$80.00",32,96,10,10,10,10,10,2.74,238
"444",6915439,"f","Wallingford",47.6583764738867,-122.326765547163,"House","Private room",2,1,1,1,"Real Bed","{TV,""Cable TV"",Internet,""Wireless Internet"",Kitchen,Gym,Breakfast,""Pets live on this property"",Dog(s),Heating,""Family/Kid Friendly"",Washer,Dryer,""Smoke Detector"",""Carbon Monoxide Detector"",Essentials,""Lock on Bedroom Door""}","$100.00","$30.00",0,NA,NA,NA,NA,NA,NA,NA,219
"445",506542,"f","Wallingford",47.6585389006092,-122.325818031957,"Apartment","Entire home/apt",4,1,0,2,"Real Bed","{Internet,""Wireless Internet"",""Wheelchair Accessible"",Kitchen,""Free Parking on Premises"",Heating,""Family/Kid Friendly"",Washer,Dryer,""Smoke Detector"",""Carbon Monoxide Detector"",""First Aid Kit"",Essentials,Shampoo}","$115.00","$50.00",86,95,10,10,10,10,9,1.98,218
"446",4046863,"t","Wallingford",47.6653680124971,-122.33999428735,"House","Private room",2,2,1,1,"Real Bed","{Internet,""Wireless Internet"",Kitchen,""Free Parking on Premises"",""Pets live on this property"",Cat(s),Heating,""Family/Kid Friendly"",Washer,Dryer,""Smoke Detector"",""Carbon Monoxide Detector"",""First Aid Kit"",""Fire Extinguisher"",Essentials,Shampoo}","$55.00","$25.00",73,98,10,10,10,10,10,4.56,249
"447",3915826,"t","Wallingford",47.6593870611002,-122.341881509856,"Apartment","Entire home/apt",3,1,1,1,"Real Bed","{TV,Internet,""Wireless Internet"",Kitchen,""Elevator in Building"",""Buzzer/Wireless Intercom"",Heating,Washer,Dryer,""Smoke Detector"",""Carbon Monoxide Detector"",Essentials,Shampoo,Hangers,""Hair Dryer"",Iron,""Laptop Friendly Workspace""}","$95.00","",11,98,10,10,10,10,10,0.7,253
"448",4787415,"f","North Queen Anne",47.6418114825234,-122.374071187407,"House","Entire home/apt",4,2,3,3,"Real Bed","{TV,Internet,""Wireless Internet"",Kitchen,""Free Parking on Premises"",Heating,""Family/Kid Friendly"",Washer,Dryer,""Smoke Detector"",""Fire Extinguisher"",Shampoo}","$175.00","$100.00",0,NA,NA,NA,NA,NA,NA,NA,196
"449",1602488,"f","North Queen Anne",47.6467574542695,-122.352799131119,"House","Private room",4,1,1,2,"Real Bed","{TV,""Cable TV"",Internet,""Wireless Internet"",Kitchen,""Free Parking on Premises"",""Pets live on this property"",""Indoor Fireplace"",Heating,""Family/Kid Friendly"",""Smoke Detector"",Essentials}","$95.00","",118,93,9,9,9,10,10,4.29,306
"450",8459215,"f","North Queen Anne",47.6416915064917,-122.359255046231,"House","Private room",2,1,1,1,"Real Bed","{TV,""Cable TV"",""Wireless Internet"",""Free Parking on Premises"",""Pets live on this property"",Dog(s),Heating,""Family/Kid Friendly"",""Smoke Detector"",""Carbon Monoxide Detector""}","$100.00","$25.00",0,NA,NA,NA,NA,NA,NA,NA,287
"451",10274175,"f","North Queen Anne",47.6497753641614,-122.357982811707,"Apartment","Private room",2,1,1,1,"Real Bed","{""Wireless Internet"",Kitchen}","$46.00","",0,NA,NA,NA,NA,NA,NA,NA,266
"452",9167786,"f","North Queen Anne",47.64235821035,-122.374046828859,"House","Private room",2,1,1,1,"Real Bed","{TV,""Cable TV"",Internet,""Wireless Internet"",""Air Conditioning"",""Indoor Fireplace"",Heating,Washer,Dryer,""Smoke Detector"",""24-Hour Check-in"",Hangers,""Hair Dryer"",Iron}","$50.00","$10.00",1,80,10,10,10,10,8,0.65,193
"453",5686435,"f","North Queen Anne",47.6426221410018,-122.364354744226,"House","Entire home/apt",6,2.5,3,2,"Real Bed","{TV,Internet,""Wireless Internet"",Kitchen,""Free Parking on Premises"",""Pets Allowed"",""Indoor Fireplace"",Heating,""Family/Kid Friendly"",Washer,Dryer,""Smoke Detector"",""Carbon Monoxide Detector"",""Fire Extinguisher"",Essentials,Shampoo}","$445.00","$125.00",6,100,10,10,10,10,10,0.88,241
"454",7939058,"f","North Queen Anne",47.6468945399492,-122.361439946999,"House","Private room",2,1,1,1,"Real Bed","{TV,""Wireless Internet"",Kitchen,""Free Parking on Premises"",Heating,""Family/Kid Friendly"",""Smoke Detector"",""Carbon Monoxide Detector"",Shampoo}","$75.00","",7,97,9,10,10,9,10,1.54,249
"455",8392801,"f","North Queen Anne",47.6518606598739,-122.364993720932,"House","Entire home/apt",4,1,2,2,"Real Bed","{TV,Internet,""Wireless Internet"",Kitchen,""Free Parking on Premises"",""Pets Allowed"",Heating,""Family/Kid Friendly"",Washer,Dryer,""Smoke Detector"",""Carbon Monoxide Detector"",Essentials,Shampoo}","$100.00","$50.00",5,100,10,10,10,9,10,1.61,218
"456",7404370,"f","North Queen Anne",47.6476389357706,-122.355294336047,"House","Entire home/apt",2,1,1,1,"Real Bed","{TV,""Cable TV"",""Wireless Internet"",Kitchen,Heating,""Smoke Detector"",""Carbon Monoxide Detector"",Essentials}","$130.00","",2,80,9,10,10,10,10,0.37,299
"457",3720511,"f","North Queen Anne",47.6475883175903,-122.358895393433,"House","Entire home/apt",5,3,3,3,"Real Bed","{Internet,""Wireless Internet"",""Air Conditioning"",Kitchen,""Hot Tub"",Heating,Washer,Dryer,""Smoke Detector"",""Fire Extinguisher"",Essentials}","$235.00","$125.00",5,96,10,10,10,10,10,0.29,271
"458",8193332,"f","North Queen Anne",47.6466584398095,-122.356814892627,"Apartment","Entire home/apt",4,1,1,1,"Real Bed","{TV,Internet,""Wireless Internet"",Kitchen,""Free Parking on Premises"",""Indoor Fireplace"",Heating,""Family/Kid Friendly"",Washer,Dryer,""Smoke Detector"",""Carbon Monoxide Detector"",""Fire Extinguisher"",Essentials,Shampoo}","$100.00","$25.00",1,80,10,10,10,10,8,0.86,286
"459",7957904,"f","North Queen Anne",47.652472138919,-122.369077766632,"Apartment","Entire home/apt",2,1,1,1,"Real Bed","{TV,""Wireless Internet"",""Air Conditioning"",Kitchen,""Free Parking on Premises"",Heating,Washer,Dryer,""Smoke Detector"",""Fire Extinguisher"",Essentials,Shampoo}","$120.00","",2,80,9,8,8,9,10,0.44,188
"460",4555997,"f","North Queen Anne",47.6534915552892,-122.369741270383,"Apartment","Entire home/apt",4,1,0,2,"Real Bed","{TV,Internet,""Wireless Internet"",Kitchen,""Free Parking on Premises"",""Pets live on this property"",Dog(s),Heating,""Family/Kid Friendly"",Washer,Dryer,""Smoke Detector"",""Carbon Monoxide Detector"",""First Aid Kit"",""Fire Extinguisher"",Essentials}","$80.00","$45.00",21,100,10,10,10,10,10,2.23,184
"461",2267088,"t","North Queen Anne",47.6453024468355,-122.36090611299,"Apartment","Entire home/apt",5,1,2,3,"Real Bed","{TV,Internet,""Wireless Internet"",Kitchen,""Free Parking on Premises"",""Pets Allowed"",Breakfast,""Pets live on this property"",Dog(s),Heating,""Family/Kid Friendly"",Washer,Dryer,""Smoke Detector"",""First Aid Kit"",""Fire Extinguisher"",Essentials,Shampoo,""24-Hour Check-in"",""Hair Dryer"",Iron,""Laptop Friendly Workspace""}","$110.00","$40.00",60,97,10,10,10,10,10,2.64,261
"462",108468,"f","North Queen Anne",47.6452880124382,-122.372642426365,"House","Entire home/apt",9,3,4,5,"Real Bed","{TV,""Cable TV"",Internet,""Wireless Internet"",Kitchen,""Free Parking on Premises"",""Pets Allowed"",""Indoor Fireplace"",Heating,""Family/Kid Friendly"",Washer,Dryer,Shampoo}","$395.00","$250.00",2,100,10,10,10,10,10,0.04,181
"463",6400379,"f","North Queen Anne",47.6435308769834,-122.360833873355,"House","Private room",2,1,1,1,"Real Bed","{TV,""Cable TV"",Internet,""Wireless Internet"",""Free Parking on Premises"",""Pets live on this property"",Dog(s),Heating,Washer,Dryer,""Smoke Detector"",""Carbon Monoxide Detector"",""First Aid Kit"",""Safety Card"",""Fire Extinguisher"",Essentials,Shampoo}","$88.00","$35.00",21,94,10,9,9,10,9,3.07,262
"464",5948003,"t","North Queen Anne",47.6414515090628,-122.374187892037,"Condominium","Private room",2,1,1,1,"Real Bed","{TV,Internet,""Wireless Internet"",Pool,Kitchen,""Free Parking on Premises"",Breakfast,""Elevator in Building"",Heating,Washer,Dryer,""Smoke Detector"",""Carbon Monoxide Detector"",""First Aid Kit"",Essentials,Shampoo,Hangers,""Hair Dryer"",Iron,""Laptop Friendly Workspace""}","$55.00","$20.00",31,97,10,10,10,10,10,3.54,199
"465",5058086,"t","North Queen Anne",47.6449132475028,-122.373462773343,"Apartment","Entire home/apt",2,1,0,1,"Real Bed","{Internet,""Wireless Internet"",""Air Conditioning"",Kitchen,""Free Parking on Premises"",""Pets Allowed"",""Pets live on this property"",Dog(s),""Indoor Fireplace"",Heating,Washer,Dryer,""Smoke Detector"",""First Aid Kit"",""Fire Extinguisher"",Essentials,Shampoo}","$145.00","$100.00",23,97,10,10,10,10,10,2.76,180
"466",1209255,"f","North Queen Anne",47.6409470993991,-122.357374824587,"House","Entire home/apt",6,2,3,3,"Real Bed","{TV,""Cable TV"",Internet,""Wireless Internet"",Kitchen,""Free Parking on Premises"",Heating,""Family/Kid Friendly"",Washer,Dryer,Essentials,Shampoo}","$425.00","$150.00",38,96,10,10,10,10,9,1.24,311
"467",1914051,"f","North Queen Anne",47.6414146613815,-122.365496027281,"Apartment","Entire home/apt",2,1,1,1,"Real Bed","{TV,""Cable TV"",Internet,""Wireless Internet"",Kitchen,""Free Parking on Premises"",Heating,""Family/Kid Friendly"",Washer,Dryer,""Smoke Detector"",Shampoo}","$114.00","$50.00",66,95,10,10,10,10,10,2.89,236
"468",2923529,"f","North Queen Anne",47.6465274448448,-122.35433431586,"Apartment","Entire home/apt",3,1,1,1,"Real Bed","{TV,Internet,""Wireless Internet"",Kitchen,""Free Parking on Premises"",""Indoor Fireplace"",""Buzzer/Wireless Intercom"",Heating,""Family/Kid Friendly"",Washer,Dryer,""Smoke Detector"",""Carbon Monoxide Detector"",""First Aid Kit"",""Fire Extinguisher"",Essentials,Shampoo,""24-Hour Check-in"",Hangers,""Hair Dryer"",Iron,""Laptop Friendly Workspace""}","$110.00","$50.00",63,98,10,10,10,10,10,3.18,302
"469",1027860,"f","North Queen Anne",47.6507952493895,-122.372384632805,"House","Entire home/apt",5,2,2,4,"Real Bed","{TV,Internet,""Wireless Internet"",""Air Conditioning"",Kitchen,""Free Parking on Premises"",""Pets live on this property"",Cat(s),Heating,""Family/Kid Friendly"",Washer,Dryer}","$300.00","$150.00",2,100,10,10,10,10,10,0.07,174
"470",2373176,"f","North Queen Anne",47.6399253026014,-122.367431299298,"Apartment","Entire home/apt",2,1,1,1,"Real Bed","{TV,""Cable TV"",Internet,""Wireless Internet"",Kitchen,""Free Parking on Premises"",Heating,""Family/Kid Friendly"",Washer,Dryer,""Smoke Detector"",Shampoo}","$117.00","$50.00",72,97,10,10,10,10,10,3.17,237
"471",6404427,"t","North Queen Anne",47.6423820847337,-122.37207284614,"House","Entire home/apt",4,1,2,2,"Real Bed","{TV,""Cable TV"",Internet,""Wireless Internet"",Kitchen,""Free Parking on Premises"",""Hot Tub"",""Indoor Fireplace"",Heating,Washer,Dryer,""Smoke Detector"",""Carbon Monoxide Detector"",""First Aid Kit"",""Fire Extinguisher"",Essentials,Shampoo}","$275.00","$100.00",28,99,10,10,10,10,10,4.26,205
"472",8517602,"f","North Queen Anne",47.6426565397307,-122.358108227288,"House","Private room",2,1.5,1,1,"Real Bed","{TV,Internet,""Wireless Internet"",Kitchen,""Free Parking on Premises"",""Indoor Fireplace"",Heating,""Family/Kid Friendly"",Washer,Dryer,""Smoke Detector"",""Carbon Monoxide Detector"",""First Aid Kit"",""Fire Extinguisher"",Essentials,Shampoo,""Lock on Bedroom Door"",Hangers,""Hair Dryer""}","$85.00","",25,98,10,10,10,10,10,7.5,294
"473",7035240,"f","North Queen Anne",47.6409645777904,-122.368286189945,"House","Entire home/apt",8,1.5,3,5,"Real Bed","{TV,Internet,""Wireless Internet"",Kitchen,""Free Parking on Premises"",""Family/Kid Friendly"",""Suitable for Events"",Washer,Dryer,""Smoke Detector"",""Carbon Monoxide Detector"",Essentials}","$300.00","$100.00",0,NA,NA,NA,NA,NA,NA,NA,228
"474",4583161,"f","North Queen Anne",47.6451929902547,-122.375819526433,"House","Private room",2,1,1,1,"Real Bed","{TV,""Wireless Internet"",""Free Parking on Premises"",""Indoor Fireplace"",Heating,""Smoke Detector"",""Carbon Monoxide Detector"",""Fire Extinguisher"",Essentials,Shampoo}","$53.00","$20.00",27,96,9,10,10,9,9,2.07,173
"475",7967844,"t","North Queen Anne",47.6441046616966,-122.37067963422,"House","Entire home/apt",4,1,2,2,"Real Bed","{TV,""Cable TV"",Internet,""Wireless Internet"",""Air Conditioning"",Kitchen,""Free Parking on Premises"",""Indoor Fireplace"",Heating,""Family/Kid Friendly"",""Smoke Detector"",""First Aid Kit"",""Safety Card"",Essentials,Shampoo}","$107.00","$120.00",24,94,9,10,10,10,10,6.1,203
"476",6562393,"t","North Queen Anne",47.6436243309699,-122.367423724247,"House","Entire home/apt",6,2,2,2,"Real Bed","{TV,""Cable TV"",Internet,""Wireless Internet"",Kitchen,""Free Parking on Premises"",""Pets Allowed"",Gym,""Hot Tub"",""Indoor Fireplace"",Heating,""Family/Kid Friendly"",""Suitable for Events"",Washer,Dryer,""Smoke Detector"",""Fire Extinguisher"",Essentials}","$348.00","$70.00",6,100,10,10,10,9,10,0.97,217
"477",7807087,"f","North Queen Anne",47.6543396831689,-122.370877442889,"House","Entire home/apt",4,1,2,3,"Real Bed","{TV,Internet,""Wireless Internet"",""Pets live on this property"",Dog(s),""Buzzer/Wireless Intercom"",Heating,""Family/Kid Friendly"",Washer,Dryer,""Smoke Detector"",Essentials,Shampoo,""24-Hour Check-in"",Hangers,""Hair Dryer"",""Laptop Friendly Workspace""}","$89.00","$60.00",10,94,10,10,10,9,9,2.54,169
"478",5405643,"t","North Queen Anne",47.6501730430888,-122.367600380497,"House","Entire home/apt",7,1,3,3,"Real Bed","{TV,Internet,""Wireless Internet"",Kitchen,""Free Parking on Premises"",""Indoor Fireplace"",Heating,""Family/Kid Friendly"",Washer,Dryer,""Smoke Detector"",""Carbon Monoxide Detector"",""First Aid Kit"",""Fire Extinguisher"",Essentials,Shampoo}","$89.00","$75.00",52,99,10,10,10,10,10,5.98,188
"479",7011200,"t","North Queen Anne",47.6505897732351,-122.371228613454,"Apartment","Entire home/apt",2,1,1,1,"Real Bed","{TV,Internet,""Wireless Internet"",Kitchen,""Free Parking on Premises"",""Pets Allowed"",""Pets live on this property"",Heating,Washer,Dryer,""Smoke Detector"",""Fire Extinguisher"",Essentials,Shampoo}","$89.00","$60.00",11,98,10,9,10,9,10,1.92,176
"480",610989,"f","North Queen Anne",47.6493934302021,-122.375583521054,"Bed & Breakfast","Private room",2,1,1,1,"Real Bed","{TV,""Cable TV"",Internet,""Wireless Internet"",""Air Conditioning"",""Free Parking on Premises"",Doorman,Breakfast,""Pets live on this property"",Dog(s),""Indoor Fireplace"",Heating}","$209.00","",1,100,10,10,10,10,10,0.04,170
"481",7839535,"f","North Queen Anne",47.6434111924696,-122.3627156295,"House","Private room",2,1,1,1,"Real Bed","{TV,""Cable TV"",Internet,""Wireless Internet"",Kitchen,""Free Parking on Premises"",""Indoor Fireplace"",Heating,Essentials,Shampoo}","$76.00","$35.00",4,95,10,9,9,10,9,1.13,249
"482",4814894,"f","North Queen Anne",47.6434349985243,-122.373007868038,"Apartment","Entire home/apt",4,1,2,2,"Real Bed","{TV,Internet,""Wireless Internet"",Kitchen,""Pets Allowed"",""Indoor Fireplace"",Heating,""Family/Kid Friendly"",Washer,Dryer,""Smoke Detector"",""Fire Extinguisher"",Essentials,Shampoo}","$74.00","$50.00",28,89,9,10,10,10,9,2.34,192
"483",186328,"f","North Queen Anne",47.6441308605917,-122.35629916529,"House","Entire home/apt",6,3,3,2,"Real Bed","{TV,""Cable TV"",Internet,""Wireless Internet"",Kitchen,""Free Parking on Premises"",""Pets live on this property"",Dog(s),Heating,Washer,Dryer}","$250.00","$100.00",1,NA,NA,NA,NA,NA,NA,0.04,294
"484",7492877,"f","North Queen Anne",47.6459807165699,-122.351244433344,"House","Entire home/apt",4,1,2,2,"Real Bed","{Internet,""Wireless Internet"",""Air Conditioning"",Kitchen,""Free Parking on Premises"",""Pets live on this property"",""Other pet(s)"",Heating,""Family/Kid Friendly"",Washer,Dryer,""Smoke Detector"",""First Aid Kit"",""Fire Extinguisher"",Essentials,Shampoo}","$180.00","$55.00",7,94,10,9,9,9,9,1.3,318
"485",6576228,"f","North Queen Anne",47.6527601967064,-122.36878421116,"Condominium","Entire home/apt",5,1,2,2,"Real Bed","{TV,""Wireless Internet"",Kitchen,""Free Parking on Premises"",""Pets Allowed"",""Pets live on this property"",Cat(s),Heating,""Family/Kid Friendly"",Washer,Dryer,""Smoke Detector"",""Carbon Monoxide Detector"",""First Aid Kit"",Essentials}","$179.00","",6,97,10,10,10,9,10,0.88,188
"486",241016,"f","North Queen Anne",47.6432862427687,-122.375818622421,"House","Entire home/apt",4,1,2,3,"Real Bed","{Internet,""Wireless Internet"",""Air Conditioning"",Kitchen,""Indoor Fireplace"",Heating,Washer,Dryer,""Smoke Detector"",Shampoo}","$115.00","$20.00",17,95,9,10,10,9,9,0.67,175
"487",6968101,"f","North Queen Anne",47.641529192866,-122.356709348688,"Apartment","Entire home/apt",5,1,2,2,"Real Bed","{TV,""Cable TV"",Internet,""Wireless Internet"",Kitchen,""Free Parking on Premises"",Heating,""Family/Kid Friendly"",""Smoke Detector"",""Carbon Monoxide Detector"",""First Aid Kit"",""Fire Extinguisher"",Essentials,Shampoo}","$140.00","",8,97,9,10,10,10,10,1.24,319
"488",5648564,"f","North Queen Anne",47.6472569016813,-122.359318876543,"Apartment","Entire home/apt",4,1.5,2,4,"Real Bed","{}","$150.00","$150.00",2,100,10,9,9,10,10,0.41,269
"489",4116645,"f","North Queen Anne",47.647215511598,-122.356696603988,"Apartment","Entire home/apt",3,1,1,2,"Futon","{TV,Internet,""Wireless Internet"",""Wheelchair Accessible"",Kitchen,""Elevator in Building"",""Buzzer/Wireless Intercom"",Heating,""Family/Kid Friendly"",Washer,Dryer,""Smoke Detector"",""Carbon Monoxide Detector"",Essentials,Shampoo}","$70.00","",20,92,9,10,10,9,9,1.36,287
"490",2419879,"f","North Queen Anne",47.6468830001317,-122.354231016518,"House","Entire home/apt",6,2,3,3,"Real Bed","{TV,""Cable TV"",Internet,""Wireless Internet"",Kitchen,""Indoor Fireplace"",Washer,Dryer}","$300.00","",6,83,9,10,10,10,10,0.32,302
"491",6425735,"f","North Queen Anne",47.647192767771,-122.358906229513,"Apartment","Private room",1,1,1,1,"Real Bed","{TV,""Wireless Internet"",Kitchen,""Free Parking on Premises"",""Pets live on this property"",Dog(s),Heating,Essentials}","$99.00","$40.00",1,100,10,10,10,10,10,0.14,272
"492",8105351,"f","North Queen Anne",47.6447871640259,-122.351314401112,"House","Entire home/apt",4,1,2,2,"Real Bed","{Kitchen,Heating,Washer,Dryer,""Smoke Detector"",""Carbon Monoxide Detector"",""First Aid Kit"",""Safety Card"",""Fire Extinguisher"",Essentials,Shampoo,""Hair Dryer"",Iron}","$89.00","$35.00",12,100,10,10,10,10,10,2.86,331
"493",9136499,"f","North Queen Anne",47.6453505929025,-122.375194175169,"Townhouse","Private room",1,1,1,1,"Real Bed","{TV,Internet,""Wireless Internet"",Kitchen,""Free Parking on Premises"",Heating,Washer,Dryer,""Smoke Detector"",""Carbon Monoxide Detector"",Essentials,Shampoo,""Lock on Bedroom Door"",Hangers,Iron}","$100.00","",0,NA,NA,NA,NA,NA,NA,NA,173
"494",3639023,"f","North Queen Anne",47.6448002236698,-122.373931472141,"Townhouse","Private room",2,1.5,1,1,"Real Bed","{TV,""Cable TV"",Internet,""Wireless Internet"",Kitchen,""Indoor Fireplace"",Heating,Washer,Dryer,""Smoke Detector"",""Carbon Monoxide Detector"",Essentials,Shampoo}","$84.00","$50.00",8,93,10,10,10,9,9,1.18,179
"495",6724599,"f","North Queen Anne",47.6401862559838,-122.366375712119,"Apartment","Entire home/apt",3,1,1,1,"Real Bed","{TV,Internet,""Wireless Internet"",Kitchen,Heating,Washer,Dryer,""Smoke Detector"",""Carbon Monoxide Detector"",""Fire Extinguisher"",Essentials,Shampoo}","$97.00","$25.00",13,98,10,10,10,10,10,1.93,245
"496",4211629,"t","North Queen Anne",47.6493668573286,-122.372247376927,"Apartment","Entire home/apt",4,1,2,2,"Real Bed","{""Cable TV"",""Wireless Internet"",Kitchen,""Free Parking on Premises"",""Indoor Fireplace"",Heating,""Family/Kid Friendly"",Washer,Dryer,""Smoke Detector"",""Carbon Monoxide Detector"",""Fire Extinguisher""}","$116.00","$80.00",7,100,10,10,10,10,9,0.51,176
"497",7151924,"t","North Queen Anne",47.6431498589343,-122.358952357918,"House","Entire home/apt",2,1,1,1,"Real Bed","{TV,""Cable TV"",Internet,""Wireless Internet"",Kitchen,""Free Parking on Premises"",""Pets live on this property"",Dog(s),Heating,Washer,Dryer,""Smoke Detector"",""Carbon Monoxide Detector"",""First Aid Kit"",""Safety Card"",""Fire Extinguisher"",Essentials,Shampoo}","$150.00","$75.00",9,96,10,10,10,10,9,1.84,281
"498",704764,"t","North Queen Anne",47.6421518091817,-122.369592775695,"Apartment","Entire home/apt",4,1,2,2,"Real Bed","{Internet,""Wireless Internet"",Kitchen,Breakfast,Heating,""Smoke Detector"",""Carbon Monoxide Detector"",""First Aid Kit"",Essentials,Shampoo,""24-Hour Check-in"",Hangers,""Hair Dryer"",Iron,""Laptop Friendly Workspace""}","$110.00","$50.00",112,97,10,10,10,10,10,3.02,213
"499",1796217,"f","North Queen Anne",47.6478367824016,-122.356168780678,"House","Entire home/apt",8,2.5,3,4,"Real Bed","{TV,""Cable TV"",Internet,""Wireless Internet"",Kitchen,""Free Parking on Premises"",""Indoor Fireplace"",Heating,""Family/Kid Friendly"",Washer,Dryer,""Smoke Detector"",""Carbon Monoxide Detector"",""Safety Card"",""Fire Extinguisher"",Essentials,Shampoo,""24-Hour Check-in"",Hangers,""Hair Dryer"",Iron,""Laptop Friendly Workspace""}","$265.00","$169.00",12,95,10,10,10,9,9,0.6,291
"500",4661812,"f","North Queen Anne",47.6440208476021,-122.375571561826,"Apartment","Entire home/apt",6,1,2,2,"Real Bed","{TV,""Cable TV"",""Wireless Internet"",Kitchen,""Free Parking on Premises"",Heating,Washer,Dryer,Essentials}","$115.00","$80.00",10,88,10,9,10,9,9,1.39,174
"501",8811945,"f","North Queen Anne",47.6426622804077,-122.371083982381,"House","Entire home/apt",4,1,2,2,"Real Bed","{TV,""Wireless Internet"",""Air Conditioning"",Kitchen,""Free Parking on Premises"",""Pets live on this property"",Cat(s),""Indoor Fireplace"",Heating,""Family/Kid Friendly"",Washer,Dryer,""Smoke Detector"",""Carbon Monoxide Detector"",""First Aid Kit"",""Safety Card"",""Fire Extinguisher"",Essentials,Shampoo}","$100.00","$50.00",0,NA,NA,NA,NA,NA,NA,NA,208
"502",1090307,"t","Green Lake",47.6770150495794,-122.330847747801,"House","Private room",2,1,1,1,"Real Bed","{TV,Internet,""Wireless Internet"",Kitchen,""Free Parking on Premises"",Heating}","$109.00","",81,98,10,10,10,10,10,2.48,221
"503",15108,"f","Green Lake",47.6882655474315,-122.335855524002,"House","Private room",2,1.5,1,1,"Real Bed","{Internet,""Wireless Internet"",Kitchen,""Pets live on this property"",Cat(s),""Hot Tub"",""Indoor Fireplace"",Heating,Washer,Dryer,""Smoke Detector"",""Carbon Monoxide Detector"",""First Aid Kit"",""Safety Card"",""Fire Extinguisher""}","$60.00","",42,86,8,10,10,9,9,0.77,176
"504",1882316,"f","Green Lake",47.6861450069075,-122.332184975138,"House","Entire home/apt",6,3,3,3,"Real Bed","{TV,Internet,""Wireless Internet"",Kitchen,""Free Parking on Premises"",""Indoor Fireplace"",Heating,""Family/Kid Friendly"",Washer,Dryer,""Smoke Detector"",Essentials}","$249.00","$100.00",37,93,10,9,10,9,9,1.62,184
"505",1095207,"f","Green Lake",47.685326721685,-122.342389078467,"House","Entire home/apt",7,3,3,3,"Real Bed","{TV,""Cable TV"",Internet,""Wireless Internet"",""Wheelchair Accessible"",Kitchen,""Free Parking on Premises"",""Hot Tub"",""Indoor Fireplace"",Heating,Washer,Dryer,""Smoke Detector"",""Carbon Monoxide Detector"",""First Aid Kit"",""Safety Card"",""Fire Extinguisher"",Essentials,Shampoo}","$250.00","$150.00",2,100,10,9,10,10,10,0.07,211
"506",1343805,"f","Green Lake",47.6733035387128,-122.322512979018,"House","Entire home/apt",4,2,3,1,"Real Bed","{Internet,Kitchen,""Indoor Fireplace"",Heating,Washer,Dryer}","$100.00","$300.00",1,91,10,10,8,10,8,0.04,220
"507",9217150,"f","Green Lake",47.6780302435879,-122.32648504901,"Apartment","Entire home/apt",2,1,0,1,"Real Bed","{TV,Internet,""Wireless Internet"",Kitchen,""Free Parking on Premises"",Gym,""Elevator in Building"",""Buzzer/Wireless Intercom"",Heating,Washer,Dryer,""Smoke Detector"",""Carbon Monoxide Detector"",""First Aid Kit"",""Safety Card"",""Fire Extinguisher"",Essentials,Shampoo,""24-Hour Check-in"",Hangers,Iron,""Laptop Friendly Workspace""}","$74.00","$20.00",3,100,10,10,10,10,10,1.55,213
"508",103920,"f","Green Lake",47.684156909775,-122.325972154203,"House","Entire home/apt",4,1,2,2,"Real Bed","{""Cable TV"",""Wireless Internet"",Kitchen,""Free Parking on Premises"",Heating,""Family/Kid Friendly"",Washer,Dryer,""Smoke Detector"",""Carbon Monoxide Detector"",""First Aid Kit"",""Safety Card"",""Fire Extinguisher"",Shampoo}","$235.00","$125.00",1,100,10,10,10,10,10,0.03,188
"509",2215336,"f","Green Lake",47.6737314139834,-122.334571311714,"Apartment","Entire home/apt",5,1,2,2,"Real Bed","{TV,""Cable TV"",Internet,""Wireless Internet"",Kitchen,""Free Parking on Premises"",""Pets Allowed"",""Pets live on this property"",Dog(s),Cat(s),Heating,""Family/Kid Friendly"",Washer,Dryer}","$99.00","$75.00",4,95,9,10,10,9,10,0.23,243
"510",1483944,"f","Green Lake",47.689767697407,-122.334646550222,"House","Private room",3,1,1,1,"Real Bed","{TV,Internet,""Wireless Internet"",""Air Conditioning"",""Wheelchair Accessible"",Kitchen,""Free Parking on Premises"",Breakfast,""Hot Tub"",Heating,""Family/Kid Friendly"",Washer,Dryer,""Smoke Detector"",""Carbon Monoxide Detector"",""First Aid Kit"",""Fire Extinguisher"",Essentials,Shampoo}","$96.00","$20.00",56,92,9,9,10,10,10,1.97,167
"511",6466129,"t","Green Lake",47.6746764685503,-122.33349619157,"House","Entire home/apt",4,1,1,2,"Real Bed","{TV,""Cable TV"",Internet,""Wireless Internet"",Kitchen,Heating,""Family/Kid Friendly"",Washer,Dryer,""Smoke Detector"",""Carbon Monoxide Detector"",Essentials,Shampoo}","$92.00","$30.00",41,94,9,9,10,10,9,5.62,242
"512",8536441,"f","Green Lake",47.6733577759528,-122.327325330078,"Apartment","Entire home/apt",4,1,1,2,"Real Bed","{TV,""Cable TV"",""Wireless Internet"",Kitchen,""Free Parking on Premises"",""Pets live on this property"",Cat(s),""Indoor Fireplace"",Heating,""Family/Kid Friendly"",""Smoke Detector"",""Carbon Monoxide Detector"",""First Aid Kit"",""Fire Extinguisher"",Essentials,Shampoo}","$85.00","",6,97,10,10,10,10,9,2.14,224
"513",6262987,"f","Green Lake",47.6749118357919,-122.325238095168,"House","Private room",4,1,1,2,"Real Bed","{TV,Internet,""Wireless Internet"",Kitchen,""Free Parking on Premises"",""Indoor Fireplace"",Heating,""Family/Kid Friendly"",""Smoke Detector"",""Carbon Monoxide Detector"",""First Aid Kit"",""Fire Extinguisher"",Essentials,Shampoo}","$55.00","$10.00",11,96,9,10,10,10,9,1.51,220
"514",8379081,"f","Green Lake",47.6743101497575,-122.322660077379,"House","Private room",4,1,1,1,"Real Bed","{TV,Internet,""Wireless Internet"",Kitchen,""Pets Allowed"",""Pets live on this property"",Dog(s),""Indoor Fireplace"",Heating,""Family/Kid Friendly"",""Suitable for Events"",Washer,Dryer,""Smoke Detector"",""Carbon Monoxide Detector"",""First Aid Kit"",""Safety Card"",""Fire Extinguisher"",Essentials,Shampoo,""Lock on Bedroom Door"",""24-Hour Check-in"",Hangers,""Hair Dryer"",Iron,""Laptop Friendly Workspace""}","$55.00","$35.00",5,92,8,8,8,10,9,1.42,215
"515",8365938,"f","Green Lake",47.6770844374318,-122.323523607542,"Apartment","Private room",2,1,1,1,"Real Bed","{TV,""Cable TV"",""Wireless Internet"",Kitchen,Breakfast,""Indoor Fireplace"",Heating,""Family/Kid Friendly""}","$80.00","",1,80,10,10,10,10,8,0.36,217
"516",9921445,"f","Green Lake",47.674526132363,-122.333473015234,"Apartment","Entire home/apt",4,1,1,1,"Real Bed","{TV,""Cable TV"",Internet,""Wireless Internet"",Kitchen,""Free Parking on Premises"",""Family/Kid Friendly"",Washer,Dryer,""Smoke Detector"",""Fire Extinguisher"",Essentials,Shampoo,""24-Hour Check-in"",""Hair Dryer""}","$195.00","",0,NA,NA,NA,NA,NA,NA,NA,242
"517",132160,"t","Green Lake",47.6822606054498,-122.343449998944,"Apartment","Entire home/apt",6,1,2,3,"Real Bed","{TV,Internet,""Wireless Internet"",""Air Conditioning"",Kitchen,""Free Parking on Premises"",""Pets live on this property"",""Other pet(s)"",Heating,Washer,Dryer,""Smoke Detector"",""Carbon Monoxide Detector"",""First Aid Kit""}","$145.00","",135,97,10,10,10,10,10,2.51,234
"518",2033191,"t","Green Lake",47.6755691534322,-122.332773028217,"Apartment","Entire home/apt",4,1,2,2,"Real Bed","{TV,""Cable TV"",Internet,""Wireless Internet"",Kitchen,Heating,""Family/Kid Friendly"",Washer,Dryer,""Smoke Detector"",""Carbon Monoxide Detector"",Essentials,Shampoo,""24-Hour Check-in"",Hangers,""Hair Dryer"",Iron,""Laptop Friendly Workspace""}","$180.00","$70.00",55,100,10,10,10,10,10,2.76,235
"519",8849407,"f","Green Lake",47.6765023936567,-122.325552760473,"Apartment","Private room",2,1,1,1,"Real Bed","{""Wireless Internet"",Kitchen,""Pets live on this property"",Cat(s),Heating,Washer,Dryer,""Smoke Detector"",""Carbon Monoxide Detector"",""First Aid Kit"",""Fire Extinguisher"",Essentials}","$50.00","$20.00",0,NA,NA,NA,NA,NA,NA,NA,215
"520",9922335,"f","Green Lake",47.675358542857,-122.333384526561,"Apartment","Entire home/apt",4,1,2,3,"Real Bed","{TV,""Cable TV"",Internet,""Wireless Internet"",Kitchen,""Free Parking on Premises"",Heating,""Family/Kid Friendly"",Washer,Dryer,""Smoke Detector"",""Fire Extinguisher"",Essentials,Shampoo,""24-Hour Check-in"",""Hair Dryer""}","$160.00","",0,NA,NA,NA,NA,NA,NA,NA,242
"521",7243974,"f","Green Lake",47.6760581219403,-122.323279346598,"House","Entire home/apt",5,1,2,3,"Real Bed","{TV,Internet,""Wireless Internet"",Kitchen,""Free Parking on Premises"",""Pets live on this property"",""Indoor Fireplace"",Heating,""Family/Kid Friendly"",""Smoke Detector"",""Carbon Monoxide Detector"",Shampoo}","$140.00","$35.00",5,100,10,10,10,10,10,1.01,216
"522",6490453,"f","Green Lake",47.6763382443755,-122.329585934924,"House","Private room",2,1,1,1,"Real Bed","{""Cable TV"",""Wireless Internet"",Kitchen,""Free Parking on Premises"",""Pets live on this property"",Cat(s),Heating,Washer,Dryer,""Smoke Detector"",""Carbon Monoxide Detector"",""First Aid Kit"",""Fire Extinguisher"",Essentials,Shampoo}","$140.00","$35.00",14,97,10,10,10,10,10,2.06,218
"523",4025593,"t","Green Lake",47.6780561010757,-122.322245592203,"Apartment","Private room",2,1,1,1,"Real Bed","{TV,""Cable TV"",Internet,""Wireless Internet"",""Wheelchair Accessible"",Kitchen,Breakfast,""Elevator in Building"",""Indoor Fireplace"",""Buzzer/Wireless Intercom"",Heating,""Family/Kid Friendly"",Washer,Dryer,""Smoke Detector"",""Carbon Monoxide Detector"",""First Aid Kit"",Essentials}","$40.00","",107,97,9,10,10,9,10,7.02,216
"524",8556103,"f","Green Lake",47.6877066807972,-122.335777716324,"House","Entire home/apt",2,1,1,1,"Real Bed","{TV,""Cable TV"",""Wireless Internet"",Kitchen,""Indoor Fireplace"",Heating,Washer,Dryer,""Smoke Detector"",""Carbon Monoxide Detector"",""First Aid Kit"",""Safety Card"",""Fire Extinguisher"",Essentials,Shampoo,Iron,""Laptop Friendly Workspace""}","$145.00","$80.00",2,100,10,10,10,10,10,2,179
"525",955506,"f","Green Lake",47.6904485684697,-122.342187395016,"House","Entire home/apt",4,1,2,2,"Real Bed","{TV,""Cable TV"",Internet,""Wireless Internet"",Kitchen,""Indoor Fireplace"",Heating,""Family/Kid Friendly"",Washer,Dryer,""Smoke Detector"",""Carbon Monoxide Detector"",""First Aid Kit"",""Fire Extinguisher"",Essentials}","$225.00","$80.00",22,94,10,10,10,10,10,0.65,170
"526",9868607,"f","Green Lake",47.67552250956,-122.324297651192,"Townhouse","Entire home/apt",4,1.5,2,3,"Real Bed","{TV,""Cable TV"",Internet,""Wireless Internet"",Kitchen,""Free Parking on Premises"",Heating,""Family/Kid Friendly"",Washer,Dryer,""Smoke Detector"",""Carbon Monoxide Detector"",""First Aid Kit"",""Safety Card"",""Fire Extinguisher"",Essentials,Shampoo,""24-Hour Check-in"",Hangers,""Hair Dryer"",Iron}","$325.00","$85.00",0,NA,NA,NA,NA,NA,NA,NA,218
"527",8668073,"f","Green Lake",47.6723226667001,-122.321942318812,"House","Entire home/apt",5,2,2,3,"Real Bed","{TV,Internet,""Wireless Internet"",Kitchen,""Free Parking on Premises"",""Hot Tub"",""Indoor Fireplace"",Heating,""Family/Kid Friendly"",Washer,Dryer,""Smoke Detector"",""Carbon Monoxide Detector"",""First Aid Kit"",""Fire Extinguisher"",Essentials,Shampoo}","$199.00","$100.00",0,NA,NA,NA,NA,NA,NA,NA,218
"528",790860,"f","Green Lake",47.6853297927933,-122.324851843236,"Apartment","Entire home/apt",7,1,3,1,"Real Bed","{TV,""Cable TV"",Internet,""Wireless Internet"",Kitchen,""Free Parking on Premises"",""Indoor Fireplace"",Heating,""Family/Kid Friendly"",Washer,Dryer}","$450.00","$250.00",1,NA,NA,NA,NA,NA,NA,0.12,185
"529",261912,"t","Green Lake",47.6837806708337,-122.342012818879,"House","Entire home/apt",4,1,2,2,"Real Bed","{TV,Internet,""Wireless Internet"",""Air Conditioning"",Kitchen,""Free Parking on Premises"",""Pets live on this property"",""Other pet(s)"",Heating,Washer,Dryer,""Smoke Detector"",""Carbon Monoxide Detector"",""First Aid Kit"",Essentials}","$175.00","",28,96,10,10,10,10,10,0.62,226
"530",368403,"f","Green Lake",47.6835447395221,-122.33091114441,"House","Entire home/apt",12,3,6,6,"Real Bed","{""Cable TV"",Internet,""Wireless Internet"",Kitchen,""Free Parking on Premises"",""Indoor Fireplace"",Heating,""Family/Kid Friendly"",""Suitable for Events"",Washer,Dryer,""Smoke Detector"",""Carbon Monoxide Detector"",""First Aid Kit"",""Safety Card"",""Fire Extinguisher"",Essentials,Shampoo}","$550.00","$300.00",5,100,10,10,10,10,10,0.18,208
"531",9878971,"f","Green Lake",47.6746899149564,-122.332415480409,"House","Entire home/apt",7,2,3,5,"Real Bed","{TV,Internet,""Wireless Internet"",Kitchen,""Pets Allowed"",""Pets live on this property"",Dog(s),Cat(s),Heating,""Family/Kid Friendly"",Washer,Dryer,""Smoke Detector"",""Carbon Monoxide Detector"",""First Aid Kit"",""Safety Card"",""Fire Extinguisher"",Essentials,Shampoo,Hangers,""Laptop Friendly Workspace""}","$149.00","$100.00",0,NA,NA,NA,NA,NA,NA,NA,234
"532",5602370,"f","Green Lake",47.6858705024416,-122.327567034962,"Apartment","Entire home/apt",2,1,1,1,"Real Bed","{TV,""Wireless Internet"",Kitchen,""Free Parking on Premises"",Heating,Washer,Dryer,""Smoke Detector"",""Carbon Monoxide Detector"",""Fire Extinguisher"",Essentials,Shampoo}","$130.00","",1,100,10,10,10,10,10,0.25,184
"533",9395217,"f","Green Lake",47.6800963848684,-122.323421066472,"Apartment","Entire home/apt",2,1,0,1,"Real Bed","{TV,""Cable TV"",Internet,""Wireless Internet"",""Air Conditioning"",""Wheelchair Accessible"",Kitchen,""Pets Allowed"",""Pets live on this property"",Cat(s),""Elevator in Building"",Heating,""Family/Kid Friendly"",Washer,Dryer,""Smoke Detector"",""Carbon Monoxide Detector"",""First Aid Kit"",""Fire Extinguisher"",Essentials,Shampoo,""24-Hour Check-in"",Hangers,""Hair Dryer"",Iron,""Laptop Friendly Workspace""}","$85.00","$30.00",0,NA,NA,NA,NA,NA,NA,NA,211
"534",7331079,"f","Green Lake",47.6731444895789,-122.325953110797,"House","Entire home/apt",4,1,3,3,"Real Bed","{TV,Internet,""Wireless Internet"",Kitchen,""Free Parking on Premises"",""Indoor Fireplace"",Heating,""Family/Kid Friendly"",""Smoke Detector"",""Carbon Monoxide Detector"",""First Aid Kit"",""Safety Card"",""Fire Extinguisher"",Essentials}","$300.00","$100.00",1,100,10,10,10,10,10,0.21,222
"535",580182,"t","Green Lake",47.6765965888927,-122.330775925672,"House","Entire home/apt",6,1.5,3,3,"Real Bed","{TV,""Cable TV"",Internet,""Wireless Internet"",Kitchen,""Indoor Fireplace"",Heating,""Family/Kid Friendly"",Washer,Dryer,Essentials,Shampoo}","$79.00","$75.00",92,97,9,10,10,10,9,2.3,222
"536",8152191,"f","Green Lake",47.6764402210263,-122.327493265871,"House","Private room",2,1,1,1,"Real Bed","{""Wireless Internet"",Heating,Washer,Dryer,""Smoke Detector"",""Carbon Monoxide Detector"",Essentials}","$59.00","",11,89,9,9,10,10,9,2.77,220
"537",103908,"f","Green Lake",47.6842730778712,-122.326615922022,"House","Entire home/apt",2,1,1,1,"Real Bed","{""Cable TV"",""Wireless Internet"",Kitchen,""Free Parking on Premises"",""Buzzer/Wireless Intercom"",Heating,""Family/Kid Friendly"",Washer,Dryer,""Smoke Detector"",""Carbon Monoxide Detector"",""First Aid Kit"",""Safety Card"",""Fire Extinguisher""}","$140.00","$125.00",4,95,10,10,10,10,10,0.09,189
"538",783061,"t","Green Lake",47.670306602596,-122.339095151577,"House","Private room",2,1.5,1,1,"Real Bed","{TV,""Cable TV"",""Wireless Internet"",Kitchen,""Free Parking on Premises"",""Pets live on this property"",Dog(s),""Indoor Fireplace"",Heating,""Family/Kid Friendly"",Washer,Dryer,""Smoke Detector"",""Carbon Monoxide Detector"",""First Aid Kit"",""Safety Card"",""Fire Extinguisher"",Essentials,Shampoo}","$60.00","",34,97,9,10,10,10,10,0.9,246
"539",7901725,"f","Green Lake",47.6757199882342,-122.332176774707,"House","Entire home/apt",8,2.5,3,5,"Real Bed","{TV,""Cable TV"",Internet,""Wireless Internet"",""Air Conditioning"",Kitchen,""Free Parking on Premises"",""Pets live on this property"",Dog(s),Heating,""Family/Kid Friendly"",Washer,Dryer,""Smoke Detector"",""Carbon Monoxide Detector"",""Fire Extinguisher"",Essentials}","$215.00","$80.00",0,NA,NA,NA,NA,NA,NA,NA,233
"540",4968752,"t","Green Lake",47.678537358919,-122.32501336392,"House","Entire home/apt",5,1.5,2,2,"Real Bed","{TV,Internet,""Wireless Internet"",Kitchen,""Free Parking on Premises"",Heating,""Family/Kid Friendly"",Washer,Dryer,""Smoke Detector"",""Carbon Monoxide Detector"",""First Aid Kit"",""Safety Card"",""Fire Extinguisher"",Essentials,Shampoo}","$100.00","$10.00",48,98,10,10,10,10,10,4.36,214
"541",14386,"f","Green Lake",47.6872456760919,-122.33469570236,"House","Private room",2,1.5,1,1,"Futon","{Internet,""Wireless Internet"",Kitchen,""Pets live on this property"",""Hot Tub"",""Indoor Fireplace"",Heating,""Family/Kid Friendly"",Washer,Dryer,""Smoke Detector"",""Carbon Monoxide Detector"",""First Aid Kit"",""Safety Card"",""Fire Extinguisher""}","$40.00","",30,96,9,10,10,10,10,0.46,184
"542",7517215,"f","Green Lake",47.6734553395076,-122.337212075259,"House","Private room",4,1,1,2,"Real Bed","{TV,""Wireless Internet"",""Free Parking on Premises"",""Hot Tub"",Heating,""Smoke Detector"",""Fire Extinguisher"",Essentials,Shampoo}","$99.00","$20.00",3,93,10,8,9,10,10,0.63,241
"543",1602421,"f","Green Lake",47.6871305926926,-122.334513744202,"House","Private room",2,1.5,1,1,"Real Bed","{""Wireless Internet"",Kitchen,""Free Parking on Premises"",""Pets live on this property"",Dog(s),Cat(s),""Hot Tub"",""Indoor Fireplace"",Heating,""Family/Kid Friendly"",Washer,Dryer}","$45.00","",18,93,9,10,10,10,10,0.72,185
"544",3821822,"t","Green Lake",47.6883369263303,-122.343907429687,"Apartment","Entire home/apt",3,1,1,2,"Real Bed","{Internet,""Wireless Internet"",Kitchen,""Free Parking on Premises"",Heating,""Family/Kid Friendly"",Washer,Dryer,""Smoke Detector"",""Carbon Monoxide Detector"",""Fire Extinguisher"",Essentials,Shampoo}","$75.00","$25.00",78,98,10,10,10,10,10,4.57,185
"545",6073437,"f","Green Lake",47.6761145048733,-122.332438069116,"Apartment","Entire home/apt",2,1,0,1,"Real Bed","{TV,""Cable TV"",""Wireless Internet"",Kitchen,""Free Parking on Premises"",Heating,Washer,Dryer,""Smoke Detector"",""Carbon Monoxide Detector"",""First Aid Kit"",""Fire Extinguisher"",Essentials,Shampoo}","$119.00","",25,96,9,10,10,10,10,3.39,233
"546",7917700,"f","Green Lake",47.6713220741554,-122.336826764107,"House","Private room",2,1,1,2,"Real Bed","{""Wireless Internet"",""Free Parking on Premises"",""Hot Tub"",Heating,""Smoke Detector"",""Fire Extinguisher"",Shampoo}","$99.00","$20.00",1,80,10,10,10,10,8,0.22,241
"547",6278181,"f","Green Lake",47.6747805408414,-122.324621821555,"House","Entire home/apt",6,1,3,3,"Real Bed","{TV,Internet,""Wireless Internet"",""Air Conditioning"",Kitchen,""Free Parking on Premises"",""Indoor Fireplace"",Heating,""Family/Kid Friendly"",""Smoke Detector"",""Carbon Monoxide Detector"",""First Aid Kit"",""Fire Extinguisher"",Essentials,Shampoo}","$225.00","$25.00",2,90,8,10,10,10,9,0.45,220
"548",4279578,"t","Green Lake",47.6819077644244,-122.327853354164,"Apartment","Entire home/apt",2,1,1,1,"Real Bed","{TV,""Cable TV"",""Wireless Internet"",""Free Parking on Premises"",""Pets live on this property"",Dog(s),Heating,""Smoke Detector"",""Carbon Monoxide Detector"",""First Aid Kit"",""Safety Card"",""Fire Extinguisher"",Essentials,Shampoo}","$85.00","$50.00",47,100,10,10,10,10,10,3.25,212
"549",9907337,"f","Green Lake",47.6751391849676,-122.333283890679,"Apartment","Entire home/apt",4,1,2,2,"Real Bed","{""Cable TV"",""Wireless Internet"",Kitchen,Heating,""Family/Kid Friendly"",Washer,Dryer,""Smoke Detector"",""Carbon Monoxide Detector"",""Fire Extinguisher"",Essentials,Shampoo,Hangers,""Hair Dryer"",Iron}","$135.00","$80.00",0,NA,NA,NA,NA,NA,NA,NA,241
"550",1796861,"f","Green Lake",47.675724025098,-122.324692762567,"House","Entire home/apt",6,1.5,3,3,"Real Bed","{TV,""Cable TV"",Internet,""Wireless Internet"",Kitchen,""Free Parking on Premises"",Heating,""Family/Kid Friendly"",Washer,Dryer,""Smoke Detector"",""Carbon Monoxide Detector"",""First Aid Kit"",Essentials,Shampoo}","$335.00","$150.00",14,98,10,10,10,10,9,0.8,217
"551",4211836,"f","Green Lake",47.6811058387248,-122.323946490764,"House","Private room",2,1,1,1,"Real Bed","{TV,""Cable TV"",Internet,""Wireless Internet"",Kitchen,""Free Parking on Premises"",""Indoor Fireplace"",Heating,""Family/Kid Friendly"",""Suitable for Events"",Washer,Dryer,""Smoke Detector"",""Carbon Monoxide Detector"",""First Aid Kit"",Essentials,Shampoo}","$79.00","$20.00",4,100,10,10,10,9,10,0.27,207
"552",4025954,"f","Green Lake",47.6767393745327,-122.330190733429,"Apartment","Entire home/apt",2,1,1,1,"Real Bed","{""Cable TV"",Internet,""Wireless Internet"",Kitchen,""Pets live on this property"",Cat(s),Heating,Washer,Dryer,""Smoke Detector"",""Carbon Monoxide Detector"",Essentials,Shampoo}","$90.00","$25.00",33,96,10,10,10,10,10,2.06,221
"553",6154478,"f","Green Lake",47.6865322371629,-122.337773312759,"House","Entire home/apt",2,1.5,1,1,"Real Bed","{TV,Internet,""Wireless Internet"",Kitchen,""Free Parking on Premises"",""Pets Allowed"",""Pets live on this property"",Dog(s),Heating,Washer,Dryer,""Smoke Detector"",""Carbon Monoxide Detector"",""Fire Extinguisher"",Hangers}","$111.00","$5.00",13,94,8,10,9,9,9,1.74,188
"554",84030,"f","Green Lake",47.6847218206925,-122.338821456984,"House","Private room",4,1,1,2,"Real Bed","{TV,""Cable TV"",Internet,""Wireless Internet"",""Free Parking on Premises"",Heating,""Family/Kid Friendly"",Washer,Dryer,""Smoke Detector"",""Carbon Monoxide Detector"",Essentials}","$110.00","$75.00",60,88,9,10,9,10,9,1.04,227
"555",4235559,"f","Green Lake",47.6889069092205,-122.334013100769,"House","Entire home/apt",8,2,3,2,"Real Bed","{TV,""Cable TV"",Internet,""Wireless Internet"",""Air Conditioning"",Kitchen,""Free Parking on Premises"",""Pets Allowed"",Heating,""Family/Kid Friendly"",Washer,Dryer,""Smoke Detector"",""Carbon Monoxide Detector"",""First Aid Kit"",""Safety Card"",""Fire Extinguisher"",Essentials,Shampoo}","$325.00","$119.00",6,93,10,10,10,10,10,0.9,172
"556",830948,"f","Westlake",47.6334738615311,-122.343444766051,"Apartment","Private room",2,1,1,1,"Real Bed","{TV,""Cable TV"",Internet,""Wireless Internet"",Kitchen,""Free Parking on Premises"",""Elevator in Building"",""Indoor Fireplace"",""Buzzer/Wireless Intercom"",Heating,""Family/Kid Friendly"",""Suitable for Events"",Washer,Dryer}","$85.00","$60.00",3,100,10,10,10,9,9,0.09,453
"557",3468261,"f","Westlake",47.627943259652,-122.341270517677,"Apartment","Entire home/apt",2,1,1,1,"Real Bed","{TV,Internet,""Wireless Internet"",Kitchen,Gym,""Elevator in Building"",Heating,Washer,Dryer,""Smoke Detector"",""Carbon Monoxide Detector"",""Fire Extinguisher"",Essentials,Shampoo}","$190.00","$50.00",7,100,10,10,10,9,10,0.4,460
"558",10026648,"f","Westlake",47.6286640184796,-122.342709221729,"Apartment","Entire home/apt",1,1,1,1,"Couch","{Internet,""Wireless Internet"",Kitchen,Gym,""Elevator in Building"",Heating,""Family/Kid Friendly"",Washer,Dryer,""Smoke Detector"",""Carbon Monoxide Detector"",Essentials,Shampoo}","$65.00","",0,NA,NA,NA,NA,NA,NA,NA,461
"559",9117633,"f","Westlake",47.6320104941784,-122.342736785493,"Condominium","Entire home/apt",4,2,2,2,"Real Bed","{TV,""Cable TV"",Internet,""Wireless Internet"",Kitchen,""Pets Allowed"",""Elevator in Building"",""Hot Tub"",""Indoor Fireplace"",Heating,""Family/Kid Friendly"",Washer,Dryer,""Smoke Detector"",""Carbon Monoxide Detector"",Essentials,Shampoo}","$250.00","",0,NA,NA,NA,NA,NA,NA,NA,455
"560",9158383,"f","Westlake",47.6329662654411,-122.341305195191,"Apartment","Private room",1,1,1,1,"Real Bed","{TV,Internet,""Wireless Internet"",Kitchen,Heating,""Family/Kid Friendly"",Washer,Dryer,Essentials,""24-Hour Check-in"",Hangers,""Laptop Friendly Workspace""}","$69.00","",0,NA,NA,NA,NA,NA,NA,NA,462
"561",1145590,"f","Westlake",47.6334028404097,-122.342630742182,"Apartment","Entire home/apt",5,2,2,2,"Real Bed","{TV,""Wireless Internet"",Kitchen,""Free Parking on Premises"",""Elevator in Building"",""Indoor Fireplace"",""Buzzer/Wireless Intercom"",Heating,""Suitable for Events"",""Smoke Detector"",Essentials,Shampoo}","$400.00","$75.00",8,76,7,8,9,9,8,0.26,454
"562",5020848,"f","Westlake",47.6311942430356,-122.341303594873,"Boat","Private room",2,2,1,2,"Real Bed","{Internet,""Wireless Internet"",Kitchen,""Free Parking on Premises"",Breakfast,Washer,Dryer}","$150.00","",0,NA,NA,NA,NA,NA,NA,NA,467
"563",9600159,"f","Westlake",47.6361900391056,-122.342588648492,"Apartment","Entire home/apt",6,2,2,3,"Real Bed","{TV,Internet,""Wireless Internet"",""Air Conditioning"",Kitchen,""Free Parking on Premises"",""Elevator in Building"",""Indoor Fireplace"",Heating,""Family/Kid Friendly"",Washer,Dryer,""Smoke Detector"",Essentials,Shampoo,Hangers,""Hair Dryer"",Iron,""Laptop Friendly Workspace""}","$200.00","",0,NA,NA,NA,NA,NA,NA,NA,424
"564",3522409,"f","Westlake",47.6361554936015,-122.340421199675,"House","Entire home/apt",4,1,1,2,"Real Bed","{TV,Internet,""Wireless Internet"",Kitchen,Breakfast,Heating,""Family/Kid Friendly"",""Smoke Detector"",""Fire Extinguisher"",Essentials,Shampoo}","$141.00","$45.00",29,94,10,9,9,10,9,7.63,433
"565",9492873,"f","Westlake",47.6326263879151,-122.341800585895,"Apartment","Entire home/apt",2,1,0,1,"Real Bed","{TV,Internet,""Wireless Internet"",Kitchen,""Elevator in Building"",""Buzzer/Wireless Intercom"",Heating,""Family/Kid Friendly"",Washer,Dryer,""Smoke Detector"",""Carbon Monoxide Detector"",""First Aid Kit"",""Fire Extinguisher"",Essentials,Shampoo,Hangers,""Hair Dryer"",Iron,""Laptop Friendly Workspace""}","$85.00","",2,100,10,10,10,10,10,1.62,458
"566",5534463,"f","Westlake",47.631673523684,-122.340508174027,"Boat","Entire home/apt",8,4,4,6,"Real Bed","{TV,""Cable TV"",Internet,""Wireless Internet"",Kitchen,Heating,""Family/Kid Friendly"",""Suitable for Events"",Washer,Dryer,""Smoke Detector"",""Carbon Monoxide Detector"",""First Aid Kit"",""Fire Extinguisher"",Essentials,Shampoo}","$775.00","$100.00",9,98,10,10,10,10,9,0.92,471
"567",9409233,"f","Westlake",47.6373009714428,-122.340156899408,"House","Entire home/apt",4,1,1,2,"Real Bed","{TV,""Cable TV"",Internet,""Wireless Internet"",Kitchen,""Free Parking on Premises"",""Indoor Fireplace"",Heating,""Family/Kid Friendly"",Washer,Dryer,""Smoke Detector"",""Carbon Monoxide Detector"",""First Aid Kit"",""Fire Extinguisher"",Essentials,Shampoo,""24-Hour Check-in"",Hangers,""Hair Dryer"",Iron,""Laptop Friendly Workspace""}","$195.00","$50.00",0,NA,NA,NA,NA,NA,NA,NA,420
"568",9531265,"f","Westlake",47.6293747426879,-122.33974644855,"Boat","Entire home/apt",4,2,2,3,"Real Bed","{""Cable TV"",""Wireless Internet"",Kitchen,""Free Parking on Premises"",Heating,""Safety Card"",""Fire Extinguisher"",""24-Hour Check-in""}","$249.00","$100.00",0,NA,NA,NA,NA,NA,NA,NA,470
"569",5364609,"f","Westlake",47.6271596489808,-122.343222808004,"Apartment","Entire home/apt",2,1,1,1,"Real Bed","{}","$95.00","$20.00",6,97,8,10,9,9,10,0.57,448
"570",6629132,"f","Westlake",47.6305833109655,-122.343449308251,"Townhouse","Private room",3,1,1,1,"Real Bed","{TV,""Cable TV"",""Wireless Internet"",Kitchen,""Smoking Allowed"",Breakfast,""Pets live on this property"",Cat(s),""Indoor Fireplace"",Heating,Washer,Dryer,""Smoke Detector"",""Carbon Monoxide Detector"",""First Aid Kit"",""Safety Card"",Essentials}","$122.00","",11,100,10,10,10,10,10,1.62,452
"571",5489676,"f","Westlake",47.6282015688767,-122.343516047872,"Apartment","Entire home/apt",4,1,2,2,"Real Bed","{TV,""Cable TV"",""Wireless Internet"",Kitchen,""Buzzer/Wireless Intercom"",Heating,Washer,Dryer,Essentials,Shampoo}","$170.00","",2,100,8,10,10,10,10,0.26,457
"572",9347157,"f","Westlake",47.6343576891209,-122.340990327138,"Apartment","Private room",2,1,1,1,"Real Bed","{Internet,""Wireless Internet"",Kitchen,""Free Parking on Premises"",""Pets Allowed"",""Pets live on this property"",Cat(s),""Buzzer/Wireless Intercom"",Heating,""Family/Kid Friendly"",Washer,Dryer,""Smoke Detector"",Essentials,Shampoo,""24-Hour Check-in"",Hangers,""Hair Dryer"",""Laptop Friendly Workspace""}","$65.00","",4,100,9,10,10,10,9,3.75,460
"573",10035644,"f","Mann",47.6200163739543,-122.299804562936,"Apartment","Entire home/apt",2,1,1,1,"Real Bed","{TV,Internet,""Wireless Internet"",Kitchen,Heating,""Smoke Detector"",""Fire Extinguisher"",Shampoo}","$90.00","",0,NA,NA,NA,NA,NA,NA,NA,389
"574",8293287,"f","Mann",47.6133195104039,-122.300566851701,"House","Private room",2,1,1,1,"Real Bed","{TV,Internet,""Wireless Internet"",Kitchen,""Indoor Fireplace"",Heating,Washer,Dryer,""Smoke Detector"",""Fire Extinguisher"",Essentials,Shampoo,""24-Hour Check-in"",Hangers,""Hair Dryer"",Iron}","$88.00","$30.00",8,98,10,10,10,10,10,2.14,386
"575",910784,"f","Mann",47.6137539243496,-122.300457541454,"House","Entire home/apt",5,1,2,2,"Real Bed","{TV,""Cable TV"",""Wireless Internet"",""Wheelchair Accessible"",Kitchen,""Free Parking on Premises"",""Pets live on this property"",Dog(s),Heating,""Family/Kid Friendly"",Washer,Dryer,""Smoke Detector"",""Carbon Monoxide Detector"",""First Aid Kit"",Essentials,Shampoo}","$125.00","$25.00",132,95,10,10,10,9,9,4.39,384
"576",7071222,"f","Mann",47.6219113707022,-122.297501126154,"Townhouse","Entire home/apt",5,2,2,2,"Real Bed","{TV,""Cable TV"",Internet,""Wireless Internet"",""Air Conditioning"",Kitchen,Heating,""Family/Kid Friendly"",Washer,Dryer,""Smoke Detector"",""Carbon Monoxide Detector"",""First Aid Kit"",""Safety Card"",""Fire Extinguisher"",Essentials,Shampoo,""24-Hour Check-in"",Hangers,""Hair Dryer"",Iron,""Laptop Friendly Workspace""}","$145.00","$120.00",3,93,9,10,10,10,9,0.6,387
"577",8687716,"f","Mann",47.6130367220988,-122.299453236784,"House","Entire home/apt",6,3.5,3,3,"Real Bed","{TV,""Cable TV"",""Wireless Internet"",Kitchen,""Pets Allowed"",""Indoor Fireplace"",Heating,""Family/Kid Friendly"",Washer,Dryer,""Smoke Detector"",""Carbon Monoxide Detector"",""Fire Extinguisher""}","$275.00","$195.00",2,100,10,10,10,9,10,0.71,384
"578",7430679,"f","Mann",47.6182528462338,-122.298467890034,"Townhouse","Private room",1,1,1,1,"Real Bed","{Internet,""Wireless Internet"",Kitchen,""Free Parking on Premises"",Heating,Washer,Dryer,""Smoke Detector"",Essentials,Shampoo}","$60.00","",7,94,10,9,9,9,9,1.4,376
"579",180939,"f","Mann",47.6130596718649,-122.297385011056,"Apartment","Entire home/apt",2,1,1,1,"Real Bed","{""Wireless Internet"",Kitchen,""Free Parking on Premises"",Heating,""Family/Kid Friendly"",Washer,Dryer}","$95.00","$75.00",93,94,10,10,10,9,10,1.72,369
"580",6884604,"f","Mann",47.6031269707238,-122.300670657185,"House","Entire home/apt",2,1,0,1,"Real Bed","{Internet,""Wireless Internet"",Kitchen,""Free Parking on Premises"",Heating,""Smoke Detector"",""Carbon Monoxide Detector"",""First Aid Kit"",""Safety Card"",""Fire Extinguisher"",Essentials,Shampoo}","$140.00","$60.00",24,88,10,10,10,9,9,3.91,374
"581",7397476,"t","Mann",47.6209162747481,-122.297914876057,"Condominium","Entire home/apt",6,2,2,3,"Real Bed","{TV,""Cable TV"",Internet,""Wireless Internet"",""Air Conditioning"",Kitchen,""Free Parking on Premises"",""Buzzer/Wireless Intercom"",Heating,""Family/Kid Friendly"",Washer,Dryer,""Smoke Detector"",""Carbon Monoxide Detector"",""First Aid Kit"",""Fire Extinguisher"",Essentials,Shampoo,""24-Hour Check-in"",Hangers,""Hair Dryer"",Iron,""Laptop Friendly Workspace""}","$250.00","$95.00",7,97,10,9,10,10,10,1.41,384
"582",1063855,"f","Mann",47.6121976255837,-122.297771490839,"House","Entire home/apt",5,1,2,3,"Real Bed","{Internet,""Wireless Internet"",Kitchen,Heating,""Family/Kid Friendly"",Washer,Dryer,""Smoke Detector"",""Carbon Monoxide Detector"",""Fire Extinguisher""}","$225.00","$150.00",11,95,10,10,10,9,9,0.36,370
"583",8865006,"f","Mann",47.6185861740673,-122.301505066766,"Townhouse","Private room",2,1,1,1,"Real Bed","{Internet,""Wireless Internet"",Kitchen,Heating,""Family/Kid Friendly"",Washer,Dryer,""Smoke Detector"",""Carbon Monoxide Detector"",""First Aid Kit"",""Safety Card"",""Fire Extinguisher"",Essentials,Hangers,""Hair Dryer"",Iron}","$60.00","$20.00",0,NA,NA,NA,NA,NA,NA,NA,389
"584",8069192,"f","Mann",47.6160836078407,-122.298170732578,"House","Private room",2,1,1,1,"Real Bed","{TV,Internet,""Wireless Internet"",Kitchen,""Free Parking on Premises"",Heating,Washer,Dryer,""Smoke Detector"",""Carbon Monoxide Detector"",""First Aid Kit"",""Fire Extinguisher"",Essentials,Shampoo}","$95.00","$25.00",0,NA,NA,NA,NA,NA,NA,NA,375
"585",2800448,"f","Mann",47.6032702501037,-122.302160626836,"Townhouse","Private room",2,1,1,1,"Real Bed","{""Wireless Internet"",""Pets live on this property"",Cat(s),Heating,""Smoke Detector"",""Carbon Monoxide Detector"",""First Aid Kit"",""Safety Card"",Essentials}","$65.00","$7.00",16,94,10,10,10,8,9,2.77,374
"586",9076287,"f","Mann",47.6176320004524,-122.300556502616,"House","Private room",2,1,1,1,"Real Bed","{TV,""Cable TV"",Internet,""Wireless Internet"",Kitchen,""Free Parking on Premises"",Heating,""Family/Kid Friendly"",Washer,Dryer,""Smoke Detector"",""Carbon Monoxide Detector"",Essentials,Shampoo}","$78.00","",2,100,10,10,10,10,10,1.46,384
"587",7462439,"f","Mann",47.617800912848,-122.300023776682,"Apartment","Shared room",2,1,1,1,"Futon","{Kitchen,""Free Parking on Premises"",Heating,Washer,Dryer,""Smoke Detector"",""Carbon Monoxide Detector"",Essentials}","$59.00","$20.00",1,80,10,10,10,10,8,0.18,384
"588",8225635,"t","Mann",47.6203930917145,-122.299575523125,"Townhouse","Entire home/apt",11,3.5,4,6,"Real Bed","{TV,""Cable TV"",Internet,""Wireless Internet"",""Air Conditioning"",Kitchen,""Free Parking on Premises"",""Indoor Fireplace"",Heating,""Family/Kid Friendly"",Washer,Dryer,""Smoke Detector"",""Carbon Monoxide Detector"",""First Aid Kit"",""Fire Extinguisher"",Essentials,Shampoo,""24-Hour Check-in"",Hangers,""Hair Dryer"",Iron,""Laptop Friendly Workspace""}","$400.00","$150.00",0,NA,NA,NA,NA,NA,NA,NA,389
"589",2966415,"f","Mann",47.6198220292028,-122.297964450199,"House","Private room",2,1,1,1,"Real Bed","{Internet,""Wireless Internet"",""Pets live on this property"",Dog(s),""Other pet(s)"",Heating,""Smoke Detector"",""Carbon Monoxide Detector"",Essentials,Shampoo}","$55.00","$15.00",27,90,9,9,9,9,9,1.35,382
"590",4639465,"t","Mann",47.6189486780181,-122.298349826012,"House","Private room",2,1,1,1,"Real Bed","{TV,Internet,""Wireless Internet"",Kitchen,""Free Parking on Premises"",""Pets live on this property"",Dog(s),Cat(s),""Indoor Fireplace"",Heating,Washer,Dryer,""Smoke Detector"",""Carbon Monoxide Detector"",""First Aid Kit"",""Fire Extinguisher"",Essentials,Shampoo}","$129.00","$29.00",14,98,10,10,10,10,10,1.12,378
"591",7402190,"f","Mann",47.6111045528324,-122.299132144028,"House","Private room",2,1,1,1,"Pull-out Sofa","{TV,Internet,""Wireless Internet"",Kitchen,""Free Parking on Premises"",Heating,""Family/Kid Friendly"",""Suitable for Events"",""Smoke Detector"",""Carbon Monoxide Detector"",Essentials}","$65.00","",28,96,10,10,10,9,10,4.97,380
"592",9448719,"f","Mann",47.6140104935189,-122.296607368936,"House","Private room",2,1,1,1,"Real Bed","{TV,""Cable TV"",Internet,""Wireless Internet"",Kitchen,""Free Parking on Premises"",Heating,""Smoke Detector"",Essentials,""Lock on Bedroom Door"",""Laptop Friendly Workspace""}","$175.00","",0,NA,NA,NA,NA,NA,NA,NA,365
"593",5670781,"f","Mann",47.6095777599855,-122.29886413405,"House","Entire home/apt",6,2,3,3,"Real Bed","{TV,Internet,""Wireless Internet"",Kitchen,""Free Parking on Premises"",Heating,""Family/Kid Friendly"",Washer,Dryer,""Smoke Detector"",""Carbon Monoxide Detector"",""First Aid Kit"",""Fire Extinguisher"",Essentials,Shampoo,Hangers,""Hair Dryer"",Iron,""Laptop Friendly Workspace""}","$160.00","$100.00",15,100,10,10,10,10,10,2.9,372
"594",1905473,"f","Mann",47.6052692164139,-122.298788302736,"House","Private room",2,1,1,1,"Real Bed","{Internet,""Wireless Internet"",Kitchen,""Free Parking on Premises"",""Smoking Allowed"",Breakfast,""Pets live on this property"",""Other pet(s)"",Heating,""Family/Kid Friendly"",Washer,Dryer,""Smoke Detector"",""First Aid Kit"",""Fire Extinguisher"",Essentials,Shampoo}","$75.00","$20.00",6,88,8,9,10,8,9,0.31,370
"595",7266662,"f","Mann",47.6042377508434,-122.299446772927,"House","Private room",2,1,1,1,"Real Bed","{TV,""Cable TV"",""Wireless Internet"",Kitchen,""Free Parking on Premises"",Heating,Washer,Dryer,""Smoke Detector"",Essentials,Shampoo}","$80.00","$10.00",10,98,10,10,9,9,10,1.94,372
"596",9095510,"f","Mann",47.6181875804949,-122.301921103471,"House","Private room",4,1,1,2,"Real Bed","{TV,""Cable TV"",Internet,""Wireless Internet"",Kitchen,""Free Parking on Premises"",Heating,""Family/Kid Friendly"",Washer,Dryer,""Smoke Detector"",""Carbon Monoxide Detector"",Essentials,Shampoo,""24-Hour Check-in"",Hangers,""Hair Dryer"",""Laptop Friendly Workspace""}","$109.00","$15.00",0,NA,NA,NA,NA,NA,NA,NA,388
"597",7401854,"f","Mann",47.6088801544457,-122.29871230065,"House","Entire home/apt",2,1,1,1,"Pull-out Sofa","{TV,Internet,""Wireless Internet"",Kitchen,""Free Parking on Premises"",Heating,""Family/Kid Friendly"",Washer,Dryer,""Smoke Detector"",""Carbon Monoxide Detector"",Essentials}","$95.00","$50.00",8,94,10,9,10,9,9,1.75,373
"598",5174876,"t","Mann",47.6143321394012,-122.301329263154,"House","Entire home/apt",2,1,0,1,"Real Bed","{TV,""Cable TV"",Internet,""Wireless Internet"",Kitchen,""Free Parking on Premises"",""Pets live on this property"",Dog(s),Heating,""Family/Kid Friendly"",""Smoke Detector"",""Carbon Monoxide Detector"",""First Aid Kit"",Essentials,Shampoo,""24-Hour Check-in"",Hangers,""Hair Dryer""}","$85.00","$50.00",54,98,10,10,10,9,10,5.38,389
"599",1256883,"f","Mann",47.6148181545578,-122.300343479058,"Apartment","Entire home/apt",6,1,2,4,"Real Bed","{TV,""Cable TV"",Internet,""Wireless Internet"",Kitchen,""Pets Allowed"",Heating,""Family/Kid Friendly"",Washer,Dryer,""Smoke Detector"",""Carbon Monoxide Detector"",Essentials,Shampoo,""Laptop Friendly Workspace""}","$99.00","$100.00",66,89,9,9,10,9,9,2.19,387
"600",8072850,"f","Mann",47.6092174128197,-122.302570126654,"House","Private room",2,1,1,1,"Real Bed","{Internet,""Wireless Internet"",Kitchen,""Free Parking on Premises"",""Pets live on this property"",Cat(s),""Indoor Fireplace"",Heating,Washer,Dryer,""Smoke Detector"",""First Aid Kit"",Shampoo}","$90.00","$20.00",2,100,9,10,10,10,10,0.5,395
"601",6706377,"f","Mann",47.6084651186237,-122.296854233111,"House","Entire home/apt",4,1.5,1,2,"Real Bed","{TV,""Cable TV"",Kitchen,""Free Parking on Premises"",Heating,Washer,Dryer,""Smoke Detector"",""Carbon Monoxide Detector"",""Fire Extinguisher"",Essentials,Shampoo}","$73.00","$45.00",6,92,9,10,10,9,10,0.94,368
"602",9738522,"t","Mann",47.612157487743,-122.30119662491,"House","Entire home/apt",15,3,5,9,"Real Bed","{TV,""Cable TV"",Internet,""Wireless Internet"",Kitchen,""Free Parking on Premises"",""Indoor Fireplace"",Heating,""Family/Kid Friendly"",Washer,Dryer,""Smoke Detector"",""Carbon Monoxide Detector"",""First Aid Kit"",""Fire Extinguisher"",Essentials,Shampoo,""24-Hour Check-in"",Hangers,""Hair Dryer"",Iron,""Laptop Friendly Workspace""}","$400.00","$200.00",0,NA,NA,NA,NA,NA,NA,NA,391
"603",2995996,"f","Mann",47.62013918118,-122.296357214071,"House","Entire home/apt",6,2,2,2,"Real Bed","{TV,Internet,""Wireless Internet"",Kitchen,Heating,""Family/Kid Friendly"",""Suitable for Events"",Washer,Dryer,""Smoke Detector"",""Carbon Monoxide Detector"",""First Aid Kit"",""Fire Extinguisher"",Essentials,Shampoo,""24-Hour Check-in"",Hangers,""Hair Dryer"",Iron,""Laptop Friendly Workspace""}","$170.00","$75.00",27,96,9,10,10,10,9,1.49,366
"604",6674408,"t","Mann",47.6153206081636,-122.301760005683,"House","Private room",2,1.5,1,1,"Real Bed","{TV,Internet,""Wireless Internet"",""Air Conditioning"",Kitchen,""Free Parking on Premises"",Breakfast,""Indoor Fireplace"",""Buzzer/Wireless Intercom"",Heating,Washer,Dryer,""Smoke Detector"",""Carbon Monoxide Detector"",""First Aid Kit"",Essentials,Shampoo}","$48.00","$30.00",45,99,10,10,10,10,10,6.43,391
"605",6801095,"f","Mann",47.6202233190063,-122.298577488927,"Townhouse","Private room",2,2,1,1,"Real Bed","{TV,""Cable TV"",Internet,""Wireless Internet"",Kitchen,""Free Parking on Premises"",""Pets Allowed"",""Pets live on this property"",Dog(s),Heating,Washer,Dryer,""Smoke Detector"",""Carbon Monoxide Detector"",""First Aid Kit"",""Safety Card"",""Fire Extinguisher"",Essentials}","$90.00","$20.00",8,98,10,10,10,10,9,1.64,384
"606",143704,"f","Mann",47.612313044986,-122.29825215542,"House","Entire home/apt",3,1,1,2,"Real Bed","{Internet,""Wireless Internet"",Kitchen,""Free Parking on Premises"",""Indoor Fireplace"",Heating,""Family/Kid Friendly"",Washer,Dryer,""Smoke Detector"",""Carbon Monoxide Detector"",""First Aid Kit"",""Safety Card"",""Fire Extinguisher"",Essentials,Shampoo,""24-Hour Check-in"",Hangers,""Hair Dryer"",Iron,""Laptop Friendly Workspace""}","$82.00","$40.00",181,95,10,10,10,9,9,3.29,373
"607",9258305,"f","Mann",47.6187101695986,-122.296423828764,"House","Entire home/apt",4,1,2,2,"Real Bed","{TV,""Cable TV"",Internet,""Wireless Internet"",Kitchen,""Free Parking on Premises"",""Pets Allowed"",""Pets live on this property"",Dog(s),Heating,""Family/Kid Friendly"",Washer,Dryer,""Smoke Detector"",""Carbon Monoxide Detector"",""First Aid Kit"",""Safety Card"",""Fire Extinguisher"",Essentials,""24-Hour Check-in"",Hangers,Iron,""Laptop Friendly Workspace""}","$250.00","$40.00",0,NA,NA,NA,NA,NA,NA,NA,364
"608",3727017,"f","Mann",47.6151800145824,-122.301613473742,"House","Entire home/apt",4,1,2,2,"Real Bed","{TV,Internet,""Wireless Internet"",Kitchen,""Free Parking on Premises"",""Pets live on this property"",Cat(s),Heating,""Family/Kid Friendly"",Washer,Dryer,Essentials,Shampoo}","$199.00","$75.00",3,100,9,10,10,9,9,0.19,391
"609",789966,"f","Mann",47.6128511041829,-122.29968154098,"Apartment","Entire home/apt",2,1,1,1,"Real Bed","{TV,""Wireless Internet"",Kitchen,""Free Parking on Premises"",Heating,""Smoke Detector"",""Carbon Monoxide Detector"",Essentials}","$105.00","",56,96,10,10,10,9,9,1.6,386
"610",6864319,"f","Mann",47.6132375405868,-122.29766863516,"House","Entire home/apt",8,2,2,2,"Real Bed","{Internet,""Wireless Internet"",Kitchen,""Free Parking on Premises"",Heating,""Family/Kid Friendly"",Washer,Dryer,""Smoke Detector"",""Carbon Monoxide Detector"",""Fire Extinguisher"",Essentials}","$250.00","$50.00",1,80,6,10,10,8,4,0.22,368
"611",1539463,"t","Mann",47.6139812901005,-122.296739834449,"House","Private room",2,1,1,1,"Real Bed","{Internet,""Wireless Internet"",Kitchen,""Free Parking on Premises"",""Hot Tub"",""Indoor Fireplace"",""Buzzer/Wireless Intercom"",Heating,Washer,Dryer,""Smoke Detector"",""Carbon Monoxide Detector"",""First Aid Kit"",""Safety Card"",""Fire Extinguisher"",Essentials,Shampoo}","$75.00","$15.00",30,98,10,10,10,10,10,1.1,365
"612",9591787,"t","Mann",47.61893324127,-122.299851206628,"Townhouse","Entire home/apt",9,2.5,3,6,"Real Bed","{TV,""Cable TV"",Internet,""Wireless Internet"",""Air Conditioning"",Kitchen,""Free Parking on Premises"",""Indoor Fireplace"",Heating,""Family/Kid Friendly"",Washer,Dryer,Essentials,Shampoo,""24-Hour Check-in"",Hangers,""Hair Dryer"",Iron,""Laptop Friendly Workspace""}","$250.00","$150.00",0,NA,NA,NA,NA,NA,NA,NA,385
"613",10279830,"f","Mann",47.6111887318395,-122.300784604171,"House","Entire home/apt",5,1,2,2,"Real Bed","{TV,""Cable TV"",Internet,""Wireless Internet"",Kitchen,""Free Parking on Premises"",""Pets Allowed"",""Pets live on this property"",Dog(s),Heating,""Family/Kid Friendly"",Washer,Dryer,Essentials,Shampoo,""24-Hour Check-in"",Hangers,Iron,""Laptop Friendly Workspace""}","$175.00","$100.00",0,NA,NA,NA,NA,NA,NA,NA,388
"614",1956553,"f","Mann",47.6166226251943,-122.298605962905,"House","Entire home/apt",3,1,1,1,"Real Bed","{Internet,""Wireless Internet"",""Air Conditioning"",Kitchen,""Free Parking on Premises"",Heating,Washer,Dryer,""Smoke Detector"",""Carbon Monoxide Detector"",""First Aid Kit"",""Safety Card"",""Fire Extinguisher"",Essentials,Shampoo}","$95.00","",54,96,9,10,10,9,10,2.41,377
"615",7396508,"t","Mann",47.6208825525493,-122.297744935184,"Condominium","Entire home/apt",4,1,1,2,"Real Bed","{TV,""Cable TV"",Internet,""Wireless Internet"",""Air Conditioning"",Kitchen,""Free Parking on Premises"",""Buzzer/Wireless Intercom"",Heating,""Family/Kid Friendly"",Washer,Dryer,""Smoke Detector"",""Carbon Monoxide Detector"",""First Aid Kit"",""Fire Extinguisher"",Essentials,Shampoo,""24-Hour Check-in"",Hangers,""Hair Dryer"",Iron,""Laptop Friendly Workspace""}","$150.00","$80.00",10,98,10,10,10,10,10,2.19,384
"616",6272065,"f","Mann",47.612976732052,-122.301473145902,"House","Private room",2,1,1,1,"Real Bed","{""Wireless Internet"",Kitchen,""Free Parking on Premises"",""Pets live on this property"",Cat(s),""Indoor Fireplace"",Washer,Dryer,""Smoke Detector"",""Fire Extinguisher"",Essentials}","$65.00","$40.00",12,90,8,10,10,9,9,1.6,391
"617",7072218,"f","Mann",47.6137961749962,-122.300728533343,"Apartment","Entire home/apt",3,1,1,1,"Real Bed","{TV,""Cable TV"",Internet,""Wireless Internet"",Kitchen,""Free Parking on Premises"",Heating,""Family/Kid Friendly"",Washer,Dryer,""Smoke Detector"",""Carbon Monoxide Detector"",Essentials,Shampoo}","$120.00","",8,100,10,10,10,9,10,1.36,386
"618",7075948,"f","Mann",47.6194286330213,-122.298276468467,"Townhouse","Entire home/apt",5,1.5,2,2,"Real Bed","{TV,""Cable TV"",Internet,""Wireless Internet"",Kitchen,""Free Parking on Premises"",Heating,Washer,Dryer,""Smoke Detector"",""Carbon Monoxide Detector"",Essentials}","$300.00","$100.00",1,100,10,10,10,10,8,0.23,381
"619",7543458,"t","Mann",47.6111977835258,-122.301086691752,"Apartment","Entire home/apt",2,1,1,1,"Real Bed","{Internet,""Wireless Internet"",Kitchen,""Pets Allowed"",Heating,""Smoke Detector"",""Carbon Monoxide Detector"",Essentials,Shampoo}","$89.00","$45.00",25,98,10,10,10,10,10,5.32,391
"620",3769336,"f","Mann",47.6182220951069,-122.29853624734,"House","Entire home/apt",2,1,1,1,"Real Bed","{""Wireless Internet"",""Air Conditioning"",Kitchen,""Pets live on this property"",Dog(s),Cat(s),Heating,Washer,Dryer,""Smoke Detector"",""Carbon Monoxide Detector"",""First Aid Kit"",""Fire Extinguisher"",Essentials,Shampoo}","$109.00","$25.00",46,95,10,10,10,9,10,2.77,377
"621",8666707,"f","Mann",47.6104987295375,-122.297257253273,"Apartment","Entire home/apt",3,1,1,1,"Real Bed","{""Wireless Internet"",""Air Conditioning"",""Wheelchair Accessible"",Kitchen,""Free Parking on Premises"",Heating,""Family/Kid Friendly"",Washer,Dryer,""Smoke Detector"",""Fire Extinguisher"",Essentials}","$75.00","$60.00",1,100,10,10,10,10,10,0.64,368
"622",7205443,"f","Mann",47.6101556000925,-122.302407716356,"Apartment","Entire home/apt",6,1,2,3,"Real Bed","{TV,""Cable TV"",""Wireless Internet"",Kitchen,""Free Parking on Premises"",""Pets Allowed"",Heating,""Family/Kid Friendly"",Washer,Dryer,""Smoke Detector"",""Carbon Monoxide Detector"",Essentials,Shampoo,""Laptop Friendly Workspace""}","$99.00","$100.00",10,84,9,9,9,8,8,1.69,394
"623",193371,"f","Mann",47.6223368776452,-122.297435747738,"House","Entire home/apt",5,2.5,3,3,"Real Bed","{TV,""Cable TV"",Internet,""Wireless Internet"",Kitchen,""Indoor Fireplace"",Heating,Washer,Dryer,""Smoke Detector"",""Carbon Monoxide Detector"",""First Aid Kit"",""Safety Card"",""Fire Extinguisher"",Essentials,Shampoo,""24-Hour Check-in"",Hangers,""Hair Dryer"",Iron}","$150.00","$140.00",25,97,10,10,10,10,9,0.62,390
"624",9957555,"f","Mann",47.6095229907486,-122.298658142176,"House","Entire home/apt",6,1.5,3,4,"Real Bed","{TV,""Cable TV"",""Wireless Internet"",Kitchen,""Free Parking on Premises"",Heating,""Family/Kid Friendly"",Washer,Dryer,""Smoke Detector"",""Carbon Monoxide Detector"",""First Aid Kit"",""Safety Card"",""Fire Extinguisher"",Essentials,Shampoo,""24-Hour Check-in"",Hangers,""Hair Dryer"",Iron,""Laptop Friendly Workspace""}","$175.00","$60.00",2,100,10,10,10,9,9,2,372
"625",6795678,"t","Mann",47.6081028202191,-122.297061129507,"House","Entire home/apt",4,1,1,2,"Real Bed","{Internet,""Wireless Internet"",Kitchen,""Free Parking on Premises"",Heating,""Family/Kid Friendly"",Washer,Dryer,""Smoke Detector"",""Carbon Monoxide Detector"",""First Aid Kit"",""Safety Card"",""Fire Extinguisher"",Essentials,Shampoo,""24-Hour Check-in"",Hangers,""Hair Dryer"",""Laptop Friendly Workspace""}","$120.00","$40.00",27,98,10,10,10,9,9,4.11,368
"626",9300972,"f","Mann",47.6184745591666,-122.29867867705,"Apartment","Private room",2,1,1,1,"Real Bed","{TV,Internet,""Wireless Internet"",Kitchen,""Free Parking on Premises"",""Indoor Fireplace"",Heating,""Family/Kid Friendly"",Washer,Dryer,""Smoke Detector"",""Carbon Monoxide Detector"",""First Aid Kit"",""Fire Extinguisher"",Essentials,Shampoo}","$45.00","",1,100,8,10,10,8,10,1,380
"627",8047522,"t","Mann",47.6171024440151,-122.296559248327,"Townhouse","Entire home/apt",7,1.5,2,5,"Real Bed","{TV,""Cable TV"",Internet,""Wireless Internet"",Kitchen,""Free Parking on Premises"",""Indoor Fireplace"",Heating,""Family/Kid Friendly"",Washer,Dryer,""Smoke Detector"",""Carbon Monoxide Detector"",""Safety Card"",""Fire Extinguisher"",Essentials,Shampoo,""24-Hour Check-in"",Hangers,""Hair Dryer"",Iron,""Laptop Friendly Workspace""}","$150.00","$100.00",4,100,10,10,10,10,10,1.01,364
"628",9457328,"f","Mann",47.6104027991297,-122.300332586657,"Apartment","Entire home/apt",4,1,2,2,"Real Bed","{TV,""Wireless Internet"",Kitchen,""Free Parking on Premises"",""Pets live on this property"",Dog(s),Heating,""Family/Kid Friendly"",Washer,Dryer,""Smoke Detector"",""Carbon Monoxide Detector"",""First Aid Kit"",""Safety Card"",""Fire Extinguisher"",Essentials,Shampoo,Hangers,""Laptop Friendly Workspace""}","$95.00","$40.00",0,NA,NA,NA,NA,NA,NA,NA,388
"629",6576006,"f","Mann",47.6191610935174,-122.298655132172,"Townhouse","Private room",2,1.5,1,1,"Real Bed","{TV,Internet,""Wireless Internet"",Kitchen,""Indoor Fireplace"",Heating,Washer,Dryer,""Smoke Detector"",""First Aid Kit"",""Fire Extinguisher"",Essentials,Shampoo,""24-Hour Check-in"",Hangers,""Hair Dryer"",Iron}","$50.00","",12,98,10,10,10,10,10,7.2,382
"630",7971334,"f","Mann",47.617208801549,-122.301753758007,"House","Private room",2,1,1,1,"Real Bed","{TV,Internet,""Wireless Internet"",Kitchen,""Free Parking on Premises"",""Indoor Fireplace"",Heating,Washer,Dryer,""Smoke Detector"",""Carbon Monoxide Detector"",""First Aid Kit"",""Fire Extinguisher"",Essentials,Shampoo}","$129.00","$10.00",28,88,9,10,10,9,9,6.22,390
"631",1984962,"f","Mann",47.612866795156,-122.298479132094,"House","Entire home/apt",6,3.5,3,3,"Real Bed","{TV,""Cable TV"",""Wireless Internet"",Kitchen,""Free Parking on Premises"",""Pets Allowed"",""Indoor Fireplace"",Heating,""Family/Kid Friendly"",Washer,Dryer}","$295.00","$195.00",22,96,10,10,10,9,9,1.07,379
"632",9292039,"f","Mann",47.6156078798195,-122.30189596268,"Apartment","Entire home/apt",2,1,1,1,"Real Bed","{TV,""Cable TV"",Internet,""Wireless Internet"",Kitchen,""Pets Allowed"",Heating,""Family/Kid Friendly"",Washer,Dryer,""Smoke Detector"",""Carbon Monoxide Detector"",""Safety Card"",Essentials,Shampoo,""24-Hour Check-in"",Hangers,Iron,""Laptop Friendly Workspace""}","$99.00","$100.00",1,100,10,10,10,10,10,0.77,392
"633",6661617,"f","Mann",47.6174257039948,-122.300901574036,"House","Entire home/apt",6,2.5,2,3,"Real Bed","{TV,""Cable TV"",Internet,""Wireless Internet"",Kitchen,""Free Parking on Premises"",""Pets Allowed"",Heating,""Family/Kid Friendly"",Washer,Dryer,""Smoke Detector"",""Carbon Monoxide Detector"",Essentials,Shampoo,Hangers,""Hair Dryer"",Iron,""Laptop Friendly Workspace""}","$175.00","$200.00",17,95,10,10,10,10,9,2.52,386
"634",8848854,"f","Mann",47.6088188352365,-122.300735549724,"House","Entire home/apt",5,2,2,3,"Real Bed","{TV,Internet,""Wireless Internet"",""Free Parking on Premises"",""Pets Allowed"",""Pets live on this property"",Dog(s),""Indoor Fireplace"",Heating,""Family/Kid Friendly"",Washer,Dryer,""Smoke Detector"",""Carbon Monoxide Detector"",""Fire Extinguisher"",Essentials,Shampoo}","$150.00","$100.00",1,80,10,10,10,8,8,0.77,383
"635",3251069,"f","Mann",47.6129438593009,-122.298556754718,"House","Private room",2,1,1,1,"Real Bed","{""Wireless Internet"",Kitchen,""Free Parking on Premises"",Heating,""Smoke Detector"",""Fire Extinguisher""}","$109.00","",6,100,10,10,10,10,10,0.32,379
"636",4111137,"f","Mann",47.6183746600062,-122.297705202379,"Apartment","Entire home/apt",4,1,1,2,"Real Bed","{TV,""Cable TV"",Internet,""Wireless Internet"",""Wheelchair Accessible"",Kitchen,""Free Parking on Premises"",""Indoor Fireplace"",Heating,""Family/Kid Friendly"",""Smoke Detector"",""Carbon Monoxide Detector"",Essentials,Shampoo}","$85.00","$10.00",15,95,9,10,10,10,10,1.28,375
"637",4760472,"f","Mann",47.6102713555605,-122.301868820166,"Apartment","Entire home/apt",3,1,1,1,"Real Bed","{TV,Internet,""Wireless Internet"",Kitchen,""Free Parking on Premises"",""Pets live on this property"",Cat(s),""Other pet(s)"",Heating,Washer,Dryer,""Smoke Detector"",""Carbon Monoxide Detector"",""First Aid Kit"",""Safety Card"",""Fire Extinguisher"",Essentials,Shampoo,Hangers,""Hair Dryer"",Iron,""Laptop Friendly Workspace""}","$80.00","$50.00",35,94,10,10,10,9,9,3.58,393
"638",8968925,"f","Mann",47.6159681584389,-122.298217346179,"House","Private room",4,2.5,1,2,"Real Bed","{}","$115.00","",0,NA,NA,NA,NA,NA,NA,NA,375
"639",3293438,"f","Mann",47.602795279197,-122.301674367753,"Apartment","Entire home/apt",2,1,1,1,"Real Bed","{TV,""Cable TV"",""Wireless Internet"",""Air Conditioning"",Kitchen,Breakfast,""Hot Tub"",Heating,""Smoke Detector"",""Carbon Monoxide Detector"",""First Aid Kit"",""Fire Extinguisher"",Essentials,Shampoo,""24-Hour Check-in"",Hangers,""Hair Dryer"",Iron,""Laptop Friendly Workspace""}","$85.00","",88,98,10,10,10,9,10,4.63,375
"640",9210978,"f","Madrona",47.6091363580517,-122.295188310316,"House","Entire home/apt",4,2,2,2,"Real Bed","{Internet,""Air Conditioning"",Kitchen,""Pets Allowed"",Heating,Washer,Dryer,""Smoke Detector"",""Carbon Monoxide Detector"",""First Aid Kit"",Essentials}","$200.00","$100.00",1,100,10,10,10,10,10,0.48,362
"641",3319386,"t","Madrona",47.6183163409378,-122.290049291955,"Apartment","Private room",2,1,1,1,"Real Bed","{Internet,""Wireless Internet"",""Free Parking on Premises"",""Pets live on this property"",Dog(s),Cat(s),Heating,""Family/Kid Friendly"",""Suitable for Events"",""Smoke Detector"",""First Aid Kit"",""Fire Extinguisher"",Essentials,Shampoo}","$169.00","",42,97,10,10,10,10,9,2.34,327
"642",7717813,"f","Madrona",47.618154915652,-122.287582643562,"House","Entire home/apt",4,1,1,2,"Real Bed","{TV,""Cable TV"",Internet,""Wireless Internet"",Kitchen,""Free Parking on Premises"",Heating,""Family/Kid Friendly"",Washer,Dryer,""Smoke Detector"",""Carbon Monoxide Detector"",""Fire Extinguisher"",Essentials,Shampoo,""24-Hour Check-in"",Hangers,""Hair Dryer"",""Laptop Friendly Workspace""}","$130.00","$75.00",13,98,10,10,10,10,10,2.6,277
"643",5578943,"t","Madrona",47.6163568178692,-122.29133601492,"House","Private room",2,1,1,1,"Real Bed","{""Cable TV"",""Wireless Internet"",""Pets live on this property"",Dog(s),Heating,""Smoke Detector"",""Carbon Monoxide Detector"",""First Aid Kit"",""Fire Extinguisher"",Essentials,Shampoo,Hangers,""Hair Dryer"",Iron}","$79.00","$60.00",36,97,10,10,10,10,10,4.37,341
"644",7660932,"t","Madrona",47.6135663772789,-122.290057586225,"Cabin","Private room",1,1,1,1,"Real Bed","{TV,""Wireless Internet"",Heating,Essentials}","$125.00","",11,98,10,10,10,10,10,2.19,332
"645",4271221,"t","Madrona",47.6092637083189,-122.285732345056,"House","Private room",2,1,1,1,"Real Bed","{Internet,""Wireless Internet"",""Free Parking on Premises"",Breakfast,""Pets live on this property"",Heating,""Family/Kid Friendly"",Washer,Dryer,""Smoke Detector"",""First Aid Kit"",""Safety Card"",""Fire Extinguisher"",Essentials,Shampoo}","$80.00","$25.00",78,97,10,10,10,10,10,5.35,300
"646",6358605,"f","Madrona",47.6161993760661,-122.291192204334,"Apartment","Private room",2,1,1,1,"Real Bed","{""Wireless Internet"",Kitchen,""Free Parking on Premises"",Heating,""Smoke Detector"",Essentials}","$66.00","$15.00",6,100,10,10,10,10,10,0.88,340
"647",1439237,"t","Madrona",47.608237048827,-122.290089553596,"House","Private room",2,1,1,1,"Real Bed","{Internet,""Wireless Internet""}","$97.00","",58,98,10,10,10,10,10,1.98,333
"648",7775167,"t","Madrona",47.6131630673707,-122.282325513433,"House","Private room",2,1,1,1,"Real Bed","{""Wireless Internet"",Kitchen,""Free Parking on Premises"",Washer,Dryer,""Smoke Detector"",""Carbon Monoxide Detector"",Essentials,Shampoo}","$58.00","$30.00",11,100,10,10,10,10,10,2.21,231
"649",7437784,"t","Madrona",47.6170871496442,-122.293139433801,"House","Private room",2,1,1,1,"Pull-out Sofa","{TV,""Cable TV"",Internet,""Wireless Internet"",Kitchen,""Free Parking on Premises"",""Pets live on this property"",Cat(s),Heating,""Smoke Detector"",""Carbon Monoxide Detector"",""First Aid Kit"",""Safety Card"",""Fire Extinguisher"",Essentials,Shampoo}","$125.00","$25.00",0,NA,NA,NA,NA,NA,NA,NA,351
"650",9628972,"f","Madrona",47.6104397711534,-122.29561205304,"House","Private room",2,1,1,1,"Real Bed","{TV,Internet,""Wireless Internet"",Kitchen,""Free Parking on Premises"",""Pets Allowed"",""Pets live on this property"",Dog(s),Cat(s),""Indoor Fireplace"",Heating,""Family/Kid Friendly"",Washer,Dryer,""Smoke Detector"",""First Aid Kit"",""Safety Card"",""Fire Extinguisher"",Essentials,Shampoo,""Lock on Bedroom Door"",""24-Hour Check-in"",Hangers,""Hair Dryer"",Iron,""Laptop Friendly Workspace""}","$50.00","",0,NA,NA,NA,NA,NA,NA,NA,364
"651",8425013,"t","Madrona",47.6150054953334,-122.290001532936,"House","Entire home/apt",10,3.5,5,7,"Real Bed","{TV,Internet,""Wireless Internet"",Kitchen,""Indoor Fireplace"",Heating,""Family/Kid Friendly"",Washer,Dryer,Essentials,Shampoo}","$350.00","$250.00",3,93,10,8,9,9,9,0.9,333
"652",6925807,"f","Madrona",47.6145559579518,-122.290178810202,"House","Entire home/apt",4,1.5,2,2,"Real Bed","{TV,""Cable TV"",""Wireless Internet"",Kitchen,""Free Parking on Premises"",""Indoor Fireplace"",Heating,Washer,Dryer}","$375.00","",1,100,10,10,10,10,10,0.2,333
"653",7400955,"f","Madrona",47.6109392181837,-122.294089229466,"House","Entire home/apt",6,2,3,5,"Real Bed","{TV,Internet,""Wireless Internet"",Kitchen,""Free Parking on Premises"",""Indoor Fireplace"",Heating,""Family/Kid Friendly"",Washer,Dryer,""Smoke Detector"",""Carbon Monoxide Detector"",""First Aid Kit"",Essentials}","$240.00","$25.00",3,93,9,10,10,10,9,0.58,360
"654",8174389,"f","Madrona",47.6109344369786,-122.293820644846,"House","Entire home/apt",5,1,2,2,"Real Bed","{TV,Internet,""Wireless Internet"",Kitchen,""Free Parking on Premises"",Heating,""Family/Kid Friendly"",Washer,Dryer,""Smoke Detector"",""Carbon Monoxide Detector"",""Fire Extinguisher"",Essentials,Shampoo}","$189.00","$45.00",1,100,10,10,10,10,NA,0.29,360
"655",6292452,"f","Madrona",47.6109656574206,-122.29332714207,"House","Entire home/apt",6,3.5,4,5,"Real Bed","{TV,""Cable TV"",Internet,""Wireless Internet"",Kitchen,""Free Parking on Premises"",""Pets live on this property"",Cat(s),""Other pet(s)"",""Indoor Fireplace"",Heating,""Family/Kid Friendly"",Washer,Dryer,""Smoke Detector"",""First Aid Kit"",Essentials}","$250.00","$75.00",1,100,10,10,10,10,10,0.15,359
"656",9095668,"f","Madrona",47.6086574109611,-122.294863843292,"Apartment","Entire home/apt",2,1,0,1,"Real Bed","{TV,Internet,""Wireless Internet"",""Wheelchair Accessible"",Kitchen,Heating,""Family/Kid Friendly"",""Smoke Detector"",""Carbon Monoxide Detector"",""First Aid Kit"",""Fire Extinguisher"",Essentials}","$90.00","$61.00",0,NA,NA,NA,NA,NA,NA,NA,362
"657",413733,"t","Madrona",47.6090700187025,-122.296132610174,"House","Entire home/apt",6,1,2,2,"Real Bed","{TV,Internet,""Wireless Internet"",Kitchen,""Free Parking on Premises"",""Pets Allowed"",""Pets live on this property"",Dog(s),Cat(s),Heating,""Family/Kid Friendly"",""Smoke Detector"",""Carbon Monoxide Detector"",""First Aid Kit"",""Safety Card"",""Fire Extinguisher"",Essentials,Shampoo,Hangers,""Hair Dryer"",Iron,""Laptop Friendly Workspace""}","$125.00","$35.00",31,99,10,10,10,10,10,5.08,365
"658",8783900,"f","Madrona",47.6149575694035,-122.289125897636,"Townhouse","Entire home/apt",7,1.5,0,2,"Real Bed","{TV,Internet,""Wireless Internet"",Kitchen,""Pets Allowed"",""Indoor Fireplace"",""Buzzer/Wireless Intercom"",Heating,""Family/Kid Friendly"",Washer,Dryer,""Smoke Detector"",""Carbon Monoxide Detector"",""Fire Extinguisher"",Essentials,Shampoo,""24-Hour Check-in"",Hangers,Iron,""Laptop Friendly Workspace""}","$155.00","$100.00",1,100,10,10,10,10,10,0.68,322
"659",639130,"f","Madrona",47.6097485678595,-122.290108580953,"House","Entire home/apt",8,3,4,5,"Real Bed","{TV,""Cable TV"",Internet,""Wireless Internet"",Kitchen,""Free Parking on Premises"",""Pets live on this property"",Cat(s),""Indoor Fireplace"",Heating,""Family/Kid Friendly"",Washer,Dryer}","$195.00","$100.00",2,80,7,8,9,10,10,0.37,332
"660",2484067,"t","Madrona",47.616328453838,-122.295481812607,"House","Private room",3,1,1,2,"Real Bed","{TV,Internet,""Wireless Internet"",Kitchen,""Free Parking on Premises"",""Pets Allowed"",""Pets live on this property"",Cat(s),Heating,Washer,Dryer,""Smoke Detector"",""Carbon Monoxide Detector"",""First Aid Kit"",""Safety Card"",""Fire Extinguisher"",Essentials,Shampoo,""Lock on Bedroom Door""}","$69.00","$25.00",29,96,10,10,10,10,10,1.41,357
"661",3533112,"f","Madrona",47.6102814792146,-122.295744367606,"Apartment","Entire home/apt",3,1,0,1,"Real Bed","{TV,Internet,""Wireless Internet"",Kitchen,""Free Parking on Premises"",Heating,""Family/Kid Friendly"",Washer,Dryer,""Smoke Detector"",""First Aid Kit"",Essentials}","$200.00","$50.00",12,93,10,10,10,8,9,0.7,365
"662",2249292,"t","Madrona",47.6081437169093,-122.291962931436,"Apartment","Entire home/apt",4,1,2,2,"Real Bed","{TV,Internet,""Wireless Internet"",Kitchen,""Free Parking on Premises"",""Pets live on this property"",Cat(s),Heating,""Family/Kid Friendly"",Washer,Dryer,""Smoke Detector"",""Carbon Monoxide Detector"",""Fire Extinguisher"",Essentials,Shampoo}","$75.00","$25.00",63,97,10,10,10,10,10,2.81,345
"663",7838294,"f","Madrona",47.6149815357232,-122.283569718703,"House","Entire home/apt",5,1,2,3,"Real Bed","{""Wireless Internet"",Kitchen,""Indoor Fireplace"",Heating,""Smoke Detector"",""Carbon Monoxide Detector"",""Fire Extinguisher"",Essentials}","$225.00","$100.00",0,NA,NA,NA,NA,NA,NA,NA,239
"664",6133354,"f","Madrona",47.6185360859904,-122.295723784832,"Apartment","Entire home/apt",2,1,0,1,"Real Bed","{""Cable TV"",""Wireless Internet"",Kitchen,""Free Parking on Premises"",""Pets live on this property"",Dog(s),Heating,""Smoke Detector"",""Carbon Monoxide Detector"",""First Aid Kit"",""Safety Card"",""Fire Extinguisher""}","$135.00","$65.00",26,95,10,10,10,9,9,3.24,363
"665",7987836,"f","Madrona",47.6125115294763,-122.289944178701,"Loft","Entire home/apt",2,1,1,1,"Real Bed","{Internet,""Wireless Internet"",""Air Conditioning"",Heating,""Smoke Detector"",""Carbon Monoxide Detector"",""First Aid Kit"",""Safety Card""}","$85.00","$35.00",2,100,10,10,10,10,9,0.63,333
"666",9910025,"f","Madrona",47.6112166155837,-122.29607819923,"Apartment","Entire home/apt",4,1,2,2,"Real Bed","{TV,Internet,""Wireless Internet"",Kitchen,Heating,""Family/Kid Friendly"",Washer,Dryer,""Smoke Detector"",""Carbon Monoxide Detector"",Essentials,Shampoo,""24-Hour Check-in"",Hangers,""Hair Dryer""}","$110.00","$20.00",1,100,10,10,10,10,10,1,365
"667",7364024,"f","Madrona",47.6160173870429,-122.292661864704,"Townhouse","Entire home/apt",4,1,1,2,"Real Bed","{""Cable TV"",""Wireless Internet"",Kitchen,""Indoor Fireplace"",Heating,""Smoke Detector"",""Fire Extinguisher"",Essentials,""Hair Dryer"",Iron,""Laptop Friendly Workspace""}","$110.00","$25.00",10,94,9,10,10,9,10,1.88,350
"668",9362082,"f","Madrona",47.6101886997922,-122.292170402875,"House","Entire home/apt",5,1,2,2,"Real Bed","{TV,""Cable TV"",""Wireless Internet"",Kitchen,""Free Parking on Premises"",""Pets Allowed"",""Indoor Fireplace"",Heating,""Family/Kid Friendly"",""Suitable for Events"",Dryer,""Smoke Detector"",""Fire Extinguisher"",Essentials,Shampoo,""24-Hour Check-in"",""Hair Dryer"",Iron,""Laptop Friendly Workspace""}","$250.00","",1,100,8,10,10,10,10,1,352
"669",8847108,"f","Madrona",47.6115247522244,-122.288818687187,"Other","Entire home/apt",2,1,1,1,"Real Bed","{Internet,""Wireless Internet"",Kitchen,""Free Parking on Premises"",""Pets live on this property"",Dog(s),""Buzzer/Wireless Intercom"",Heating,""Family/Kid Friendly"",""Smoke Detector"",""Carbon Monoxide Detector"",""First Aid Kit"",""Fire Extinguisher"",Essentials,Shampoo,Hangers,""Laptop Friendly Workspace""}","$85.00","$15.00",11,98,10,10,10,10,10,4.23,326
"670",7462428,"f","Madrona",47.6112685773953,-122.291464767573,"House","Private room",1,1.5,1,1,"Real Bed","{TV,""Cable TV"",Internet,""Wireless Internet"",Heating,""Smoke Detector"",""Carbon Monoxide Detector"",""First Aid Kit"",""Fire Extinguisher"",Essentials}","$50.00","$10.00",11,89,9,9,9,9,9,2.04,347
"671",4370312,"f","Madrona",47.6156837066423,-122.285173976299,"Apartment","Entire home/apt",2,1,1,1,"Real Bed","{TV,Internet,""Wireless Internet"",Kitchen,""Free Parking on Premises"",""Pets Allowed"",""Pets live on this property"",Dog(s),""Indoor Fireplace"",Heating,""Family/Kid Friendly"",Washer,Dryer,""Smoke Detector"",""Carbon Monoxide Detector"",""First Aid Kit"",""Safety Card"",""Fire Extinguisher"",Essentials,Shampoo,""24-Hour Check-in"",Hangers,""Hair Dryer"",""Laptop Friendly Workspace""}","$78.00","$45.00",4,95,10,10,10,10,10,4,257
"672",4053972,"f","Madrona",47.6159327598353,-122.285314141906,"Apartment","Entire home/apt",2,1,1,1,"Real Bed","{TV,""Cable TV"",Internet,""Wireless Internet"",Kitchen,""Pets Allowed"",""Indoor Fireplace"",Heating,""Family/Kid Friendly"",""Smoke Detector"",""Carbon Monoxide Detector"",""Fire Extinguisher"",Essentials,Shampoo,Hangers,""Hair Dryer"",Iron}","$95.00","$40.00",65,94,10,10,10,10,10,4.05,257
"673",6209191,"f","Madrona",47.617508583547,-122.292022562757,"House","Private room",2,1.5,1,1,"Real Bed","{TV,""Cable TV"",Internet,""Wireless Internet"",Kitchen,""Free Parking on Premises"",""Pets Allowed"",Heating,""Family/Kid Friendly"",Washer,Dryer,""Smoke Detector"",""Carbon Monoxide Detector"",""First Aid Kit"",Shampoo}","$95.00","",7,100,10,10,10,10,10,0.88,346
"674",10123910,"f","Madrona",47.6158974241073,-122.282042909993,"House","Entire home/apt",8,1,4,5,"Real Bed","{TV,""Cable TV"",Internet,""Wireless Internet"",Kitchen,""Free Parking on Premises"",""Pets Allowed"",Gym,Heating,""Family/Kid Friendly"",Washer,Dryer,""Smoke Detector"",""Carbon Monoxide Detector"",""First Aid Kit"",""Safety Card"",""Fire Extinguisher"",Essentials,""24-Hour Check-in"",Hangers,""Hair Dryer"",Iron,""Laptop Friendly Workspace""}","$295.00","$80.00",0,NA,NA,NA,NA,NA,NA,NA,212
"675",6412858,"f","Madrona",47.6151993879257,-122.294178501005,"House","Entire home/apt",6,2.5,3,2,"Real Bed","{TV,Internet,""Wireless Internet"",Kitchen,""Free Parking on Premises"",""Pets Allowed"",""Pets live on this property"",""Indoor Fireplace"",Heating,""Family/Kid Friendly"",Washer,Dryer,""Smoke Detector"",""Carbon Monoxide Detector"",""First Aid Kit"",""Safety Card"",""Fire Extinguisher"",Essentials,Shampoo}","$175.00","$100.00",2,100,10,10,10,10,10,0.61,353
"676",3987838,"f","Madrona",47.6080843873084,-122.294342477703,"Apartment","Entire home/apt",2,1,1,1,"Real Bed","{Internet,""Wireless Internet"",Kitchen,""Free Parking on Premises"",""Pets live on this property"",Cat(s),Heating,Washer,Dryer,""Smoke Detector"",""Carbon Monoxide Detector"",""First Aid Kit"",""Safety Card"",""Fire Extinguisher"",Essentials,Shampoo}","$90.00","$15.00",19,100,10,10,10,10,10,1.34,358
"677",7027507,"f","Madrona",47.6162533404803,-122.293066646858,"House","Private room",1,1,1,1,"Real Bed","{Internet,""Wireless Internet"",Kitchen,""Free Parking on Premises"",Heating,""Fire Extinguisher"",Essentials}","$68.00","$20.00",1,100,10,10,10,8,10,0.24,352
"678",6587443,"f","Madrona",47.61512548625,-122.294428208623,"House","Private room",4,1,1,1,"Real Bed","{TV,Internet,""Wireless Internet"",""Free Parking on Premises"",""Pets live on this property"",Dog(s),Heating,""Family/Kid Friendly"",Washer,Dryer,""Smoke Detector"",""Carbon Monoxide Detector"",""First Aid Kit"",""Safety Card"",""Fire Extinguisher"",Essentials,Shampoo}","$74.00","$50.00",4,100,10,10,10,10,10,1.13,354
"679",10204689,"f","Madrona",47.6117108140893,-122.287722991788,"Apartment","Entire home/apt",2,1,1,1,"Real Bed","{""Wireless Internet"",Kitchen,""Pets live on this property"",Dog(s),Heating,""Family/Kid Friendly""}","$80.00","$15.00",0,NA,NA,NA,NA,NA,NA,NA,312
"680",1029680,"f","Madrona",47.6160883305286,-122.288501727989,"House","Entire home/apt",4,2,3,3,"Real Bed","{TV,""Cable TV"",Internet,""Wireless Internet"",Kitchen,""Free Parking on Premises"",""Pets Allowed"",""Pets live on this property"",Dog(s),""Hot Tub"",""Indoor Fireplace"",Heating,""Family/Kid Friendly"",Washer,Dryer,""Smoke Detector"",""Carbon Monoxide Detector"",""Fire Extinguisher""}","$500.00","$85.00",6,93,9,10,10,9,9,0.32,310
"681",7208439,"t","Madrona",47.615534357582,-122.283002500569,"Apartment","Entire home/apt",4,1,1,2,"Real Bed","{TV,""Cable TV"",Internet,""Wireless Internet"",Kitchen,""Free Parking on Premises"",""Pets live on this property"",Dog(s),Heating,Washer,Dryer,""Smoke Detector"",""Carbon Monoxide Detector"",""Fire Extinguisher"",Essentials,Shampoo}","$115.00","$60.00",11,100,10,10,10,10,10,2.24,229
"682",8327765,"f","Madrona",47.6105636012311,-122.286343808495,"House","Entire home/apt",8,3,4,5,"Real Bed","{TV,""Cable TV"",Internet,""Wireless Internet"",Kitchen,""Free Parking on Premises"",Heating,""Family/Kid Friendly"",Washer,Dryer,""Smoke Detector"",""Carbon Monoxide Detector"",Essentials}","$500.00","$300.00",0,NA,NA,NA,NA,NA,NA,NA,301
"683",3953611,"t","Madrona",47.6183533611436,-122.287456045648,"House","Private room",4,1,1,2,"Real Bed","{TV,""Cable TV"",Internet,""Wireless Internet"",""Air Conditioning"",Kitchen,""Free Parking on Premises"",Breakfast,""Pets live on this property"",Cat(s),""Indoor Fireplace"",Heating,""Family/Kid Friendly"",Washer,Dryer,""Smoke Detector"",""Carbon Monoxide Detector"",""First Aid Kit"",""Safety Card"",""Fire Extinguisher"",Essentials,Shampoo}","$115.00","$50.00",53,97,10,10,10,10,10,3.22,273
"684",2584354,"f","Madrona",47.616489885728,-122.294018211504,"Apartment","Entire home/apt",2,1,1,1,"Futon","{TV,Internet,""Wireless Internet"",""Air Conditioning"",Kitchen,""Free Parking on Premises"",Heating,Washer,Dryer,""Smoke Detector"",""Carbon Monoxide Detector"",""Fire Extinguisher"",Shampoo}","$125.00","",21,99,10,10,10,10,10,0.98,353
"685",4574700,"f","Madrona",47.6121734425255,-122.29192838094,"House","Entire home/apt",8,3,3,4,"Real Bed","{TV,""Cable TV"",""Wireless Internet"",Kitchen,""Free Parking on Premises"",""Pets live on this property"",Cat(s),Heating,""Family/Kid Friendly"",Washer,Dryer,""Smoke Detector"",""Carbon Monoxide Detector"",""Fire Extinguisher"",Essentials}","$350.00","$100.00",2,100,10,10,10,10,10,0.32,350
"686",5685646,"f","Madrona",47.615565764437,-122.28527866612,"House","Entire home/apt",6,1,2,3,"Real Bed","{TV,""Cable TV"",Internet,""Wireless Internet"",Kitchen,""Free Parking on Premises"",""Pets live on this property"",Dog(s),Cat(s),""Indoor Fireplace"",Heating,""Family/Kid Friendly"",""Smoke Detector"",""Carbon Monoxide Detector"",""First Aid Kit"",""Safety Card"",""Fire Extinguisher"",Essentials,Shampoo,""Hair Dryer"",""Laptop Friendly Workspace""}","$140.00","$50.00",60,94,9,10,9,10,10,6.9,259
"687",977722,"f","University District",47.6651983954315,-122.305289018964,"Apartment","Entire home/apt",2,1,1,1,"Real Bed","{Internet,""Wireless Internet"",Kitchen,""Free Parking on Premises"",Heating,Washer,Dryer,""Smoke Detector"",""Carbon Monoxide Detector"",""Fire Extinguisher"",Essentials,Shampoo}","$80.00","$30.00",64,94,10,10,10,10,10,1.89,164
"688",2931922,"f","University District",47.6641502824026,-122.303972141772,"Apartment","Entire home/apt",5,2,2,2,"Real Bed","{TV,""Cable TV"",Internet,""Wireless Internet"",Kitchen,""Buzzer/Wireless Intercom"",Heating,""Family/Kid Friendly"",Washer,Dryer,""Smoke Detector"",""Fire Extinguisher"",Essentials,Shampoo}","$145.00","$95.00",10,87,9,9,9,9,8,0.59,164
"689",8253955,"f","University District",47.6694073783122,-122.308348158227,"House","Entire home/apt",6,1,1,3,"Real Bed","{""Cable TV"",""Wireless Internet"",Kitchen,""Pets live on this property"",Cat(s),Heating,""Family/Kid Friendly"",""Smoke Detector"",""First Aid Kit"",""Fire Extinguisher"",Essentials,Shampoo}","$150.00","$50.00",3,93,10,9,10,9,8,0.98,171
"690",6426462,"f","University District",47.6640459272638,-122.303532093806,"Condominium","Private room",1,1,1,1,"Real Bed","{TV,Internet,""Wireless Internet"",Kitchen,""Buzzer/Wireless Intercom"",Heating,""Family/Kid Friendly"",Washer,Dryer,""Smoke Detector"",""Fire Extinguisher"",Essentials,Shampoo}","$65.00","$50.00",2,100,10,9,10,10,10,0.29,162
"691",8154238,"f","University District",47.657329108701,-122.317467356805,"House","Shared room",1,1,1,1,"Real Bed","{Internet,""Wireless Internet"",Kitchen,Heating,""Suitable for Events"",Washer,Dryer,""Smoke Detector"",""Carbon Monoxide Detector"",""First Aid Kit"",""Fire Extinguisher"",Essentials}","$50.00","$35.00",0,NA,NA,NA,NA,NA,NA,NA,200
"692",5020861,"f","University District",47.6644969737973,-122.312772721961,"Apartment","Private room",3,1,1,1,"Real Bed","{TV,""Cable TV"",Internet,""Wireless Internet"",Kitchen,Breakfast,Heating,Washer,Dryer,""Smoke Detector"",""Carbon Monoxide Detector"",Essentials}","$65.00","",14,92,8,9,10,10,9,1.36,185
"693",9611409,"f","University District",47.6599330042442,-122.321442115583,"Other","Private room",2,1,1,1,"Pull-out Sofa","{Internet,""Wireless Internet"",""Wheelchair Accessible"",""Free Parking on Premises"",""Pets Allowed"",""Pets live on this property"",Cat(s),Heating,""Family/Kid Friendly"",""Suitable for Events"",Washer,Dryer,""Smoke Detector"",""First Aid Kit"",""Fire Extinguisher"",Essentials,Shampoo,""Lock on Bedroom Door"",""24-Hour Check-in"",Hangers,""Hair Dryer"",""Laptop Friendly Workspace""}","$45.00","",0,NA,NA,NA,NA,NA,NA,NA,205
"694",9282348,"f","University District",47.6621551618725,-122.303544681984,"Apartment","Private room",2,0.5,1,1,"Futon","{TV,Internet,""Wireless Internet"",""Air Conditioning"",Kitchen,""Free Parking on Premises"",""Hot Tub"",""Indoor Fireplace"",Heating,""Family/Kid Friendly"",Washer,Dryer,""Smoke Detector"",""Fire Extinguisher"",Essentials,""24-Hour Check-in"",Hangers,""Hair Dryer"",""Laptop Friendly Workspace""}","$35.00","",0,NA,NA,NA,NA,NA,NA,NA,163
"695",8939306,"f","University District",47.6642245233756,-122.309740961028,"House","Private room",2,1,1,1,"Real Bed","{Internet,""Wireless Internet"",Kitchen,""Free Parking on Premises"",Breakfast,Heating,""Smoke Detector"",""Carbon Monoxide Detector"",""Fire Extinguisher"",Essentials,Shampoo}","$41.00","$10.00",14,93,9,10,10,9,9,5.53,169
"696",5423692,"f","University District",47.6677880271145,-122.319984655683,"House","Private room",2,1,1,1,"Futon","{TV,Internet,""Wireless Internet"",Kitchen,""Free Parking on Premises"",""Pets live on this property"",Cat(s),""Indoor Fireplace"",Heating,Washer,Dryer,""Smoke Detector"",""Carbon Monoxide Detector"",Essentials,Shampoo}","$59.00","",36,95,9,10,10,9,9,3.72,212
"697",9159975,"f","University District",47.6574917466378,-122.319897805943,"Townhouse","Private room",2,1.5,1,1,"Real Bed","{TV,""Cable TV"",Internet,""Wireless Internet"",""Air Conditioning"",Kitchen,""Free Parking on Premises"",""Indoor Fireplace"",Heating,""Family/Kid Friendly"",Washer,Dryer,""Smoke Detector"",""Carbon Monoxide Detector"",""First Aid Kit"",""Safety Card"",""Fire Extinguisher"",Essentials,Shampoo,""24-Hour Check-in"",Hangers,""Hair Dryer"",Iron,""Laptop Friendly Workspace""}","$49.00","$30.00",0,NA,NA,NA,NA,NA,NA,NA,210
"698",7561272,"f","University District",47.6666400413333,-122.316482377701,"House","Private room",2,1,1,1,"Real Bed","{Internet,""Wireless Internet"",Kitchen,Breakfast,Heating,""Family/Kid Friendly"",Washer,Dryer,""Smoke Detector"",""Carbon Monoxide Detector"",""Fire Extinguisher"",Essentials,Shampoo,""Lock on Bedroom Door"",""24-Hour Check-in"",Hangers,""Hair Dryer"",Iron,""Laptop Friendly Workspace""}","$47.00","$10.00",28,94,9,10,10,9,9,5.42,200
"699",7326419,"f","University District",47.6672226130082,-122.316798346049,"House","Private room",2,1,1,1,"Real Bed","{""Wireless Internet"",Heating,""Smoke Detector"",""First Aid Kit"",Shampoo}","$65.00","",14,94,9,10,10,10,9,2.78,205
"700",9373607,"f","University District",47.6588978466437,-122.322173286277,"Apartment","Private room",2,1,1,1,"Real Bed","{TV,Internet,""Wireless Internet"",Kitchen,Breakfast,""Elevator in Building"",""Buzzer/Wireless Intercom"",Heating,Washer,Dryer,""First Aid Kit"",Essentials,Shampoo,Hangers,""Hair Dryer"",Iron,""Laptop Friendly Workspace""}","$41.00","$10.00",6,100,10,10,10,10,10,3.6,206
"701",6717555,"f","University District",47.6590053503301,-122.321755929063,"Apartment","Private room",1,1,1,1,"Real Bed","{Internet,""Wireless Internet"",Kitchen,""Elevator in Building"",Heating,""Family/Kid Friendly"",""Smoke Detector"",""Carbon Monoxide Detector""}","$35.00","",1,80,6,10,10,10,8,0.23,206
"702",8939433,"f","University District",47.6649132479435,-122.309763753936,"House","Private room",2,1,1,1,"Real Bed","{Internet,""Wireless Internet"",Kitchen,""Free Parking on Premises"",Breakfast,Heating,""Smoke Detector"",""Carbon Monoxide Detector"",""Fire Extinguisher"",Essentials,Shampoo}","$43.00","$10.00",12,87,9,9,10,9,10,5.07,175
"703",8939503,"f","University District",47.6633935245974,-122.311496086704,"House","Private room",2,1,1,1,"Real Bed","{Internet,""Wireless Internet"",Kitchen,""Free Parking on Premises"",Breakfast,Heating,""Smoke Detector"",""Carbon Monoxide Detector"",""Fire Extinguisher"",Essentials,Shampoo}","$44.00","$10.00",14,96,10,10,10,10,10,5.38,172
"704",8742753,"f","University District",47.6613099016143,-122.310072222247,"Apartment","Private room",2,1,1,1,"Real Bed","{TV,""Cable TV"",Internet,""Wireless Internet"",Kitchen,Heating,""Smoke Detector"",""First Aid Kit"",Essentials,Shampoo}","$99.00","",0,NA,NA,NA,NA,NA,NA,NA,169
"705",8939687,"f","University District",47.6645208995887,-122.309598323556,"House","Private room",2,1,1,1,"Real Bed","{Internet,""Wireless Internet"",Kitchen,""Free Parking on Premises"",Breakfast,Heating,""Smoke Detector"",""Carbon Monoxide Detector"",""Fire Extinguisher"",Essentials,Shampoo}","$45.00","$10.00",8,83,9,10,10,9,9,3.87,171
"706",3793406,"t","University District",47.672056284056,-122.317718851154,"Apartment","Entire home/apt",2,1,2,2,"Real Bed","{""Wireless Internet"",Kitchen,Heating,""Family/Kid Friendly"",Washer,Dryer,""Smoke Detector"",""Carbon Monoxide Detector"",""Fire Extinguisher"",Essentials}","$98.00","$50.00",9,100,10,10,10,10,10,0.53,212
"707",9134196,"f","University District",47.6573728394654,-122.314606291933,"Apartment","Entire home/apt",2,1,0,1,"Real Bed","{TV,""Cable TV"",Internet,""Wireless Internet"",""Wheelchair Accessible"",""Elevator in Building"",Heating,Washer,Dryer,""Smoke Detector"",""Carbon Monoxide Detector"",""Safety Card"",Essentials,Shampoo,Hangers,""Hair Dryer"",Iron,""Laptop Friendly Workspace""}","$109.00","$49.00",1,80,8,6,4,8,6,0.81,195
"708",6007267,"f","University District",47.6663783351389,-122.316892453731,"Apartment","Entire home/apt",3,1,1,1,"Real Bed","{TV,Internet,""Wireless Internet"",Kitchen,""Pets live on this property"",Cat(s),Heating,""Family/Kid Friendly"",Washer,Dryer,""Smoke Detector"",""Carbon Monoxide Detector"",Essentials}","$75.00","$20.00",3,100,10,10,10,10,10,0.43,200
"709",3422894,"f","University District",47.65890869526,-122.314793624363,"Apartment","Entire home/apt",2,1,0,1,"Futon","{Internet,""Wireless Internet"",Kitchen,""Free Parking on Premises"",Breakfast,""Buzzer/Wireless Intercom"",Washer,Dryer,""Smoke Detector"",""First Aid Kit"",""Fire Extinguisher"",Essentials,Shampoo}","$88.00","$20.00",18,93,10,10,10,9,9,1.01,187
"710",3630581,"f","University District",47.66218140898,-122.313391116518,"Apartment","Entire home/apt",2,1,0,1,"Real Bed","{Internet,""Wireless Internet"",Kitchen,Heating,Essentials}","$98.00","$60.00",9,78,9,9,10,8,8,0.53,180
"711",9394508,"f","University District",47.6573295401421,-122.317809355319,"Apartment","Entire home/apt",4,1,1,2,"Real Bed","{TV,Internet,""Wireless Internet"",Kitchen,Heating,Washer,Dryer,""Smoke Detector"",""Carbon Monoxide Detector"",""Fire Extinguisher"",Essentials,Shampoo,""24-Hour Check-in"",Hangers,""Laptop Friendly Workspace""}","$75.00","$60.00",1,100,10,10,10,10,8,0.67,203
"712",7348578,"f","University District",47.6669559291064,-122.31559750435,"House","Private room",3,2,1,1,"Real Bed","{Internet,""Wireless Internet"",Kitchen,Breakfast,Heating,""Family/Kid Friendly"",Washer,Dryer,""Smoke Detector"",""Carbon Monoxide Detector"",""Fire Extinguisher"",Essentials,Shampoo,""Lock on Bedroom Door"",""24-Hour Check-in"",Hangers,""Hair Dryer"",Iron,""Laptop Friendly Workspace""}","$40.00","$10.00",30,89,9,10,10,10,9,5.26,199
"713",8869680,"f","University District",47.6570708184816,-122.314260233875,"Apartment","Entire home/apt",4,1,0,1,"Real Bed","{""Wireless Internet"",Kitchen,Heating,""Family/Kid Friendly"",Washer,Dryer,""Smoke Detector"",""Safety Card"",""Fire Extinguisher"",Essentials,Shampoo}","$85.00","$25.00",7,91,9,9,9,10,10,2.69,198
"714",7678429,"f","University District",47.6563421681114,-122.318839843975,"Apartment","Entire home/apt",2,1,1,1,"Real Bed","{TV,""Cable TV"",Internet,""Wireless Internet"",""Air Conditioning"",Kitchen,""Free Parking on Premises"",""Elevator in Building"",Heating,Washer,Dryer,""Smoke Detector"",""Carbon Monoxide Detector"",""Fire Extinguisher"",Essentials,Shampoo}","$100.00","$50.00",0,NA,NA,NA,NA,NA,NA,NA,206
"715",2979387,"f","University District",47.6649494949708,-122.321132771732,"House","Entire home/apt",10,2,3,7,"Real Bed","{TV,""Cable TV"",Internet,""Wireless Internet"",Kitchen,""Free Parking on Premises"",Heating,""Family/Kid Friendly"",""Suitable for Events"",Washer,Dryer,""Smoke Detector"",""Carbon Monoxide Detector"",""First Aid Kit"",""Fire Extinguisher"",Essentials,Shampoo}","$275.00","$225.00",17,88,9,10,10,9,9,1.02,214
"716",1531458,"f","University District",47.6670164768693,-122.304400857822,"Apartment","Entire home/apt",4,1,1,2,"Real Bed","{TV,""Cable TV"",Internet,""Wireless Internet"",Kitchen,""Buzzer/Wireless Intercom"",Heating,""Family/Kid Friendly"",""Suitable for Events"",Washer,Dryer,""Smoke Detector"",""Fire Extinguisher"",Essentials,Shampoo}","$105.00","$60.00",29,89,9,9,9,9,9,1.02,159
"717",1549973,"f","University District",47.6591700737371,-122.316535398715,"Apartment","Entire home/apt",3,1,1,1,"Real Bed","{TV,Internet,""Wireless Internet"",Kitchen,Heating,""Family/Kid Friendly"",Washer,Dryer,""Smoke Detector"",Essentials,Shampoo}","$78.00","$60.00",7,66,8,8,8,7,6,0.25,191
"718",1123977,"f","University District",47.6645619076546,-122.308399429909,"Apartment","Entire home/apt",4,1,1,2,"Real Bed","{TV,""Cable TV"",Internet,""Wireless Internet"",Kitchen,""Pets Allowed"",Heating,""Family/Kid Friendly"",Washer,Dryer,""Smoke Detector""}","$150.00","$150.00",8,98,10,10,10,10,9,0.29,171
"719",5719631,"f","University District",47.6589290542303,-122.316307802587,"Apartment","Entire home/apt",3,1,1,1,"Real Bed","{TV,""Cable TV"",Internet,""Wireless Internet"",Kitchen,Heating,""Family/Kid Friendly"",Washer,Dryer,Essentials,Shampoo}","$95.00","$60.00",3,73,9,10,10,10,9,0.53,191
"720",9580209,"f","University District",47.6631400255674,-122.3028500394,"Condominium","Entire home/apt",5,2,2,3,"Real Bed","{TV,""Cable TV"",Internet,""Wireless Internet"",Kitchen,""Buzzer/Wireless Intercom"",Heating,""Family/Kid Friendly"",Washer,Dryer,""Smoke Detector"",""Carbon Monoxide Detector"",Essentials,Shampoo,""24-Hour Check-in"",Hangers,""Hair Dryer""}","$155.00","$75.00",0,NA,NA,NA,NA,NA,NA,NA,160
"721",9364220,"f","University District",47.6576057828743,-122.314444670219,"Apartment","Entire home/apt",2,1,0,1,"Real Bed","{TV,""Cable TV"",Internet,""Wireless Internet"",""Wheelchair Accessible"",Kitchen,""Elevator in Building"",Heating,Washer,Dryer,""Smoke Detector"",""Carbon Monoxide Detector"",""Fire Extinguisher"",Essentials,Iron,""Laptop Friendly Workspace""}","$109.00","$49.00",1,100,10,10,8,10,10,1,192
"722",9663221,"f","University District",47.6623953812056,-122.31462984409,"Apartment","Entire home/apt",4,1,0,2,"Real Bed","{""Wireless Internet"",Kitchen,""Buzzer/Wireless Intercom"",Heating,Washer,Dryer,Essentials,Shampoo,Hangers}","$80.00","$50.00",0,NA,NA,NA,NA,NA,NA,NA,186
"723",9636952,"f","University District",47.6630711994801,-122.31301726802,"Apartment","Entire home/apt",2,1,0,2,"Real Bed","{Internet,""Wireless Internet"",Kitchen,""Buzzer/Wireless Intercom"",Heating,Washer,Dryer,""Smoke Detector"",""Carbon Monoxide Detector"",""Fire Extinguisher"",Essentials,Shampoo,Hangers}","$80.00","$55.00",0,NA,NA,NA,NA,NA,NA,NA,183
"724",8594059,"f","University District",47.670569170673,-122.315794860099,"House","Entire home/apt",5,1,2,2,"Real Bed","{TV,Internet,""Wireless Internet"",Kitchen,Heating,""Family/Kid Friendly"",Washer,Dryer,""Smoke Detector"",""Carbon Monoxide Detector"",Essentials,Shampoo}","$125.00","$85.00",2,80,7,10,10,9,8,1.71,209
"725",6278756,"f","University District",47.6564144877715,-122.317238318504,"Apartment","Private room",2,1,1,1,"Real Bed","{Internet,""Wireless Internet"",Kitchen,""Elevator in Building"",""Buzzer/Wireless Intercom"",Heating,""Family/Kid Friendly"",Washer,Dryer,""Smoke Detector"",""Carbon Monoxide Detector"",Essentials}","$55.00","",1,100,10,10,10,10,10,0.15,202
"726",3679617,"f","University District",47.6616936397223,-122.312914157172,"Apartment","Entire home/apt",4,1,0,2,"Real Bed","{TV,""Cable TV"",Internet,""Wireless Internet"",Kitchen,""Buzzer/Wireless Intercom"",Heating,""Suitable for Events"",Washer,Dryer,""Smoke Detector"",""Fire Extinguisher"",Essentials,Shampoo}","$98.00","$60.00",15,80,9,8,8,9,8,0.86,177
"727",9416551,"f","University District",47.6631454374173,-122.31341300716,"Apartment","Entire home/apt",2,1,0,1,"Real Bed","{TV,""Cable TV"",Internet,""Wireless Internet"",Kitchen,""Buzzer/Wireless Intercom"",""Family/Kid Friendly"",Washer,Dryer,""Smoke Detector"",""Carbon Monoxide Detector"",""Fire Extinguisher"",Essentials,Shampoo,""24-Hour Check-in"",Hangers,""Hair Dryer"",""Laptop Friendly Workspace""}","$82.00","$60.00",0,NA,NA,NA,NA,NA,NA,NA,185
"728",8322107,"f","University District",47.6573035334423,-122.318660105705,"Apartment","Entire home/apt",2,1,1,1,"Real Bed","{TV,""Cable TV"",""Wireless Internet"",Kitchen,Heating,""Smoke Detector"",""Carbon Monoxide Detector"",""First Aid Kit"",""Fire Extinguisher"",Essentials}","$70.00","$150.00",0,NA,NA,NA,NA,NA,NA,NA,206
"729",9511676,"f","University District",47.657417641436,-122.320644078843,"Apartment","Private room",1,1,1,1,"Real Bed","{Internet,""Wireless Internet"",Kitchen,""Free Parking on Premises"",""Pets live on this property"",Cat(s),Heating,Washer,Dryer,""Smoke Detector"",""Carbon Monoxide Detector"",""First Aid Kit"",Essentials,Shampoo,""24-Hour Check-in"",""Hair Dryer"",""Laptop Friendly Workspace""}","$55.00","$5.00",0,NA,NA,NA,NA,NA,NA,NA,211
"730",3158243,"f","University District",47.6643652012117,-122.303225829708,"Apartment","Entire home/apt",4,1,1,2,"Real Bed","{TV,""Cable TV"",Internet,""Wireless Internet"",Kitchen,""Buzzer/Wireless Intercom"",Heating,Washer,Dryer,Essentials,Shampoo}","$110.00","$70.00",13,82,8,9,8,9,8,0.7,161
"731",8327124,"t","University District",47.667575378459,-122.318715646663,"House","Entire home/apt",12,3.5,5,7,"Real Bed","{TV,Internet,""Wireless Internet"",Kitchen,""Free Parking on Premises"",Heating,""Family/Kid Friendly"",Washer,Dryer,""Smoke Detector"",Essentials,Shampoo}","$350.00","$250.00",1,100,10,10,10,10,10,0.65,211
"732",4311078,"f","University District",47.6682515152644,-122.309449695601,"House","Entire home/apt",9,2.5,4,6,"Real Bed","{""Cable TV"",""Wireless Internet"",Kitchen,Heating,""Family/Kid Friendly"",Washer,Dryer,""Smoke Detector"",""Carbon Monoxide Detector"",""First Aid Kit"",""Safety Card"",""Fire Extinguisher"",Essentials}","$295.00","$300.00",2,100,10,10,10,10,9,0.57,176
"733",3329962,"f","University District",47.6596258433352,-122.317420709159,"Apartment","Entire home/apt",3,1,1,2,"Real Bed","{Internet,""Wireless Internet"",Kitchen,Heating,""Family/Kid Friendly"",Washer,Dryer,Shampoo}","$105.00","$60.00",25,74,8,9,9,8,8,1.39,196
"734",3263071,"f","University District",47.6575303585174,-122.317853179393,"Apartment","Entire home/apt",4,1,1,2,"Real Bed","{TV,""Cable TV"",Internet,""Wireless Internet"",Kitchen,Heating,""Suitable for Events"",Washer,Dryer,""Smoke Detector"",""Fire Extinguisher"",Essentials,Shampoo}","$85.00","$60.00",17,78,9,9,9,9,8,0.92,201
"735",7302675,"f","University District",47.6593293026525,-122.313456476332,"Apartment","Entire home/apt",3,1,0,2,"Real Bed","{Internet,""Wireless Internet"",""Wheelchair Accessible"",Kitchen,""Elevator in Building"",Heating,""Family/Kid Friendly"",""Smoke Detector"",""Carbon Monoxide Detector"",""Fire Extinguisher"",Essentials,Shampoo}","$75.00","",0,NA,NA,NA,NA,NA,NA,NA,185
"736",6250399,"f","University District",47.661454276964,-122.312924866742,"Apartment","Entire home/apt",3,1,0,1,"Real Bed","{Internet,""Wireless Internet"",Kitchen,""Buzzer/Wireless Intercom"",Heating,Washer,Dryer,""Smoke Detector"",""Fire Extinguisher"",Essentials,Shampoo}","$95.00","$60.00",1,60,6,10,8,4,4,0.22,177
"737",7387294,"f","University District",47.6674923337681,-122.315282448878,"House","Private room",2,1,1,1,"Real Bed","{""Wireless Internet"",Heating,""Family/Kid Friendly"",""Smoke Detector"",""First Aid Kit"",Essentials,Shampoo}","$75.00","",12,92,10,10,9,9,9,2.4,199
"738",7363462,"f","University District",47.6666772447258,-122.316343721802,"House","Private room",1,1,1,1,"Real Bed","{Internet,""Wireless Internet"",Kitchen,Breakfast,Heating,""Family/Kid Friendly"",Washer,Dryer,""Smoke Detector"",""Carbon Monoxide Detector"",""Fire Extinguisher"",Essentials,Shampoo}","$45.00","$10.00",28,89,9,9,9,9,9,5,200
"739",6796336,"f","University District",47.6662247446078,-122.317609325522,"House","Private room",1,1.5,1,1,"Real Bed","{Internet,""Wireless Internet"",Kitchen,""Hot Tub"",Heating,Washer,Dryer,""Smoke Detector"",Essentials}","$30.00","",1,80,NA,NA,NA,NA,NA,0.23,201
"740",8156894,"f","University District",47.6586576469736,-122.318966684338,"House","Shared room",1,1,1,1,"Real Bed","{Internet,""Wireless Internet"",Kitchen,Heating,""Suitable for Events"",Washer,Dryer,""Smoke Detector"",""Carbon Monoxide Detector"",""First Aid Kit"",""Fire Extinguisher"",Essentials}","$42.00","$35.00",0,NA,NA,NA,NA,NA,NA,NA,202
"741",1150519,"f","University District",47.6713697002497,-122.315798687682,"House","Entire home/apt",7,1.5,3,5,"Real Bed","{TV,Internet,""Wireless Internet"",Kitchen,""Free Parking on Premises"",""Indoor Fireplace"",Heating,""Family/Kid Friendly"",Washer,Dryer,""Smoke Detector"",""First Aid Kit"",Essentials}","$250.00","$150.00",10,98,10,10,10,10,10,0.33,210
"742",5969872,"f","University District",47.6714057289438,-122.316784741085,"House","Private room",1,1,1,1,"Airbed","{Internet,""Wireless Internet"",Kitchen,""Indoor Fireplace"",Heating,Washer,Dryer,""Smoke Detector"",""Carbon Monoxide Detector"",Essentials,Shampoo}","$43.00","$20.00",11,91,10,9,9,10,9,1.92,210
"743",9617068,"f","University District",47.663117465945,-122.318813385697,"Apartment","Entire home/apt",4,1,1,1,"Real Bed","{TV,Internet,""Wireless Internet"",Kitchen,""Elevator in Building"",Heating,Washer,Dryer,""Smoke Detector"",""Carbon Monoxide Detector"",""First Aid Kit"",""Fire Extinguisher"",Essentials}","$125.00","",1,100,10,10,10,10,10,1,199
"744",4438188,"t","University District",47.6681825513942,-122.317371747376,"Apartment","Entire home/apt",3,1,1,1,"Real Bed","{TV,""Cable TV"",Internet,""Wireless Internet"",Kitchen,""Free Parking on Premises"",Heating,""Family/Kid Friendly"",Washer,Dryer,""Smoke Detector"",""Carbon Monoxide Detector"",""First Aid Kit"",""Safety Card"",""Fire Extinguisher"",Essentials,Shampoo}","$112.00","$75.00",40,99,10,10,10,10,10,2.94,208
"745",1521633,"f","University District",47.6571247769674,-122.317822134047,"Apartment","Entire home/apt",4,1,1,2,"Real Bed","{TV,""Wireless Internet"",Kitchen,Heating,""Family/Kid Friendly"",Washer,Dryer,Essentials,Shampoo}","$85.00","$60.00",8,80,9,9,9,9,7,0.28,205
"746",6623079,"f","University District",47.6570065216963,-122.319619660833,"Apartment","Private room",2,1,1,2,"Real Bed","{Internet,""Wireless Internet"",Kitchen,""Buzzer/Wireless Intercom"",Heating,Washer,Dryer,""Smoke Detector"",""First Aid Kit""}","$63.00","",9,82,7,9,9,9,9,1.5,210
"747",7561254,"f","University District",47.6670956853548,-122.316808593822,"House","Private room",1,1,1,1,"Real Bed","{Internet,""Wireless Internet"",Kitchen,Breakfast,Heating,""Family/Kid Friendly"",Washer,Dryer,""Smoke Detector"",""Carbon Monoxide Detector"",""Fire Extinguisher"",Essentials,Shampoo}","$41.00","$10.00",15,95,10,9,10,10,9,2.92,205
"748",3494608,"t","University District",47.6658042806075,-122.320887576756,"House","Entire home/apt",3,1,1,2,"Real Bed","{TV,""Cable TV"",Internet,""Wireless Internet"",Kitchen,""Free Parking on Premises"",Heating,""Family/Kid Friendly"",""Suitable for Events"",""Smoke Detector"",""Carbon Monoxide Detector"",Essentials,Shampoo}","$79.00","$75.00",17,98,10,10,10,9,9,0.94,214
"749",3085726,"f","University District",47.6625016223727,-122.313416253382,"Apartment","Entire home/apt",2,1,1,1,"Real Bed","{Internet,""Wireless Internet"",Kitchen,Essentials}","$70.00","$60.00",1,60,10,8,8,10,6,0.07,181
"750",2256124,"f","University District",47.666914498205,-122.31427340251,"Apartment","Entire home/apt",3,1,1,2,"Real Bed","{Internet,""Wireless Internet"",""Wheelchair Accessible"",Kitchen,""Free Parking on Premises"",Heating,Washer,Dryer,""Smoke Detector"",""Carbon Monoxide Detector"",Essentials,Shampoo,""24-Hour Check-in""}","$85.00","$5.00",36,94,9,10,10,9,9,3.28,194
"751",7071021,"f","University District",47.6612501762066,-122.314393340824,"Apartment","Entire home/apt",4,1,0,2,"Real Bed","{TV,Internet,""Wireless Internet"",Kitchen,Heating,Washer,Dryer,""Smoke Detector"",""Fire Extinguisher"",Essentials,Shampoo}","$110.00","$60.00",5,64,8,8,8,7,7,0.83,182
"752",9465815,"f","University District",47.6658186594771,-122.303171292075,"Apartment","Private room",1,1,1,1,"Real Bed","{TV,""Wireless Internet"",Heating,Dryer,""Smoke Detector"",""Carbon Monoxide Detector"",""First Aid Kit"",Essentials}","$53.00","",1,100,10,10,10,10,10,1,157
"753",6938103,"f","University District",47.6676506268985,-122.31948013874,"House","Private room",2,1,1,1,"Real Bed","{TV,""Cable TV"",Internet,""Wireless Internet"",Kitchen,""Free Parking on Premises"",""Pets live on this property"",Cat(s),""Indoor Fireplace"",Heating,Washer,Dryer,""Smoke Detector"",""Carbon Monoxide Detector"",""First Aid Kit"",""Fire Extinguisher"",Essentials,Shampoo}","$75.00","",3,87,9,10,10,9,10,0.51,213
"754",6913414,"f","University District",47.671198790733,-122.315093242623,"House","Entire home/apt",6,1,2,2,"Real Bed","{TV,Internet,""Wireless Internet"",""Air Conditioning"",Kitchen,""Free Parking on Premises"",Heating,""Family/Kid Friendly"",Washer,Dryer,""Smoke Detector"",""Carbon Monoxide Detector"",""Fire Extinguisher"",Essentials}","$125.00","$89.00",10,96,9,8,8,9,9,2.86,208
"755",3706719,"f","University District",47.6613229494867,-122.314983538554,"Apartment","Entire home/apt",2,1,0,1,"Real Bed","{Internet,""Wireless Internet"",Kitchen,Heating,""Suitable for Events"",Washer,Dryer,""Smoke Detector"",""Fire Extinguisher"",Essentials,Shampoo}","$90.00","$90.00",6,70,9,9,7,7,7,0.35,182
"756",8174626,"f","University District",47.6644367091208,-122.306738066514,"Apartment","Entire home/apt",2,1,1,1,"Real Bed","{TV,""Wireless Internet"",Kitchen,""Free Parking on Premises"",Heating,""Family/Kid Friendly"",Washer,Dryer,""Smoke Detector"",""Carbon Monoxide Detector"",""First Aid Kit"",""Safety Card"",""Fire Extinguisher"",Essentials,Shampoo,""24-Hour Check-in"",Hangers,""Hair Dryer"",Iron,""Laptop Friendly Workspace""}","$85.00","$50.00",14,96,10,9,10,9,10,3.56,168
"757",1571230,"f","University District",47.6611676901926,-122.314651239006,"Apartment","Entire home/apt",3,1,1,1,"Real Bed","{Internet,""Wireless Internet"",Kitchen,""Buzzer/Wireless Intercom"",Heating,""Suitable for Events"",Washer,Dryer,Essentials,Shampoo}","$85.00","$50.00",12,68,8,8,8,8,7,0.42,182
"758",4270642,"f","University District",47.6610109199022,-122.313734400783,"Apartment","Entire home/apt",2,1,0,1,"Real Bed","{Internet,""Wireless Internet"",""Buzzer/Wireless Intercom"",Heating,Washer,Dryer,""Smoke Detector"",""Fire Extinguisher"",Essentials,Shampoo}","$88.00","$50.00",12,88,9,9,9,9,8,0.81,179
"759",5407311,"f","University District",47.6626722954664,-122.304369830953,"Apartment","Entire home/apt",4,1,1,2,"Real Bed","{TV,""Cable TV"",Internet,""Wireless Internet"",Kitchen,Heating,Washer,Dryer,Essentials}","$92.00","$60.00",1,100,10,10,8,8,8,0.11,163
"760",9976135,"f","University District",47.6589530871131,-122.321978580067,"Apartment","Private room",1,1,1,1,"Real Bed","{""Wireless Internet"",Kitchen,""Elevator in Building"",Heating,Dryer,""Smoke Detector"",""Carbon Monoxide Detector"",""Fire Extinguisher"",Essentials,Shampoo,""Lock on Bedroom Door"",Hangers,""Laptop Friendly Workspace""}","$28.00","",0,NA,NA,NA,NA,NA,NA,NA,206
"761",9558353,"f","University District",47.6614849480491,-122.315693402768,"Apartment","Entire home/apt",2,1,0,1,"Real Bed","{Internet,""Wireless Internet"",Kitchen,""Buzzer/Wireless Intercom"",Heating,Washer,Dryer,""Smoke Detector"",""Carbon Monoxide Detector"",Essentials,Shampoo,""24-Hour Check-in"",Hangers}","$70.00","$45.00",1,100,10,10,10,10,10,0.77,187
"762",7247767,"t","University District",47.66852257818,-122.315453965799,"House","Private room",2,1,1,1,"Real Bed","{TV,""Wireless Internet"",Kitchen,Heating,""Family/Kid Friendly"",""Smoke Detector"",""Carbon Monoxide Detector"",""First Aid Kit"",""Fire Extinguisher"",Essentials,Shampoo}","$78.00","",18,98,10,10,10,10,10,3.16,202
"763",7035077,"f","University District",47.6694856920427,-122.314550134766,"House","Private room",1,1,1,1,"Futon","{Internet,""Wireless Internet"",""Air Conditioning"",Kitchen,Heating,Washer,Dryer,Essentials}","$30.00","",0,NA,NA,NA,NA,NA,NA,NA,202
"764",7353834,"f","University District",47.6612940114954,-122.31318201215,"Apartment","Entire home/apt",4,1,0,2,"Real Bed","{""Wireless Internet"",Kitchen,""Buzzer/Wireless Intercom"",Heating,Washer,Dryer,""Smoke Detector"",""Fire Extinguisher"",Essentials,Shampoo}","$93.00","$60.00",2,90,9,10,10,9,8,0.41,177
"765",9319891,"f","University District",47.6631789327335,-122.303990395046,"Apartment","Private room",1,1,1,1,"Real Bed","{TV,""Wireless Internet"",Kitchen,""Buzzer/Wireless Intercom"",Heating,Washer,Dryer,""Smoke Detector"",""Fire Extinguisher"",Essentials,Shampoo,""Lock on Bedroom Door"",Hangers,""Laptop Friendly Workspace""}","$65.00","$60.00",0,NA,NA,NA,NA,NA,NA,NA,163
"766",6575407,"f","University District",47.6640470302401,-122.318219532573,"Condominium","Private room",1,1,1,1,"Real Bed","{TV,""Cable TV"",Internet,""Wireless Internet"",""Air Conditioning"",""Wheelchair Accessible"",Pool,Kitchen,""Free Parking on Premises"",Doorman,Gym,""Elevator in Building"",""Indoor Fireplace"",""Buzzer/Wireless Intercom"",Heating,Washer,Dryer,""Smoke Detector"",""Carbon Monoxide Detector"",""First Aid Kit"",""Safety Card"",""Fire Extinguisher"",Essentials,Shampoo}","$120.00","",1,100,8,10,10,10,10,0.29,198
"767",7550234,"f","University District",47.6687149293279,-122.316316215981,"House","Private room",2,1,1,1,"Real Bed","{Internet,""Wireless Internet"",Kitchen,Breakfast,Heating,""Family/Kid Friendly"",Washer,Dryer,""Smoke Detector"",""Carbon Monoxide Detector"",""Fire Extinguisher"",Essentials,Shampoo}","$40.00","$10.00",23,94,10,10,10,9,9,4.45,206
"768",8939736,"f","University District",47.6631222858996,-122.309839606745,"House","Private room",2,1,1,1,"Real Bed","{Internet,""Wireless Internet"",Kitchen,""Free Parking on Premises"",Breakfast,Heating,""Smoke Detector"",""Carbon Monoxide Detector"",""Fire Extinguisher"",Essentials,Shampoo}","$43.00","$10.00",9,96,10,10,9,10,10,4.74,168
"769",7247720,"t","University District",47.6683378798045,-122.315185950881,"House","Private room",2,1,1,1,"Real Bed","{""Cable TV"",""Wireless Internet"",Kitchen,Heating,""Family/Kid Friendly"",""Smoke Detector"",""Carbon Monoxide Detector"",""First Aid Kit"",""Fire Extinguisher"",Essentials,Shampoo}","$70.00","",18,99,10,10,10,10,10,3.1,197
"770",1786923,"f","University District",47.6583631599491,-122.318006326422,"Apartment","Entire home/apt",3,1,1,2,"Real Bed","{TV,""Cable TV"",Internet,""Wireless Internet"",Kitchen,Heating,Washer,Dryer,Essentials}","$90.00","$60.00",9,93,10,9,10,9,9,0.42,199
"771",7649837,"f","University District",47.6610967060518,-122.318773979998,"Apartment","Entire home/apt",3,1,0,2,"Real Bed","{TV,Internet,""Wireless Internet"",Kitchen,Gym,""Elevator in Building"",Heating,Washer,Dryer,""Smoke Detector"",""Carbon Monoxide Detector"",Essentials,Shampoo,Hangers,""Hair Dryer"",""Laptop Friendly Workspace""}","$90.00","",9,87,8,8,9,9,8,1.74,199
"772",3610724,"f","University District",47.6644235664043,-122.303211891927,"Apartment","Entire home/apt",2,1,1,1,"Real Bed","{Internet,""Wireless Internet"",Kitchen,""Free Parking on Premises"",Breakfast,Heating,""Safety Card"",Essentials,Shampoo,Hangers,""Hair Dryer"",Iron}","$85.00","$15.00",62,91,10,10,10,9,9,3.88,161
"773",7988337,"f","University District",47.6604415849739,-122.313768287432,"Apartment","Entire home/apt",3,1,1,2,"Real Bed","{Internet,""Wireless Internet"",Kitchen,""Pets Allowed"",Breakfast,Heating,""Family/Kid Friendly"",Washer,Dryer,""Smoke Detector"",""Carbon Monoxide Detector"",""First Aid Kit"",""Safety Card"",Essentials,Shampoo}","$115.00","$25.00",14,97,9,10,10,9,9,3.44,182
"774",1773803,"f","University District",47.6587700275486,-122.313690433584,"Apartment","Entire home/apt",4,1,1,1,"Real Bed","{""Wireless Internet"",Kitchen,Heating,""Family/Kid Friendly"",Washer,Dryer,""Smoke Detector"",""Fire Extinguisher"",Shampoo}","$89.00","$25.00",124,82,8,9,9,9,8,4.59,187
"775",7536074,"f","University District",47.6582577383365,-122.313565994009,"Apartment","Entire home/apt",2,1,2,2,"Real Bed","{""Elevator in Building"",Washer,""Smoke Detector""}","$185.00","",1,NA,NA,NA,NA,NA,NA,0.18,190
"776",3770248,"f","University District",47.6615461181747,-122.314793652433,"Apartment","Entire home/apt",2,1,0,2,"Real Bed","{Internet,""Wireless Internet"",Kitchen,""Buzzer/Wireless Intercom"",Heating,Washer,Dryer,Essentials,Shampoo}","$85.00","$60.00",5,76,7,7,7,9,9,0.29,183
"777",9097754,"f","University District",47.6685658658358,-122.307461963782,"Apartment","Entire home/apt",2,1,1,1,"Real Bed","{TV,""Cable TV"",Internet,""Wireless Internet"",Kitchen,""Pets live on this property"",Dog(s),Cat(s),Heating,Washer,Dryer,""Smoke Detector"",""Carbon Monoxide Detector"",""Fire Extinguisher"",Essentials,Shampoo,Hangers,""Hair Dryer"",Iron,""Laptop Friendly Workspace""}","$135.00","$99.00",0,NA,NA,NA,NA,NA,NA,NA,168
"778",3291295,"f","University District",47.6588358059852,-122.318149559297,"Apartment","Entire home/apt",3,1,1,1,"Real Bed","{Internet,""Wireless Internet"",Kitchen,""Buzzer/Wireless Intercom"",Heating,Washer,Dryer,""Smoke Detector""}","$95.00","",11,98,10,10,10,10,10,0.6,198
"779",8171726,"f","University District",47.6572170581916,-122.314232861916,"Apartment","Entire home/apt",8,1,4,4,"Real Bed","{TV,""Cable TV"",Internet,""Wireless Internet"",Kitchen,""Free Parking on Premises"",Heating,""Family/Kid Friendly"",""Smoke Detector"",""Carbon Monoxide Detector"",""First Aid Kit"",""Fire Extinguisher"",Essentials,Shampoo}","$306.00","$108.00",1,80,10,10,10,10,10,0.52,197
"780",10031055,"f","University District",47.6669221043247,-122.317201893064,"House","Shared room",4,1.5,1,2,"Real Bed","{""Wireless Internet"",Kitchen,""Free Parking on Premises"",Heating,Washer,Dryer,Essentials,Shampoo}","$29.00","",0,NA,NA,NA,NA,NA,NA,NA,205
"781",8939595,"f","University District",47.6629947208565,-122.31022150527,"House","Private room",2,1,1,1,"Real Bed","{Internet,""Wireless Internet"",Kitchen,""Free Parking on Premises"",Breakfast,Heating,""Smoke Detector"",""Carbon Monoxide Detector"",""Fire Extinguisher"",Essentials,Shampoo}","$47.00","$10.00",14,87,9,8,9,9,9,5.38,169
"782",8155580,"f","University District",47.6582488615064,-122.317638872133,"House","Shared room",1,1,1,1,"Real Bed","{Internet,""Wireless Internet"",Kitchen,Heating,""Suitable for Events"",Washer,Dryer,""Smoke Detector"",""Carbon Monoxide Detector"",""First Aid Kit"",""Fire Extinguisher"",Essentials}","$50.00","$35.00",1,100,8,8,8,10,8,1,196
"783",6705584,"f","University District",47.6585612083346,-122.316086563359,"Apartment","Entire home/apt",4,1,1,2,"Real Bed","{TV,""Cable TV"",Internet,""Wireless Internet"",Kitchen,Heating,Washer,Dryer,""Smoke Detector"",Essentials,Shampoo}","$105.00","$60.00",3,80,8,8,9,10,8,0.44,190
"784",1417880,"f","University District",47.6614737415272,-122.313562810445,"Apartment","Entire home/apt",2,1,1,1,"Real Bed","{Internet,""Wireless Internet"",Kitchen,""Buzzer/Wireless Intercom"",Heating,Washer,Dryer,Essentials,Shampoo}","$83.00","$55.00",11,85,9,9,9,9,9,0.37,177
"785",7245692,"f","University District",47.6676574823908,-122.317807168907,"House","Private room",2,1,1,1,"Real Bed","{""Wireless Internet"",Kitchen,""Free Parking on Premises"",""Pets live on this property"",Cat(s),Heating,""Family/Kid Friendly"",""Suitable for Events"",Washer,Dryer,""Smoke Detector"",""Carbon Monoxide Detector"",""First Aid Kit"",""Safety Card"",""Fire Extinguisher"",Essentials,Shampoo}","$73.00","$25.00",5,96,10,10,10,10,9,1.15,210
"786",7153101,"f","University District",47.656658194581,-122.32031378158,"Townhouse","Entire home/apt",4,2.5,2,2,"Real Bed","{TV,""Cable TV"",Internet,""Wireless Internet"",""Air Conditioning"",Kitchen,""Free Parking on Premises"",""Indoor Fireplace"",Heating,""Family/Kid Friendly"",Washer,Dryer,""Smoke Detector"",""Carbon Monoxide Detector"",""First Aid Kit"",""Safety Card"",""Fire Extinguisher"",Essentials,Shampoo,""Lock on Bedroom Door"",""24-Hour Check-in"",Hangers,""Hair Dryer"",Iron,""Laptop Friendly Workspace""}","$92.00","$80.00",34,97,10,10,10,10,10,5.8,210
"787",9014572,"f","University District",47.6627010279164,-122.309732056787,"Apartment","Private room",1,0.5,1,1,"Real Bed","{TV,""Cable TV"",Internet,""Wireless Internet"",Kitchen,Heating,Essentials,Shampoo,Hangers}","$69.00","",0,NA,NA,NA,NA,NA,NA,NA,168
"788",585418,"t","University District",47.6644857528012,-122.304670633579,"Apartment","Shared room",2,1,1,1,"Futon","{Internet,""Wireless Internet"",Kitchen,""Free Parking on Premises"",Heating,Washer,Dryer,""Smoke Detector"",""Carbon Monoxide Detector"",""First Aid Kit"",""Safety Card"",""Fire Extinguisher"",Essentials,Shampoo}","$59.00","",146,98,10,10,10,9,10,3.63,164
"789",4484426,"f","University District",47.6623605994339,-122.302423952779,"Apartment","Entire home/apt",6,2,2,2,"Real Bed","{TV,Internet,""Wireless Internet"",Kitchen,""Free Parking on Premises"",Heating,""Family/Kid Friendly"",Washer,Dryer,""Smoke Detector"",""Fire Extinguisher"",Essentials,Shampoo}","$145.00","$90.00",7,91,9,9,9,9,9,1.02,159
"790",3291777,"f","University District",47.6586315500548,-122.317766355934,"Apartment","Entire home/apt",4,1,1,2,"Real Bed","{TV,""Cable TV"",Internet,""Wireless Internet"",Kitchen,Heating,""Family/Kid Friendly"",Washer,Dryer,""Smoke Detector"",""Fire Extinguisher"",Essentials,Shampoo}","$95.00","$60.00",7,66,6,8,8,8,7,0.37,195
"791",3096191,"f","University District",47.663217883141,-122.304370857716,"Apartment","Entire home/apt",6,2,2,2,"Real Bed","{TV,Internet,""Wireless Internet"",Kitchen,Heating,""Suitable for Events"",Washer,Dryer,""Smoke Detector"",Essentials,Shampoo}","$150.00","$90.00",8,68,7,7,7,9,7,0.44,164
"792",9865846,"f","University District",47.6671321808683,-122.316448879768,"Apartment","Entire home/apt",4,1,2,2,"Real Bed","{""Wireless Internet"",Kitchen,""Free Parking on Premises"",Heating,""Smoke Detector"",""Carbon Monoxide Detector"",Essentials}","$85.00","",1,100,10,10,10,10,10,1,201
"793",6249536,"f","University District",47.6631345778645,-122.31455824953,"Apartment","Entire home/apt",2,1,0,1,"Real Bed","{TV,""Cable TV"",Internet,""Wireless Internet"",Kitchen,Heating,Washer,Dryer,""Smoke Detector"",""Fire Extinguisher"",Essentials,Shampoo}","$98.00","$60.00",2,80,9,10,10,9,8,0.26,186
"794",5744931,"f","University District",47.6639676605847,-122.306518477411,"Apartment","Entire home/apt",4,1,1,4,"Real Bed","{TV,Internet,""Wireless Internet"",Kitchen,""Free Parking on Premises"",Heating,""Family/Kid Friendly"",Washer,Dryer,""Smoke Detector"",""Carbon Monoxide Detector"",""First Aid Kit"",""Fire Extinguisher"",Essentials,Shampoo,""24-Hour Check-in"",Hangers,""Hair Dryer"",Iron,""Laptop Friendly Workspace""}","$110.00","$60.00",7,100,10,10,10,8,10,0.74,168
"795",8156764,"f","University District",47.6573140874602,-122.31975999731,"House","Shared room",1,1,1,1,"Real Bed","{Internet,""Wireless Internet"",Kitchen,Heating,""Suitable for Events"",Washer,Dryer,""Smoke Detector"",""Carbon Monoxide Detector"",""First Aid Kit"",""Fire Extinguisher"",Essentials}","$42.00","$35.00",0,NA,NA,NA,NA,NA,NA,NA,208
"796",3303857,"f","University District",47.6586089110294,-122.317713048682,"Apartment","Entire home/apt",3,1,1,1,"Real Bed","{TV,""Cable TV"",Internet,""Wireless Internet"",Kitchen,Heating,Washer,Dryer,""Smoke Detector"",""Fire Extinguisher"",Essentials,Shampoo}","$95.00","$60.00",23,82,9,9,8,8,8,1.23,195
"797",8155710,"f","University District",47.656882133471,-122.318273008375,"House","Shared room",1,1,1,1,"Real Bed","{Internet,""Wireless Internet"",Kitchen,Heating,""Suitable for Events"",Washer,Dryer,""Smoke Detector"",""Carbon Monoxide Detector"",""First Aid Kit"",""Fire Extinguisher"",Essentials}","$42.00","$35.00",2,90,9,10,10,10,9,2,206
"798",3843706,"f","University District",47.671604664766,-122.315765413323,"House","Entire home/apt",5,2,3,3,"Real Bed","{TV,""Cable TV"",Internet,""Wireless Internet"",Kitchen,""Free Parking on Premises"",""Indoor Fireplace"",Heating,""Family/Kid Friendly"",Washer,Dryer,""Smoke Detector"",""Carbon Monoxide Detector"",""First Aid Kit"",""Fire Extinguisher""}","$250.00","$120.00",2,90,8,10,10,10,9,0.23,210
"799",8156860,"f","University District",47.6569710156282,-122.318918052614,"House","Shared room",1,1,1,1,"Real Bed","{Internet,""Wireless Internet"",Kitchen,Heating,""Suitable for Events"",Washer,Dryer,""Smoke Detector"",""Carbon Monoxide Detector"",""First Aid Kit"",""Fire Extinguisher"",Essentials}","$42.00","$35.00",0,NA,NA,NA,NA,NA,NA,NA,208
"800",9316399,"f","University District",47.6639181709226,-122.31134231156,"Apartment","Private room",2,1,1,1,"Real Bed","{Internet,""Wireless Internet"",Kitchen,""Elevator in Building"",""Buzzer/Wireless Intercom"",Heating,Washer,Dryer,Essentials,Shampoo}","$40.00","$5.00",4,90,8,10,10,10,9,2.35,173
"801",293890,"f","University District",47.669023135507,-122.315882473766,"Apartment","Entire home/apt",4,1,2,3,"Real Bed","{""Wireless Internet"",Kitchen,""Free Parking on Premises"",Heating,""Family/Kid Friendly"",Washer,Dryer}","$80.00","$35.00",19,85,8,9,9,9,8,0.4,203
"802",7915432,"f","University District",47.6635321710444,-122.311491514944,"Townhouse","Shared room",2,1.5,1,2,"Couch","{""Wireless Internet"",Kitchen,Breakfast,Heating,Washer,Dryer,""Smoke Detector"",""Carbon Monoxide Detector"",Essentials,Shampoo,""24-Hour Check-in"",Hangers,""Hair Dryer""}","$40.00","",1,80,10,8,10,10,10,0.91,173
"803",7501583,"f","University District",47.6688161745499,-122.318441651001,"House","Entire home/apt",6,1,2,3,"Real Bed","{TV,""Wireless Internet"",Kitchen,""Free Parking on Premises"",""Pets live on this property"",Dog(s),""Indoor Fireplace"",Heating,Washer,Dryer,""Smoke Detector"",""Carbon Monoxide Detector"",""Fire Extinguisher"",Shampoo}","$275.00","$75.00",0,NA,NA,NA,NA,NA,NA,NA,213
"804",10126050,"f","University District",47.6574141164527,-122.31582407185,"Apartment","Entire home/apt",1,1,0,1,"Airbed","{Kitchen,""Buzzer/Wireless Intercom"",Heating,Washer,Dryer,""Smoke Detector"",""Carbon Monoxide Detector"",""24-Hour Check-in""}","$47.00","",0,NA,NA,NA,NA,NA,NA,NA,196
"805",7807658,"f","University District",47.6604882047894,-122.314834852674,"Apartment","Shared room",2,1,1,2,"Real Bed","{TV,""Cable TV"",Internet,""Wireless Internet"",Kitchen,""Elevator in Building"",""Buzzer/Wireless Intercom"",Heating,Washer,Dryer,""Smoke Detector"",""Carbon Monoxide Detector"",Essentials,Shampoo}","$118.00","",1,NA,NA,NA,NA,NA,NA,0.21,185
"806",1589461,"f","University District",47.6569703565263,-122.315779783927,"Apartment","Entire home/apt",3,1,1,1,"Real Bed","{TV,""Cable TV"",Internet,""Wireless Internet"",Kitchen,Heating,""Family/Kid Friendly"",""Suitable for Events"",Washer,Dryer,""Smoke Detector"",""Fire Extinguisher"",Essentials,Shampoo}","$105.00","$60.00",5,70,8,8,10,9,8,0.18,199
"807",9303530,"f","University District",47.6574755606389,-122.317542674744,"Apartment","Entire home/apt",6,2,2,3,"Real Bed","{TV,""Wireless Internet"",Kitchen,""Free Parking on Premises"",Heating,""Family/Kid Friendly"",Washer,Dryer,""Smoke Detector"",""Carbon Monoxide Detector"",""Fire Extinguisher"",Essentials,Shampoo,""24-Hour Check-in"",Hangers,""Hair Dryer"",""Laptop Friendly Workspace""}","$150.00","$90.00",1,60,8,10,10,10,10,0.88,199
"808",7809718,"f","University District",47.6704242154634,-122.315279227567,"House","Entire home/apt",5,1.5,3,2,"Real Bed","{TV,""Cable TV"",Internet,""Wireless Internet"",""Air Conditioning"",Kitchen,""Free Parking on Premises"",""Indoor Fireplace"",Heating,""Family/Kid Friendly"",Washer,Dryer,""Smoke Detector"",""Carbon Monoxide Detector"",""Fire Extinguisher""}","$250.00","$100.00",5,100,9,10,10,10,10,1.11,208
"809",140331,"t","Harrison/Denny-Blaine",47.6189390325852,-122.292123417834,"House","Private room",2,1,1,1,"Real Bed","{""Wireless Internet"",Kitchen,""Free Parking on Premises"",""Pets Allowed"",""Pets live on this property"",Dog(s),Heating,""Family/Kid Friendly"",Washer,Dryer,Essentials,Shampoo}","$88.00","$30.00",93,96,9,10,10,9,10,1.68,343
"810",9462315,"f","Harrison/Denny-Blaine",47.6237145687876,-122.291227446608,"House","Private room",2,1,1,1,"Real Bed","{TV,""Cable TV"",Internet,""Wireless Internet"",Kitchen,""Free Parking on Premises"",""Indoor Fireplace"",Heating,Washer,Dryer,Essentials,Shampoo}","$139.00","",0,NA,NA,NA,NA,NA,NA,NA,289
"811",565703,"f","Harrison/Denny-Blaine",47.6201618958723,-122.295814285328,"Apartment","Entire home/apt",4,1,2,2,"Real Bed","{TV,Internet,""Wireless Internet"",""Wheelchair Accessible"",Kitchen,Heating,""Family/Kid Friendly"",Washer,Dryer,""Smoke Detector"",""Carbon Monoxide Detector"",""First Aid Kit"",""Fire Extinguisher"",Essentials,Shampoo,""24-Hour Check-in"",Hangers,""Hair Dryer"",Iron,""Laptop Friendly Workspace""}","$128.00","$10.00",158,92,9,10,10,10,9,4.67,365
"812",1147349,"f","Harrison/Denny-Blaine",47.6245934179258,-122.294546831811,"Apartment","Entire home/apt",2,1,1,1,"Real Bed","{TV,Internet,""Wireless Internet"",Kitchen,""Pets Allowed"",""Pets live on this property"",Cat(s),Heating,""Smoke Detector"",""Fire Extinguisher"",Essentials,Shampoo}","$110.00","$25.00",16,95,9,10,10,9,9,0.51,344
"813",7262358,"f","Harrison/Denny-Blaine",47.630511119305,-122.281771299515,"House","Entire home/apt",2,1,1,1,"Real Bed","{""Cable TV"",""Wireless Internet"",Kitchen,""Free Parking on Premises"",Heating,""Family/Kid Friendly"",Washer,Dryer,""Smoke Detector"",""Carbon Monoxide Detector"",""First Aid Kit"",""Safety Card"",""Fire Extinguisher"",Essentials,Shampoo}","$210.00","$80.00",2,100,10,10,10,9,10,0.37,182
"814",723723,"f","Harrison/Denny-Blaine",47.6196623719805,-122.289556538749,"House","Entire home/apt",4,1,1,2,"Real Bed","{""Wireless Internet"",Kitchen,""Free Parking on Premises"",Heating,""Family/Kid Friendly"",Washer,""Smoke Detector"",""Safety Card"",""Fire Extinguisher"",Essentials,Shampoo,Hangers,""Hair Dryer"",Iron,""Laptop Friendly Workspace""}","$155.00","$70.00",49,93,10,10,10,9,9,1.25,301
"815",4757025,"t","Harrison/Denny-Blaine",47.6254344628427,-122.290438896793,"House","Entire home/apt",4,1,2,2,"Real Bed","{""Cable TV"",Internet,""Wireless Internet"",Kitchen,""Indoor Fireplace"",Heating,""Family/Kid Friendly"",Washer,Dryer,""Smoke Detector"",""Carbon Monoxide Detector"",""First Aid Kit"",""Safety Card"",""Fire Extinguisher"",Essentials,Shampoo}","$168.00","$45.00",75,100,10,10,10,10,10,6.92,261
"816",3334052,"f","Harrison/Denny-Blaine",47.6203323042674,-122.295534585183,"Apartment","Entire home/apt",2,1,0,1,"Real Bed","{TV,""Cable TV"",Internet,""Wireless Internet"",Kitchen,""Free Parking on Premises"",Heating,""Smoke Detector"",""Carbon Monoxide Detector"",""First Aid Kit"",""Safety Card"",""Fire Extinguisher"",Essentials,Shampoo,""24-Hour Check-in"",Hangers,""Hair Dryer"",Iron,""Laptop Friendly Workspace""}","$62.00","$50.00",44,96,10,10,10,10,10,2.66,365
"817",7036707,"t","Harrison/Denny-Blaine",47.6230260143988,-122.295298051269,"Apartment","Entire home/apt",2,1,0,1,"Real Bed","{TV,""Cable TV"",""Wireless Internet"",Kitchen,""Free Parking on Premises"",""Pets live on this property"",Cat(s),Heating,Washer,Dryer,""Smoke Detector"",""Carbon Monoxide Detector"",""First Aid Kit"",""Fire Extinguisher"",Essentials,Shampoo,Hangers,""Hair Dryer"",Iron}","$80.00","$25.00",25,99,10,10,10,10,10,4.55,377
"818",5272327,"f","Harrison/Denny-Blaine",47.6225027903689,-122.295615749829,"Apartment","Entire home/apt",2,1,1,1,"Real Bed","{TV,""Wireless Internet"",Kitchen,""Free Parking on Premises"",""Pets live on this property"",Dog(s),Heating,""Family/Kid Friendly"",Washer,Dryer,""Smoke Detector"",""Carbon Monoxide Detector"",""Fire Extinguisher"",Essentials,Shampoo}","$105.00","$95.00",28,96,10,10,10,10,10,3.77,373
"819",3921664,"f","Harrison/Denny-Blaine",47.6241694993484,-122.293044729096,"House","Private room",4,1,1,2,"Real Bed","{TV,Internet,""Wireless Internet"",""Free Parking on Premises"",""Pets live on this property"",""Other pet(s)"",Heating,Washer,Dryer,""Smoke Detector"",""Carbon Monoxide Detector"",""Fire Extinguisher"",Essentials,Shampoo,""24-Hour Check-in"",Hangers,""Hair Dryer"",Iron,""Laptop Friendly Workspace""}","$50.00","$10.00",2,100,10,10,10,10,10,2,316
"820",9974658,"f","Harrison/Denny-Blaine",47.6193169001191,-122.287373675726,"House","Private room",2,1,1,1,"Real Bed","{Kitchen,""Free Parking on Premises"",Heating,""Family/Kid Friendly"",""Smoke Detector"",""Fire Extinguisher"",Essentials,""Lock on Bedroom Door""}","$70.00","$50.00",0,NA,NA,NA,NA,NA,NA,NA,258
"821",2727984,"t","Harrison/Denny-Blaine",47.6183931778494,-122.286780556911,"House","Private room",1,1,1,1,"Real Bed","{""Cable TV"",""Wireless Internet"",Kitchen,Heating,Washer,Dryer,Essentials}","$165.00","",1,100,10,10,10,10,10,0.23,265
"822",794633,"t","Harrison/Denny-Blaine",47.6253607113125,-122.291517819368,"House","Entire home/apt",2,1,1,1,"Real Bed","{Internet,""Wireless Internet"",Kitchen,""Free Parking on Premises"",""Pets Allowed"",""Pets live on this property"",Dog(s),Heating,""Family/Kid Friendly"",Dryer,""Smoke Detector"",""Carbon Monoxide Detector"",""First Aid Kit"",""Safety Card"",""Fire Extinguisher"",Essentials,Shampoo,Hangers,""Hair Dryer"",Iron,""Laptop Friendly Workspace""}","$79.00","$6.00",270,98,10,10,10,10,10,8.31,279
"823",3959442,"t","Minor",47.6095017284729,-122.311771577025,"Apartment","Entire home/apt",2,1,0,1,"Real Bed","{""Wireless Internet"",Kitchen,""Free Parking on Premises"",""Pets live on this property"",Dog(s),Cat(s),Heating,Washer,Dryer,""Smoke Detector"",""Carbon Monoxide Detector"",""Safety Card"",""Fire Extinguisher"",Essentials,Shampoo}","$95.00","$50.00",68,98,10,10,10,10,10,4.27,418
"824",6761267,"f","Minor",47.6067684941397,-122.313437674503,"House","Entire home/apt",2,1,1,1,"Real Bed","{TV,""Cable TV"",""Wireless Internet"",""Air Conditioning"",Kitchen,Heating,Washer,Dryer,""Smoke Detector"",""First Aid Kit"",""Fire Extinguisher"",Essentials,Shampoo,Hangers,""Hair Dryer"",Iron,""Laptop Friendly Workspace""}","$90.00","$26.00",52,93,10,10,10,9,9,7.57,420
"825",6824408,"f","Minor",47.6051073390577,-122.303707832281,"House","Entire home/apt",8,2.5,3,3,"Real Bed","{TV,""Cable TV"",Internet,""Wireless Internet"",Kitchen,Heating,""Family/Kid Friendly"",Washer,Dryer,""Smoke Detector"",""Carbon Monoxide Detector"",""First Aid Kit"",""Safety Card"",""Fire Extinguisher"",Essentials,Shampoo}","$380.00","$100.00",3,100,10,10,10,10,10,0.53,387
"826",2526129,"f","Minor",47.6119061017538,-122.303348685052,"House","Entire home/apt",8,3,4,4,"Real Bed","{TV,""Wireless Internet"",Kitchen,""Free Parking on Premises"",Heating,""Family/Kid Friendly"",Washer,Dryer,""Smoke Detector"",""First Aid Kit"",""Fire Extinguisher"",Essentials,Shampoo}","$225.00","$150.00",3,100,9,10,10,9,9,0.16,397
"827",7859906,"f","Minor",47.611369021361,-122.314528669215,"House","Private room",2,1,1,1,"Real Bed","{TV,""Cable TV"",""Wireless Internet"",Washer,Dryer,""Smoke Detector"",""Carbon Monoxide Detector"",Essentials,Shampoo}","$60.00","",12,95,10,10,10,10,10,3.19,415
"828",9636248,"f","Minor",47.6135180921901,-122.311605391563,"Condominium","Entire home/apt",2,1,1,1,"Real Bed","{TV,""Wireless Internet"",Kitchen,""Free Parking on Premises"",""Buzzer/Wireless Intercom"",Heating,Washer,Dryer,""Smoke Detector"",""Carbon Monoxide Detector"",""24-Hour Check-in"",Hangers,""Hair Dryer"",Iron,""Laptop Friendly Workspace""}","$100.00","$20.00",0,NA,NA,NA,NA,NA,NA,NA,415
"829",4623541,"f","Minor",47.6110919094541,-122.306648376946,"House","Entire home/apt",5,2.5,2,2,"Real Bed","{TV,""Cable TV"",Internet,""Wireless Internet"",Kitchen,""Buzzer/Wireless Intercom"",Heating,Washer,Dryer,""Smoke Detector"",""Carbon Monoxide Detector"",""Fire Extinguisher"",Essentials,Shampoo}","$157.00","$100.00",25,98,10,10,10,10,10,1.94,407
"830",1970725,"t","Minor",47.6156281499855,-122.307836878514,"House","Private room",2,1,1,1,"Real Bed","{""Wireless Internet"",Heating,""Smoke Detector"",Essentials,Shampoo}","$110.00","$30.00",43,99,10,10,10,10,9,2.19,413
"831",4418480,"f","Minor",47.6125167049765,-122.314345260031,"Apartment","Entire home/apt",3,1,1,1,"Real Bed","{TV,""Cable TV"",Internet,""Wireless Internet"",""Wheelchair Accessible"",Kitchen,""Indoor Fireplace"",Heating,""Family/Kid Friendly"",Washer,""Smoke Detector"",Shampoo}","$150.00","$30.00",8,93,9,10,10,10,9,0.65,415
"832",911001,"t","Minor",47.6139730740438,-122.307888270004,"Townhouse","Entire home/apt",6,3.5,3,3,"Real Bed","{TV,Internet,""Wireless Internet"",Kitchen,""Pets live on this property"",Dog(s),""Indoor Fireplace"",Heating,""Family/Kid Friendly"",Washer,Dryer,""Smoke Detector"",""First Aid Kit"",""Fire Extinguisher"",Essentials,Hangers,""Hair Dryer"",""Laptop Friendly Workspace""}","$203.00","$140.00",0,NA,NA,NA,NA,NA,NA,NA,411
"833",6670332,"t","Minor",47.6084424866631,-122.31037597401,"House","Entire home/apt",5,1,1,2,"Real Bed","{TV,Internet,""Wireless Internet"",""Air Conditioning"",Kitchen,""Free Parking on Premises"",""Pets live on this property"",Dog(s),""Indoor Fireplace"",Heating,""Family/Kid Friendly"",Washer,Dryer,""Smoke Detector"",""Carbon Monoxide Detector"",""First Aid Kit"",""Safety Card"",""Fire Extinguisher"",Essentials,Shampoo,Hangers,""Hair Dryer"",Iron,""Laptop Friendly Workspace""}","$145.00","$100.00",15,99,10,10,10,10,9,2.38,416
"834",1249060,"f","Minor",47.6051857931053,-122.312302220733,"House","Entire home/apt",3,1,1,1,"Real Bed","{Internet,""Wireless Internet"",Kitchen,""Free Parking on Premises"",Heating,Washer,Dryer,""Smoke Detector"",""First Aid Kit"",""Fire Extinguisher"",Essentials}","$85.00","$83.00",74,92,9,10,9,9,9,2.41,418
"835",1566487,"t","Minor",47.6030885860743,-122.305234035162,"Apartment","Entire home/apt",4,1,1,2,"Real Bed","{TV,Internet,""Wireless Internet"",Kitchen,""Free Parking on Premises"",""Buzzer/Wireless Intercom"",Heating,Washer,Dryer,""Smoke Detector"",""Carbon Monoxide Detector"",""Fire Extinguisher"",Essentials,Shampoo}","$79.00","$70.00",104,95,10,10,10,8,9,3.62,388
"836",9711153,"f","Minor",47.6124753952057,-122.308581954066,"Apartment","Shared room",1,1,1,1,"Real Bed","{}","$40.00","",6,97,10,10,10,10,10,5.62,414
"837",444221,"f","Minor",47.6055227881563,-122.307530116952,"House","Private room",2,1,1,1,"Real Bed","{""Wireless Internet"",Kitchen,Heating,Washer,Dryer,""Smoke Detector"",Essentials,Shampoo}","$49.00","$5.00",79,88,9,9,9,9,9,1.85,404
"838",1018204,"f","Minor",47.6056233226133,-122.308905465944,"Cabin","Private room",4,1,1,2,"Real Bed","{""Wireless Internet"",Kitchen,Heating,Washer,Dryer,""Smoke Detector"",""Fire Extinguisher"",Essentials,Shampoo}","$56.00","$5.00",79,84,9,9,9,9,9,2.41,409
"839",4856986,"t","Minor",47.6058127096603,-122.304039839968,"House","Entire home/apt",7,2.5,3,4,"Real Bed","{Internet,""Wireless Internet"",Kitchen,""Free Parking on Premises"",Heating,""Family/Kid Friendly"",Washer,Dryer,""Smoke Detector"",""Carbon Monoxide Detector"",Essentials,Shampoo}","$330.00","$75.00",4,100,10,10,10,10,10,0.75,390
"840",2130652,"f","Minor",47.6099816116713,-122.304639836469,"Apartment","Entire home/apt",4,1,2,2,"Real Bed","{TV,Internet,""Wireless Internet"",Kitchen,""Free Parking on Premises"",Heating,Washer,Dryer,""Smoke Detector"",""Carbon Monoxide Detector"",Essentials}","$150.00","$40.00",96,91,9,10,9,9,9,3.98,399
"841",5524530,"t","Minor",47.606796138622,-122.309085684856,"House","Entire home/apt",8,3,4,4,"Real Bed","{""Cable TV"",""Wireless Internet"",""Free Parking on Premises"",""Smoking Allowed"",Breakfast,""Pets live on this property"",Cat(s),Heating,""Suitable for Events"",Washer,Dryer,""Smoke Detector"",""First Aid Kit"",""Fire Extinguisher"",Shampoo}","$350.00","$120.00",7,94,10,10,9,10,9,0.85,410
"842",9216874,"f","Minor",47.6023096499923,-122.305798150116,"Townhouse","Entire home/apt",4,1.5,2,2,"Real Bed","{TV,Internet,""Wireless Internet"",Kitchen,""Free Parking on Premises"",""Pets live on this property"",Dog(s),""Indoor Fireplace"",Heating,""Family/Kid Friendly"",Washer,Dryer,""Smoke Detector"",""Carbon Monoxide Detector"",""Safety Card"",""Fire Extinguisher"",Essentials,Shampoo}","$145.00","$60.00",2,100,10,10,10,10,10,0.98,387
"843",7971395,"f","Minor",47.6048913695294,-122.30671025943,"House","Private room",2,1,1,1,"Real Bed","{Internet,""Wireless Internet"",""Free Parking on Premises"",""Hot Tub"",Heating,Washer,Dryer,""Smoke Detector"",Essentials,Shampoo}","$67.00","$18.00",10,90,9,10,10,9,10,2.63,399
"844",2593263,"f","Minor",47.6106681422951,-122.312553372502,"House","Private room",3,2,1,1,"Real Bed","{""Wireless Internet"",Kitchen,Heating,""Family/Kid Friendly"",""Suitable for Events"",Washer,Dryer,""Smoke Detector"",""First Aid Kit"",""Fire Extinguisher"",Essentials}","$69.00","",52,95,10,10,10,10,10,2.53,418
"845",443580,"f","Minor",47.6066395061663,-122.30813977197,"Cabin","Private room",2,1,1,1,"Real Bed","{""Wireless Internet"",Kitchen,Heating,Washer,Dryer,""Smoke Detector"",Essentials,Shampoo}","$52.00","$5.00",99,86,9,9,9,9,9,2.27,408
"846",1614502,"t","Minor",47.6102530638274,-122.305049301833,"House","Private room",2,1,1,1,"Real Bed","{TV,Internet,""Wireless Internet"",Kitchen,""Free Parking on Premises"",Breakfast,""Pets live on this property"",Cat(s),Heating,""Smoke Detector"",""Carbon Monoxide Detector"",""First Aid Kit"",""Fire Extinguisher"",Essentials,Shampoo}","$75.00","$35.00",71,97,10,10,10,10,10,3.7,400
"847",4477426,"f","Minor",47.6031557554983,-122.309855276365,"Apartment","Private room",2,1.5,1,1,"Real Bed","{Internet,""Wireless Internet"",Kitchen,""Indoor Fireplace"",Heating,Washer,Dryer,""Smoke Detector"",""Carbon Monoxide Detector"",""First Aid Kit"",""Fire Extinguisher"",Essentials,Shampoo}","$90.00","",28,91,10,10,10,9,9,2.33,404
"848",7648716,"t","Minor",47.6044056713156,-122.305429128043,"House","Private room",2,1,1,1,"Real Bed","{""Wireless Internet"",Heating,""Family/Kid Friendly"",Washer,Dryer,Essentials,Shampoo}","$130.00","$30.00",5,96,10,10,10,9,10,0.97,392
"849",9696912,"f","Minor",47.6106785616988,-122.312671530403,"House","Private room",2,1,1,1,"Real Bed","{""Cable TV"",""Wireless Internet"",Kitchen,""Free Parking on Premises"",""Pets live on this property"",Cat(s),Heating,Washer,Dryer,""Smoke Detector"",""Carbon Monoxide Detector"",""First Aid Kit"",""Safety Card"",""Fire Extinguisher"",Iron,""Laptop Friendly Workspace""}","$65.00","$55.00",0,NA,NA,NA,NA,NA,NA,NA,418
"850",3585592,"f","Minor",47.6157789359682,-122.306825883429,"Apartment","Entire home/apt",2,1,1,1,"Real Bed","{TV,""Cable TV"",Internet,""Wireless Internet"",""Wheelchair Accessible"",Kitchen,""Pets live on this property"",""Elevator in Building"",Heating,""Family/Kid Friendly"",Washer,Dryer,""Smoke Detector"",""Carbon Monoxide Detector"",Essentials}","$155.00","$25.00",10,100,10,10,10,10,10,0.57,409
"851",3757858,"f","Minor",47.6097769202009,-122.313000052482,"Apartment","Shared room",2,1,1,1,"Real Bed","{TV,Internet,""Wireless Internet"",Kitchen,""Free Parking on Premises"",Heating,Washer,Dryer,""Smoke Detector"",""Carbon Monoxide Detector"",""First Aid Kit"",""Safety Card"",""Fire Extinguisher"",Essentials,Shampoo}","$79.00","",15,100,9,10,10,10,10,0.95,418
"852",7219838,"f","Minor",47.6061493604615,-122.303857492276,"Apartment","Shared room",3,1,1,1,"Airbed","{TV,Internet,""Wireless Internet"",Kitchen,""Pets Allowed"",""Pets live on this property"",Dog(s),Heating,""Smoke Detector"",""First Aid Kit"",Essentials,Shampoo,""24-Hour Check-in""}","$60.00","$5.00",18,92,8,10,10,9,9,3.72,391
"853",6022715,"f","Minor",47.6066126108693,-122.306637889771,"Apartment","Entire home/apt",4,1,2,1,"Real Bed","{Internet,""Wireless Internet"",Kitchen,Breakfast,""Pets live on this property"",Cat(s),Heating,Washer,Dryer,""Smoke Detector"",""Carbon Monoxide Detector"",""Safety Card"",""Fire Extinguisher"",Essentials,Shampoo}","$115.00","",1,100,10,10,10,10,10,0.16,401
"854",7685745,"f","Minor",47.6059107285537,-122.305446000548,"House","Private room",2,1,1,1,"Real Bed","{Internet,""Wireless Internet"",""Air Conditioning"",Kitchen,""Free Parking on Premises"",""Pets Allowed"",Breakfast,""Indoor Fireplace"",Heating,""Family/Kid Friendly"",Washer,Dryer,""Smoke Detector"",""Carbon Monoxide Detector"",""First Aid Kit"",""Safety Card"",""Fire Extinguisher"",Essentials,Shampoo}","$60.00","",8,100,10,10,9,10,10,2.09,396
"855",4565370,"f","Minor",47.6033884404418,-122.307436968722,"House","Private room",2,1,1,1,"Real Bed","{Internet,""Wireless Internet"",Kitchen,""Free Parking on Premises"",Breakfast,""Pets live on this property"",Heating,""Family/Kid Friendly"",Washer,Dryer,""Smoke Detector"",""Carbon Monoxide Detector"",Essentials,Shampoo}","$70.00","",33,96,10,10,10,9,9,2.47,394
"856",4783817,"f","Minor",47.6117310242863,-122.308267470098,"Apartment","Private room",2,1,1,1,"Real Bed","{Internet,""Wireless Internet"",Kitchen,""Free Parking on Premises"",""Pets live on this property"",Cat(s),Heating,Washer,Dryer,""Smoke Detector"",""Carbon Monoxide Detector"",""Fire Extinguisher"",Essentials}","$80.00","$35.00",3,100,10,10,10,10,9,0.85,413
"857",2593176,"f","Minor",47.6111105103072,-122.31196192198,"House","Private room",3,2,1,2,"Real Bed","{TV,""Wireless Internet"",Kitchen,Heating,""Family/Kid Friendly"",""Suitable for Events"",Washer,Dryer,""Smoke Detector"",""First Aid Kit"",""Fire Extinguisher"",Essentials}","$70.00","",68,91,9,9,9,10,9,3.13,417
"858",3143227,"f","Minor",47.6110751272359,-122.313626719176,"House","Private room",1,2,1,1,"Real Bed","{""Wireless Internet"",Kitchen,Heating,""Family/Kid Friendly"",""Suitable for Events"",Washer,Dryer,""Smoke Detector"",""First Aid Kit"",""Fire Extinguisher"",Essentials}","$55.00","",70,97,10,10,10,10,10,3.64,418
"859",1214306,"t","Minor",47.6160021356499,-122.308060375466,"House","Private room",2,1.5,1,1,"Real Bed","{TV,Internet,""Wireless Internet"",Kitchen,""Free Parking on Premises"",""Pets live on this property"",Cat(s),Heating,Washer,Dryer,""Smoke Detector"",""Carbon Monoxide Detector"",""First Aid Kit"",""Fire Extinguisher"",Essentials,Shampoo}","$72.00","$30.00",94,98,10,10,10,10,10,3.02,412
"860",9448215,"f","Minor",47.6110785428473,-122.312820057224,"House","Private room",2,1,1,1,"Real Bed","{}","$67.00","",1,100,8,10,10,10,10,1,418
"861",9369481,"f","Minor",47.6101741808134,-122.312799193408,"House","Private room",2,1,1,1,"Real Bed","{}","$58.00","",0,NA,NA,NA,NA,NA,NA,NA,418
"862",3533224,"t","Minor",47.6059076361376,-122.313946836112,"House","Private room",2,1.5,1,1,"Real Bed","{Internet,""Wireless Internet"",Kitchen,""Free Parking on Premises"",Cat(s),Heating,""Family/Kid Friendly"",Washer,Dryer,Essentials,Shampoo}","$70.00","$15.00",136,97,10,10,10,9,9,7.63,419
"863",443736,"f","Minor",47.6058745708514,-122.3079306887,"Apartment","Entire home/apt",2,1,1,1,"Real Bed","{""Wireless Internet"",Kitchen,Heating,""Smoke Detector"",Essentials,Shampoo}","$81.00","$5.00",51,94,9,10,10,9,9,1.14,408
"864",6675927,"t","Minor",47.6168739874494,-122.303269720869,"House","Private room",2,1.5,1,1,"Real Bed","{TV,Internet,""Wireless Internet"",""Air Conditioning"",Kitchen,Breakfast,""Indoor Fireplace"",""Buzzer/Wireless Intercom"",Heating,Washer,Dryer,""Smoke Detector"",""Carbon Monoxide Detector"",""First Aid Kit"",Essentials,Shampoo}","$58.00","$30.00",49,95,10,10,10,9,10,7,394
"865",1772119,"t","Minor",47.6062071518449,-122.30683458,"House","Private room",2,2,1,1,"Real Bed","{""Wireless Internet"",Kitchen,""Free Parking on Premises"",""Smoking Allowed"",Breakfast,""Pets live on this property"",Cat(s),Heating,""Suitable for Events"",Washer,Dryer,""Smoke Detector"",""Carbon Monoxide Detector"",""First Aid Kit"",""Fire Extinguisher""}","$58.00","$30.00",68,100,10,10,10,10,10,2.77,401
"866",7808495,"t","Minor",47.6097965005051,-122.31532968313,"House","Private room",1,1,1,1,"Real Bed","{Internet,""Wireless Internet"",Kitchen,Heating,Washer,Dryer,""Smoke Detector"",""Carbon Monoxide Detector"",""Fire Extinguisher"",Essentials,Shampoo}","$100.00","$35.00",4,100,10,9,10,10,10,0.84,419
"867",4539948,"t","Minor",47.6104016853994,-122.31387395093,"Loft","Entire home/apt",2,1,0,1,"Real Bed","{Kitchen,""Free Parking on Premises"",""Buzzer/Wireless Intercom"",Heating,Washer,Dryer,""Smoke Detector"",""First Aid Kit"",""Safety Card"",""Fire Extinguisher"",Essentials,Shampoo}","$110.00","",34,96,10,10,10,10,9,2.65,418
"868",7768727,"f","Minor",47.6099458907714,-122.315637274429,"Townhouse","Private room",2,1,1,1,"Real Bed","{TV,""Cable TV"",Internet,""Wireless Internet"",Washer,Dryer,""Smoke Detector"",""First Aid Kit"",Essentials,Shampoo}","$75.00","",16,99,10,10,10,10,9,3.61,418
"869",769213,"f","Minor",47.6095618632332,-122.315098851961,"House","Entire home/apt",2,1,0,1,"Pull-out Sofa","{Internet,""Wireless Internet"",Kitchen,""Free Parking on Premises"",Breakfast,""Pets live on this property"",Dog(s),""Hot Tub"",Heating,Essentials,Shampoo,Hangers,""Hair Dryer"",Iron}","$124.00","",164,98,10,10,10,10,10,6.1,419
"870",5328449,"f","Minor",47.6115352951666,-122.31432533807,"Apartment","Entire home/apt",4,1,1,2,"Real Bed","{TV,Internet,""Wireless Internet"",Kitchen,""Indoor Fireplace"",Heating,Washer,Dryer,""Smoke Detector"",""Carbon Monoxide Detector"",""First Aid Kit"",""Safety Card"",""Fire Extinguisher"",Essentials,Shampoo}","$150.00","",36,93,9,10,10,10,9,3.83,415
"871",1763809,"f","Minor",47.6106556354697,-122.314072778693,"House","Private room",2,2,1,1,"Real Bed","{TV,""Wireless Internet"",Kitchen,Heating,""Family/Kid Friendly"",""Suitable for Events"",Washer,Dryer,""Smoke Detector"",""First Aid Kit"",""Fire Extinguisher"",Essentials}","$65.00","",73,95,9,10,10,10,10,3.25,418
"872",1499596,"f","Minor",47.6029394991797,-122.308408940355,"House","Entire home/apt",6,2,2,2,"Real Bed","{TV,""Wireless Internet"",""Air Conditioning"",Kitchen,""Free Parking on Premises"",Heating,Washer,Dryer,""Smoke Detector"",""Carbon Monoxide Detector"",""First Aid Kit"",""Safety Card"",""Fire Extinguisher"",Essentials,Shampoo}","$225.00","",6,90,8,9,10,8,9,0.45,397
"873",4737727,"f","Minor",47.6100273393508,-122.304366430529,"House","Private room",2,1,1,1,"Futon","{Internet,""Wireless Internet"",Kitchen,""Free Parking on Premises"",""Pets live on this property"",Cat(s),""Indoor Fireplace"",Heating,Washer,Dryer,""Smoke Detector"",""Fire Extinguisher"",Essentials}","$70.00","",3,100,10,10,10,10,10,0.6,398
"874",8242212,"f","Minor",47.6033255346939,-122.313864676658,"Apartment","Entire home/apt",2,1,1,1,"Real Bed","{TV,""Wireless Internet"",Kitchen,""Free Parking on Premises"",Heating,""Family/Kid Friendly"",""Smoke Detector"",""Carbon Monoxide Detector"",""Fire Extinguisher""}","$105.00","$60.00",8,93,10,10,10,9,9,2.31,415
"875",8186781,"f","Minor",47.6103582913418,-122.314032305181,"House","Entire home/apt",4,2,2,2,"Real Bed","{TV,""Cable TV"",Internet,""Wireless Internet"",Kitchen,""Free Parking on Premises"",Heating,""Family/Kid Friendly"",""Smoke Detector"",""Carbon Monoxide Detector"",""First Aid Kit"",""Safety Card"",Essentials,Shampoo}","$158.00","$60.00",16,93,10,10,10,10,9,4.17,418
"876",7229015,"t","Minor",47.6041502715378,-122.303234485012,"Townhouse","Private room",2,1,1,1,"Real Bed","{TV,""Wireless Internet"",Heating,""Family/Kid Friendly"",""Smoke Detector"",""Carbon Monoxide Detector"",""First Aid Kit"",""Fire Extinguisher"",Essentials,Shampoo}","$69.00","$25.00",29,97,10,10,10,9,10,4.92,383
"877",5814207,"f","Minor",47.602137082818,-122.314142499162,"Apartment","Entire home/apt",2,1,1,1,"Real Bed","{TV,Internet,""Wireless Internet"",Kitchen,""Free Parking on Premises"",Heating,Washer,Dryer,""Smoke Detector"",""Carbon Monoxide Detector"",Essentials,Shampoo}","$80.00","$60.00",0,NA,NA,NA,NA,NA,NA,NA,412
"878",2274086,"f","Minor",47.6124159291458,-122.314504012253,"Apartment","Private room",2,1,1,2,"Real Bed","{Internet,""Wireless Internet"",Kitchen,""Pets live on this property"",Cat(s),Heating,""Family/Kid Friendly"",""Suitable for Events"",Washer,Dryer,""Smoke Detector"",""Carbon Monoxide Detector"",""First Aid Kit"",""Safety Card"",""Fire Extinguisher"",Essentials,Shampoo}","$99.00","$19.00",17,89,9,10,10,10,9,0.86,415
"879",4387985,"t","Minor",47.6112213774844,-122.306944333884,"House","Entire home/apt",6,1,2,3,"Real Bed","{""Wireless Internet"",Kitchen,""Free Parking on Premises"",""Hot Tub"",""Indoor Fireplace"",Heating,""Family/Kid Friendly"",Washer,Dryer,""Smoke Detector"",""First Aid Kit"",""Fire Extinguisher"",Essentials,Shampoo}","$165.00","$60.00",47,100,10,10,10,10,10,3.29,409
"880",9909445,"f","Minor",47.6076791668134,-122.315715314931,"Bungalow","Entire home/apt",2,1,0,1,"Real Bed","{Internet,""Wireless Internet"",Heating,Washer,Dryer,""Smoke Detector"",""Carbon Monoxide Detector"",""First Aid Kit"",""Safety Card"",""Fire Extinguisher"",Essentials,Shampoo,""24-Hour Check-in"",Hangers,Iron,""Laptop Friendly Workspace""}","$70.00","$15.00",0,NA,NA,NA,NA,NA,NA,NA,419
"881",7664899,"f","Minor",47.6054747944514,-122.309477508977,"House","Private room",4,1,1,2,"Real Bed","{TV,Internet,""Wireless Internet"",Kitchen,""Free Parking on Premises"",""Pets live on this property"",""Hot Tub"",""Indoor Fireplace"",Heating,Washer,Dryer,""Smoke Detector"",""Carbon Monoxide Detector"",Essentials,Shampoo}","$118.00","$100.00",3,100,10,10,10,9,9,0.61,411
"882",4773614,"f","Minor",47.6135009243178,-122.31275202654,"Apartment","Entire home/apt",2,1,1,3,"Real Bed","{TV,Internet,""Wireless Internet"",""Wheelchair Accessible"",Kitchen,""Elevator in Building"",""Buzzer/Wireless Intercom"",Heating,Washer,Dryer,""Smoke Detector"",""Carbon Monoxide Detector"",Essentials}","$100.00","",2,80,6,6,8,10,8,0.16,415
"883",3946674,"f","Minor",47.6019224184471,-122.307978662955,"House","Private room",2,1,1,1,"Real Bed","{Internet,""Wireless Internet"",Kitchen,""Pets live on this property"",Heating,""Family/Kid Friendly"",Washer,Dryer,""Smoke Detector"",""Carbon Monoxide Detector"",Essentials,Shampoo,""Lock on Bedroom Door""}","$90.00","",33,95,10,10,10,9,9,2.17,393
"884",8616488,"f","Minor",47.6132764059535,-122.31499743142,"Apartment","Entire home/apt",2,1,1,1,"Real Bed","{TV,""Wireless Internet"",Kitchen,""Free Parking on Premises"",""Elevator in Building"",Heating,Washer,Dryer,""Smoke Detector"",""Carbon Monoxide Detector"",""Fire Extinguisher"",Essentials,Shampoo,""24-Hour Check-in"",Hangers,""Hair Dryer"",Iron,""Laptop Friendly Workspace""}","$81.00","$65.00",11,93,9,9,9,10,9,4.18,416
"885",7518316,"f","Minor",47.609104117931,-122.311149988752,"Apartment","Entire home/apt",3,1,1,1,"Real Bed","{TV,Internet,""Wireless Internet"",Kitchen,""Free Parking on Premises"",Heating,Washer,Dryer,""Smoke Detector"",""Carbon Monoxide Detector"",""First Aid Kit"",Essentials,Shampoo}","$70.00","$45.00",3,100,10,10,10,9,10,0.71,418
"886",5259194,"t","Minor",47.6118005661315,-122.314161394036,"House","Private room",2,1,1,1,"Real Bed","{TV,""Wireless Internet"",""Pets live on this property"",Cat(s),Heating,""Family/Kid Friendly"",""Smoke Detector"",""Carbon Monoxide Detector"",""Fire Extinguisher"",Essentials,Shampoo}","$69.00","$25.00",94,99,10,10,10,10,10,8.73,415
"887",9256702,"f","Minor",47.6094176820892,-122.312100679843,"House","Entire home/apt",4,1,1,2,"Real Bed","{TV,Internet,""Wireless Internet"",Kitchen,""Free Parking on Premises"",""Pets live on this property"",Dog(s),""Indoor Fireplace"",Heating,""Family/Kid Friendly"",""Smoke Detector"",""Carbon Monoxide Detector"",""First Aid Kit"",""Fire Extinguisher"",Essentials,Shampoo,Hangers,""Hair Dryer"",Iron}","$90.00","$40.00",3,100,10,10,10,10,10,1.8,418
"888",9240289,"f","Minor",47.615617185913,-122.304345785782,"House","Private room",1,1,1,1,"Real Bed","{TV,""Wireless Internet"",Kitchen,Gym,Breakfast,Heating,Washer,Dryer,""Smoke Detector"",""Carbon Monoxide Detector"",""First Aid Kit"",""Safety Card"",""Fire Extinguisher"",Essentials,Shampoo,""Lock on Bedroom Door"",Hangers,""Laptop Friendly Workspace""}","$75.00","",0,NA,NA,NA,NA,NA,NA,NA,399
"889",2032805,"t","Minor",47.6079461534374,-122.307540233327,"House","Private room",2,2,1,1,"Real Bed","{""Wireless Internet"",Kitchen,""Smoking Allowed"",Breakfast,""Pets live on this property"",Cat(s),Heating,""Suitable for Events"",Washer,Dryer,""Smoke Detector"",""First Aid Kit"",""Fire Extinguisher"",Shampoo}","$70.00","$30.00",52,100,10,10,10,10,10,2.13,407
"890",3751503,"f","Minor",47.6100893838613,-122.313680585404,"Apartment","Entire home/apt",2,1,1,1,"Real Bed","{TV,Internet,""Wireless Internet"",Kitchen,""Free Parking on Premises"",Heating,Washer,Dryer,""Smoke Detector"",""Carbon Monoxide Detector"",""First Aid Kit"",""Safety Card"",""Fire Extinguisher"",Essentials,Shampoo}","$179.00","",32,96,9,10,10,10,9,1.85,418
"891",7581974,"t","Minor",47.6040955856622,-122.305408941961,"House","Private room",2,1,1,1,"Real Bed","{""Wireless Internet"",Washer,Dryer,""Smoke Detector"",""Carbon Monoxide Detector"",""First Aid Kit"",Essentials,Shampoo}","$105.00","$25.00",8,100,9,10,10,9,10,1.57,390
"892",6558980,"f","Minor",47.6110885925496,-122.31582293083,"Townhouse","Entire home/apt",4,2,1,1,"Real Bed","{TV,""Cable TV"",""Wireless Internet"",Kitchen,""Free Parking on Premises"",Gym,Heating,""Family/Kid Friendly"",Washer,Dryer,""Smoke Detector"",""First Aid Kit"",Essentials,Shampoo,""24-Hour Check-in"",Hangers,""Hair Dryer"",Iron}","$110.00","$65.00",4,100,10,10,10,10,10,0.71,416
"893",2399736,"f","Minor",47.6105751054882,-122.304401301123,"Apartment","Entire home/apt",4,1,2,2,"Real Bed","{TV,Internet,""Wireless Internet"",Kitchen,""Free Parking on Premises"",Heating,Washer,Dryer,""Smoke Detector"",""Carbon Monoxide Detector"",Essentials}","$150.00","$40.00",81,93,9,10,10,9,9,3.61,399
"894",8674765,"f","Minor",47.6137239020819,-122.309164290387,"Apartment","Entire home/apt",2,1,0,1,"Real Bed","{TV,Kitchen,""Free Parking on Premises"",Heating,Washer,Dryer,""Smoke Detector"",""Carbon Monoxide Detector"",""First Aid Kit"",""Fire Extinguisher"",Essentials,Shampoo}","$75.00","",0,NA,NA,NA,NA,NA,NA,NA,415
"895",6004165,"f","Minor",47.6100663012212,-122.304881215636,"House","Entire home/apt",2,1,0,1,"Real Bed","{Internet,""Wireless Internet"",Kitchen,""Smoking Allowed"",""Pets live on this property"",Cat(s),Heating,Washer,Dryer,""Smoke Detector"",""First Aid Kit"",""Safety Card"",""Fire Extinguisher"",Essentials,Shampoo,Hangers,""Hair Dryer"",""Laptop Friendly Workspace""}","$75.00","$30.00",3,100,10,10,10,10,10,3,400
"896",1826155,"t","Minor",47.6064609030038,-122.307478387244,"House","Private room",2,3,1,1,"Real Bed","{TV,""Cable TV"",""Wireless Internet"",Kitchen,""Free Parking on Premises"",""Smoking Allowed"",Breakfast,""Pets live on this property"",Cat(s),Heating,""Suitable for Events"",Washer,Dryer,""Smoke Detector"",""First Aid Kit"",""Fire Extinguisher"",Shampoo}","$111.00","$30.00",75,100,10,10,10,10,10,3.11,408
"897",4857192,"t","Minor",47.6063218446013,-122.305577182983,"House","Private room",2,1,1,2,"Real Bed","{""Wireless Internet"",Heating,""Family/Kid Friendly"",Washer,Dryer,""Smoke Detector"",""Carbon Monoxide Detector"",""First Aid Kit"",Essentials,Shampoo}","$108.00","$25.00",8,100,10,10,10,10,10,1.54,398
"898",7748905,"t","Minor",47.6055017763766,-122.303836938887,"Apartment","Private room",2,1,1,1,"Real Bed","{TV,Internet,""Wireless Internet"",""Air Conditioning"",Kitchen,""Pets live on this property"",Dog(s),Heating,""Family/Kid Friendly"",Washer,Dryer,""Smoke Detector"",""Carbon Monoxide Detector"",""First Aid Kit"",""Fire Extinguisher"",Essentials,Shampoo}","$82.00","",24,98,10,10,10,9,10,4.83,389
"899",973859,"f","Minor",47.6076747830368,-122.305618488642,"House","Entire home/apt",6,1,2,3,"Real Bed","{TV,""Cable TV"",Internet,""Wireless Internet"",Kitchen,""Free Parking on Premises"",Heating,""Family/Kid Friendly"",Washer,Dryer,""Smoke Detector"",""Carbon Monoxide Detector"",""First Aid Kit"",""Safety Card"",""Fire Extinguisher"",Essentials,Shampoo}","$115.00","$100.00",81,96,10,10,10,9,9,2.62,399
"900",6716380,"f","Minor",47.6136941551238,-122.307325362558,"House","Entire home/apt",4,1,2,2,"Real Bed","{TV,""Cable TV"",Internet,""Wireless Internet"",Kitchen,""Free Parking on Premises"",Heating,""Family/Kid Friendly"",Washer,Dryer,""Smoke Detector"",""Carbon Monoxide Detector"",""First Aid Kit"",Essentials,Shampoo,""24-Hour Check-in"",Hangers,""Hair Dryer"",Iron,""Laptop Friendly Workspace""}","$220.00","$75.00",10,92,9,9,10,10,9,1.51,410
"901",7953211,"f","Minor",47.6075112222705,-122.307584692735,"House","Entire home/apt",6,1,3,4,"Real Bed","{TV,""Cable TV"",Internet,""Wireless Internet"",Kitchen,""Free Parking on Premises"",""Pets Allowed"",""Indoor Fireplace"",Heating,""Family/Kid Friendly"",Washer,Dryer,""Smoke Detector"",""Carbon Monoxide Detector"",""First Aid Kit"",""Fire Extinguisher"",Essentials,Shampoo}","$114.00","$50.00",4,100,10,10,10,10,9,0.9,407
"902",5241773,"t","Minor",47.6124307310274,-122.315897398661,"House","Private room",2,1,1,1,"Real Bed","{TV,""Wireless Internet"",""Pets live on this property"",Cat(s),Heating,""Smoke Detector"",""Carbon Monoxide Detector"",Essentials,Shampoo}","$59.00","$25.00",95,98,10,10,10,10,10,9.34,416
"903",3144597,"f","Minor",47.6172252396923,-122.302636186093,"House","Private room",1,1.5,1,1,"Real Bed","{""Wireless Internet"",Kitchen,Essentials}","$54.00","",45,95,9,10,10,10,10,2.3,392
"904",7698916,"f","Minor",47.6135030313821,-122.310802628533,"Apartment","Private room",2,1,1,1,"Real Bed","{TV,Internet,""Wireless Internet"",""Air Conditioning"",Kitchen,""Buzzer/Wireless Intercom"",Heating,Washer,Dryer,""Smoke Detector"",""Carbon Monoxide Detector"",""First Aid Kit"",""Safety Card"",""Fire Extinguisher"",Essentials}","$75.00","$10.00",14,99,10,10,10,10,10,2.78,415
"905",7305969,"t","Minor",47.6158783442314,-122.307739009751,"Townhouse","Private room",2,1,1,1,"Real Bed","{Internet,""Wireless Internet"",""Pets Allowed"",Heating,Washer,Dryer,""Smoke Detector"",""Carbon Monoxide Detector"",""First Aid Kit"",""Safety Card"",""Fire Extinguisher"",Essentials,Shampoo}","$90.00","$30.00",27,100,10,10,10,10,10,4.66,412
"906",5069495,"f","Minor",47.6025440714639,-122.309864420486,"Townhouse","Entire home/apt",4,0.5,1,1,"Real Bed","{Internet,""Wireless Internet"",""Free Parking on Premises"",""Pets live on this property"",Cat(s),Heating,""Family/Kid Friendly"",""Suitable for Events"",""Smoke Detector"",""Carbon Monoxide Detector"",""Fire Extinguisher"",Essentials,""Laptop Friendly Workspace""}","$95.00","$15.00",33,95,10,10,10,9,10,3.21,403
"907",1817878,"f","Minor",47.6026001340368,-122.309514685712,"House","Entire home/apt",6,2,2,2,"Real Bed","{TV,""Cable TV"",""Wireless Internet"",Kitchen,""Indoor Fireplace"",Heating,""Family/Kid Friendly"",Washer,Dryer,""Smoke Detector"",""Carbon Monoxide Detector"",""Fire Extinguisher"",Essentials,Shampoo}","$160.00","$100.00",4,95,10,10,10,9,10,0.16,401
"908",4430381,"f","Minor",47.6107524008053,-122.312152030235,"Apartment","Entire home/apt",4,1,2,2,"Real Bed","{TV,""Cable TV"",""Wireless Internet"",Kitchen,Heating,Washer,Dryer,""Smoke Detector"",""Carbon Monoxide Detector"",""Fire Extinguisher"",Essentials,Shampoo}","$175.00","$60.00",3,100,10,10,9,10,9,0.36,418
"909",6528192,"f","Minor",47.6139624759284,-122.304184874135,"Apartment","Private room",1,1,1,1,"Futon","{""Wireless Internet"",Kitchen,""Free Parking on Premises"",""Pets Allowed"",""Pets live on this property"",Cat(s),Washer,Dryer,""Smoke Detector"",""First Aid Kit"",Essentials,Shampoo}","$37.00","$20.00",18,89,8,10,10,9,9,2.86,395
"910",3177005,"f","Minor",47.6124558656576,-122.314889414384,"Apartment","Entire home/apt",3,2,2,2,"Real Bed","{""Wireless Internet"",Kitchen,""Pets Allowed"",""Elevator in Building"",""Family/Kid Friendly"",Washer,Dryer,""Smoke Detector"",""Carbon Monoxide Detector"",""Fire Extinguisher"",Essentials}","$199.00","$80.00",3,100,10,10,10,9,9,0.16,415
"911",4430233,"f","Minor",47.6109371628889,-122.310733138737,"Apartment","Entire home/apt",4,1,2,2,"Real Bed","{TV,""Cable TV"",Internet,""Wireless Internet"",Kitchen,Heating,Washer,Dryer,""Smoke Detector"",""Carbon Monoxide Detector"",""Fire Extinguisher"",Essentials,Shampoo}","$200.00","$60.00",4,90,10,10,10,10,10,0.41,417
"912",670009,"f","Minor",47.6124020072946,-122.311207150328,"House","Entire home/apt",8,1,3,3,"Real Bed","{TV,""Cable TV"",Internet,""Wireless Internet"",Kitchen,""Free Parking on Premises"",Heating,""Family/Kid Friendly"",Washer,Dryer}","$175.00","$80.00",13,72,7,8,8,9,8,1.36,415
"913",4577542,"t","Minor",47.6109204906873,-122.313489623219,"Apartment","Entire home/apt",4,1,1,1,"Real Bed","{TV,""Cable TV"",""Wireless Internet"",""Air Conditioning"",Kitchen,""Free Parking on Premises"",Heating,Washer,Dryer,""Smoke Detector"",""Carbon Monoxide Detector"",""First Aid Kit"",""Fire Extinguisher"",Essentials}","$120.00","$50.00",30,99,10,10,10,10,10,2.52,418
"914",6764646,"f","Minor",47.6082037692266,-122.309995004015,"House","Entire home/apt",4,1,2,2,"Real Bed","{Kitchen,""Pets live on this property"",Heating,""Family/Kid Friendly"",Washer,Dryer,""Smoke Detector"",Essentials}","$160.00","$25.00",4,95,10,10,10,10,10,0.69,415
"915",4256705,"f","Minor",47.6149779720095,-122.309236130057,"Apartment","Private room",4,2,1,1,"Real Bed","{TV,Internet,""Wireless Internet"",Kitchen,""Pets Allowed"",Gym,""Elevator in Building"",Heating,""Family/Kid Friendly"",Washer,Dryer,""Smoke Detector"",""Carbon Monoxide Detector"",Essentials,Shampoo}","$125.00","",11,96,10,10,10,10,10,0.78,413
"916",8812578,"f","Minor",47.6037301476521,-122.31314709188,"Apartment","Entire home/apt",4,1,2,2,"Real Bed","{TV,""Cable TV"",Internet,""Wireless Internet"",""Air Conditioning"",Kitchen,""Free Parking on Premises"",""Pets Allowed"",Heating,""Family/Kid Friendly"",""Smoke Detector"",""Carbon Monoxide Detector"",Essentials,Shampoo}","$150.00","$60.00",1,100,10,10,10,10,10,0.47,414
"917",341454,"f","Minor",47.6103771171662,-122.311565836516,"Apartment","Entire home/apt",4,1,2,2,"Real Bed","{TV,""Cable TV"",Internet,""Wireless Internet"",Kitchen,Heating,Washer,Dryer,""Smoke Detector"",""Fire Extinguisher"",Essentials}","$175.00","$60.00",0,NA,NA,NA,NA,NA,NA,NA,418
"918",8195629,"f","Minor",47.6128097128674,-122.309369845922,"Condominium","Entire home/apt",3,1,1,2,"Real Bed","{""Wireless Internet"",""Free Parking on Premises"",""Smoke Detector"",""Carbon Monoxide Detector"",""Fire Extinguisher"",Essentials}","$100.00","$10.00",9,96,10,10,10,10,10,2.7,415
"919",2577625,"f","Minor",47.6100694236032,-122.307729826774,"Apartment","Entire home/apt",2,1,1,1,"Real Bed","{TV,Internet,""Wireless Internet"",Kitchen,""Buzzer/Wireless Intercom"",Heating}","$90.00","",9,98,9,9,10,10,10,0.41,412
"920",555858,"f","Minor",47.6101485082988,-122.309255663874,"House","Private room",2,1,1,1,"Real Bed","{TV,""Cable TV"",Internet,""Wireless Internet"",Kitchen,""Free Parking on Premises"",""Hot Tub"",""Indoor Fireplace"",Heating,""Family/Kid Friendly"",Washer,Dryer}","$95.00","$50.00",13,90,9,9,9,9,9,0.3,414
"921",4814811,"t","Minor",47.6104672883972,-122.31109126428,"House","Private room",2,1,1,1,"Real Bed","{Internet,""Wireless Internet"",Kitchen,""Free Parking on Premises"",""Indoor Fireplace"",Heating,Washer,Dryer,""Smoke Detector"",""Carbon Monoxide Detector"",""First Aid Kit"",""Fire Extinguisher"",Essentials,Shampoo}","$92.00","$29.00",28,99,10,10,10,10,10,2.28,418
"922",9484823,"f","Minor",47.6116194816371,-122.314256654272,"House","Private room",3,1,1,2,"Real Bed","{}","$90.00","",0,NA,NA,NA,NA,NA,NA,NA,415
"923",660603,"t","Minor",47.614168002425,-122.307466857215,"House","Private room",1,1,1,1,"Real Bed","{Internet,""Wireless Internet"",Kitchen,""Free Parking on Premises"",""Pets live on this property"",Dog(s),""Indoor Fireplace"",Heating,Washer,Dryer}","$79.00","$80.00",10,96,10,9,9,10,9,0.26,410
"924",3940265,"t","Minor",47.6142285882508,-122.308381860657,"House","Private room",2,1.5,1,1,"Real Bed","{TV,Internet,""Wireless Internet"",Kitchen,""Free Parking on Premises"",""Pets live on this property"",Cat(s),Heating,Washer,Dryer,""Smoke Detector"",""Carbon Monoxide Detector"",""First Aid Kit"",""Safety Card"",""Fire Extinguisher"",Essentials,Shampoo}","$72.00","$30.00",39,95,10,9,9,9,9,2.39,413
"925",7500976,"f","Minor",47.6072505286015,-122.308194638969,"Apartment","Entire home/apt",6,1,2,2,"Real Bed","{Internet,""Wireless Internet"",Kitchen,Breakfast,""Pets live on this property"",Dog(s),Heating,""Family/Kid Friendly"",Washer,Dryer,""Smoke Detector"",""Carbon Monoxide Detector"",""First Aid Kit"",""Safety Card"",""Fire Extinguisher"",Essentials,Shampoo,""24-Hour Check-in"",Hangers,""Hair Dryer""}","$115.00","$80.00",1,100,10,10,10,10,10,0.58,409
"926",9516608,"f","Minor",47.6119787445596,-122.303621474497,"House","Entire home/apt",8,3.5,4,5,"Real Bed","{TV,Internet,""Wireless Internet"",Kitchen,""Free Parking on Premises"",""Indoor Fireplace"",Heating,""Family/Kid Friendly"",Washer,Dryer,""Smoke Detector"",""Carbon Monoxide Detector"",""First Aid Kit"",""Fire Extinguisher"",Essentials,Shampoo,""Hair Dryer"",Iron,""Laptop Friendly Workspace""}","$270.00","$100.00",1,100,10,10,10,10,10,0.73,398
"927",9712716,"f","Minor",47.6105639866163,-122.312911856981,"House","Private room",2,1,1,2,"Real Bed","{""Cable TV"",""Wireless Internet"",Kitchen,""Free Parking on Premises"",""Pets live on this property"",Cat(s),Heating,Washer,Dryer,""Smoke Detector"",""Carbon Monoxide Detector"",""First Aid Kit"",""Fire Extinguisher"",Hangers,Iron,""Laptop Friendly Workspace""}","$65.00","$55.00",3,100,10,10,10,10,10,3,418
"928",5813657,"f","Minor",47.6041937318484,-122.309920112886,"House","Entire home/apt",10,3.5,4,6,"Real Bed","{TV,Internet,""Wireless Internet"",Kitchen,""Pets Allowed"",""Indoor Fireplace"",Heating,""Family/Kid Friendly"",""Suitable for Events"",Washer,Dryer,""Smoke Detector"",""Carbon Monoxide Detector"",""First Aid Kit"",""Fire Extinguisher"",Essentials,Shampoo}","$300.00","$100.00",21,93,9,9,9,10,10,2.42,408
"929",8884826,"t","Minor",47.602621748932,-122.308516509941,"Townhouse","Entire home/apt",6,1.5,2,3,"Real Bed","{TV,""Cable TV"",Internet,""Wireless Internet"",Kitchen,""Free Parking on Premises"",""Indoor Fireplace"",Heating,""Family/Kid Friendly"",Washer,Dryer,""Smoke Detector"",""Carbon Monoxide Detector"",""Fire Extinguisher"",Essentials,Shampoo,""24-Hour Check-in"",Hangers,""Hair Dryer"",Iron,""Laptop Friendly Workspace""}","$122.00","$49.00",3,100,10,10,10,10,10,3,395
"930",1978743,"t","Minor",47.6076188376266,-122.308324560799,"House","Private room",2,3,1,1,"Real Bed","{TV,""Cable TV"",""Wireless Internet"",Kitchen,""Free Parking on Premises"",""Smoking Allowed"",Breakfast,""Pets live on this property"",Cat(s),Heating,""Suitable for Events"",Washer,Dryer,""Smoke Detector"",""First Aid Kit"",""Fire Extinguisher""}","$87.00","$30.00",49,99,10,10,10,10,10,2.15,409
"931",6091789,"f","Minor",47.6084806764926,-122.310691473386,"House","Entire home/apt",6,1.5,3,5,"Real Bed","{TV,""Wireless Internet"",""Air Conditioning"",Kitchen,""Free Parking on Premises"",""Pets live on this property"",""Other pet(s)"",Heating,""Family/Kid Friendly"",Washer,Dryer,""Smoke Detector"",""Carbon Monoxide Detector"",""Fire Extinguisher"",Shampoo}","$200.00","",1,100,10,10,10,10,10,0.19,416
"932",6165353,"f","Minor",47.6095188887871,-122.312703593571,"House","Entire home/apt",3,1,1,1,"Real Bed","{TV,Internet,""Wireless Internet"",""Air Conditioning"",Kitchen,""Free Parking on Premises"",""Pets live on this property"",Dog(s),Heating,Washer,Dryer,""Smoke Detector"",""Carbon Monoxide Detector"",""First Aid Kit"",Essentials,Shampoo}","$156.00","$25.00",4,95,10,10,10,10,10,0.61,418
"933",1244053,"t","Minor",47.6071210206527,-122.310462653726,"House","Private room",1,1,1,1,"Futon","{TV,""Wireless Internet"",Kitchen,Heating,Essentials}","$90.00","$35.00",32,95,9,9,10,10,9,1.05,417
"934",8508223,"t","Minor",47.6170403241095,-122.302806251103,"Townhouse","Entire home/apt",8,3.5,3,5,"Real Bed","{TV,""Cable TV"",Internet,""Wireless Internet"",Kitchen,""Free Parking on Premises"",""Indoor Fireplace"",Heating,""Family/Kid Friendly"",Washer,Dryer,""Smoke Detector"",""Carbon Monoxide Detector"",Essentials,Shampoo}","$325.00","$125.00",1,100,10,10,10,10,10,0.35,393
"935",6991188,"f","Minor",47.6108943276684,-122.304480091088,"House","Entire home/apt",3,1,1,1,"Real Bed","{Internet,""Wireless Internet"",Kitchen,Washer,Dryer,""Smoke Detector"",""Carbon Monoxide Detector"",""Fire Extinguisher"",Essentials,Shampoo,""24-Hour Check-in"",Hangers,""Hair Dryer"",Iron,""Laptop Friendly Workspace""}","$115.00","$10.00",3,100,10,10,9,10,9,3,400
"936",7344117,"t","Minor",47.6023014780467,-122.30717311847,"Loft","Entire home/apt",10,2.5,2,8,"Real Bed","{TV,""Cable TV"",Internet,""Wireless Internet"",Kitchen,""Free Parking on Premises"",Heating,""Family/Kid Friendly"",""Suitable for Events"",Washer,Dryer,""Smoke Detector"",""Carbon Monoxide Detector"",""First Aid Kit"",""Safety Card"",""Fire Extinguisher"",Essentials,Shampoo}","$425.00","$85.00",32,96,10,10,10,9,10,5.68,393
"937",9506766,"f","Minor",47.6061364549575,-122.30903284029,"House","Entire home/apt",2,1,1,1,"Real Bed","{""Cable TV"",""Wireless Internet"",""Air Conditioning"",""Wheelchair Accessible"",Kitchen,""Free Parking on Premises"",""Pets Allowed"",Heating,""Family/Kid Friendly"",Washer,Dryer,""Smoke Detector"",""Carbon Monoxide Detector"",""First Aid Kit"",""Fire Extinguisher"",Essentials,""24-Hour Check-in"",Hangers,Iron,""Laptop Friendly Workspace""}","$119.00","$25.00",2,100,10,10,10,10,10,1.4,411
"938",6451305,"t","Minor",47.6095962528124,-122.316437353592,"House","Entire home/apt",6,2.5,3,4,"Real Bed","{TV,""Cable TV"",Internet,""Wireless Internet"",Kitchen,""Free Parking on Premises"",""Indoor Fireplace"",Heating,""Family/Kid Friendly"",Washer,Dryer,""Smoke Detector"",""Carbon Monoxide Detector"",""First Aid Kit"",""Fire Extinguisher"",Essentials,Shampoo}","$220.00","$125.00",25,96,10,10,10,10,10,3.55,418
"939",7531405,"f","Minor",47.6029471819502,-122.313210721827,"Townhouse","Private room",4,1,1,1,"Real Bed","{TV,Internet,""Wireless Internet"",Kitchen,""Pets live on this property"",Dog(s),Heating,""Family/Kid Friendly"",Washer,Dryer,""Smoke Detector"",""Carbon Monoxide Detector"",""First Aid Kit"",Essentials,Shampoo,""24-Hour Check-in"",""Hair Dryer""}","$85.00","$40.00",8,98,10,10,10,9,10,2.45,411
"940",9612147,"f","Minor",47.6021645622371,-122.311882208989,"House","Entire home/apt",4,1,2,2,"Real Bed","{Internet,""Wireless Internet"",Kitchen,Heating,""Family/Kid Friendly"",Washer,Dryer,""Smoke Detector"",""Carbon Monoxide Detector"",""Fire Extinguisher"",Essentials}","$100.00","$100.00",2,90,10,9,10,10,9,2,409
"941",666897,"f","Minor",47.6113740376636,-122.307481213167,"House","Entire home/apt",4,1,1,1,"Real Bed","{TV,""Cable TV"",Internet,""Wireless Internet"",Kitchen,""Free Parking on Premises"",""Indoor Fireplace"",Heating,""Family/Kid Friendly"",Washer,Dryer}","$99.00","$60.00",18,75,6,8,9,8,8,2.16,412
"942",4061051,"f","Minor",47.6114829298139,-122.309765134676,"House","Private room",4,1.5,1,1,"Real Bed","{TV,""Wireless Internet"",Kitchen,""Pets live on this property"",""Indoor Fireplace"",Heating,""Family/Kid Friendly"",Washer,Dryer,""Smoke Detector"",""Carbon Monoxide Detector"",""First Aid Kit"",Essentials}","$120.00","$30.00",6,83,9,9,9,10,8,0.38,417
"943",3394338,"f","Minor",47.6162195910492,-122.307324045851,"Apartment","Entire home/apt",2,1,0,1,"Real Bed","{Internet,""Wireless Internet"",Kitchen,Heating,""Smoke Detector"",Essentials}","$150.00","",20,93,9,10,10,10,9,1.09,409
"944",4238106,"f","Minor",47.6092707593483,-122.311125607836,"Apartment","Private room",2,1,1,1,"Real Bed","{TV,Internet,""Wireless Internet"",Kitchen,""Free Parking on Premises"",Heating,Washer,Dryer,""Smoke Detector"",""First Aid Kit"",""Fire Extinguisher"",Essentials,Shampoo,""24-Hour Check-in"",Hangers,""Hair Dryer"",Iron,""Laptop Friendly Workspace""}","$75.00","$10.00",6,100,10,10,10,10,10,1.5,418
"945",7350059,"t","Minor",47.6115508205468,-122.306816395877,"House","Private room",2,1,1,1,"Real Bed","{}","$90.00","$35.00",18,100,10,10,10,10,10,3.16,410
"946",5262750,"t","Minor",47.6121062746734,-122.30412489625,"Apartment","Entire home/apt",3,1,1,2,"Real Bed","{TV,Internet,""Wireless Internet"",Kitchen,Breakfast,""Pets live on this property"",Dog(s),Heating,""Family/Kid Friendly"",""Smoke Detector"",""Carbon Monoxide Detector"",""First Aid Kit"",""Fire Extinguisher"",Essentials,Shampoo}","$125.00","$30.00",20,100,10,10,10,10,10,3.37,399
"947",2802844,"f","Minor",47.6018718825536,-122.307128996734,"House","Private room",2,1,1,1,"Real Bed","{TV,Internet,""Wireless Internet"",""Air Conditioning"",Kitchen,""Free Parking on Premises"",Heating,Washer,Dryer,""Smoke Detector"",""Carbon Monoxide Detector"",""First Aid Kit"",""Fire Extinguisher"",Essentials,Shampoo}","$90.00","$20.00",16,99,10,10,10,9,10,1.07,389
"948",3123632,"f","Minor",47.6136068902436,-122.312432482075,"Apartment","Entire home/apt",2,2,1,1,"Real Bed","{TV,""Cable TV"",Internet,""Wireless Internet"",Kitchen,Washer,Dryer,""Smoke Detector"",""Carbon Monoxide Detector"",Essentials}","$200.00","",8,100,10,10,10,10,10,0.45,415
"949",3024336,"t","Minor",47.6123795836555,-122.313742430891,"House","Entire home/apt",4,1.5,1,2,"Real Bed","{TV,Internet,""Wireless Internet"",Kitchen,""Free Parking on Premises"",Heating,""Family/Kid Friendly"",Washer,Dryer,Essentials,Shampoo}","$200.00","$75.00",40,98,10,10,10,10,9,2.11,415
"950",8652185,"f","Minor",47.6070296242528,-122.3069495771,"House","Entire home/apt",6,3.5,4,4,"Real Bed","{TV,""Cable TV"",Internet,""Wireless Internet"",Kitchen,""Free Parking on Premises"",""Indoor Fireplace"",Heating,""Family/Kid Friendly"",Washer,Dryer,""Smoke Detector"",""Carbon Monoxide Detector"",""First Aid Kit"",""Fire Extinguisher"",Essentials,Shampoo,Hangers,""Hair Dryer"",Iron,""Laptop Friendly Workspace""}","$287.00","$117.00",1,100,10,10,10,10,10,0.77,405
"951",10192213,"f","Minor",47.6066335929516,-122.316064725011,"Apartment","Entire home/apt",2,1,0,1,"Real Bed","{TV,""Cable TV"",Internet,""Wireless Internet"",""Air Conditioning"",Kitchen,Heating,""Smoke Detector"",""Safety Card"",""Fire Extinguisher"",Essentials,Shampoo,""24-Hour Check-in"",Hangers,""Hair Dryer"",Iron,""Laptop Friendly Workspace""}","$90.00","",0,NA,NA,NA,NA,NA,NA,NA,420
"952",3970736,"t","Minor",47.6144192325638,-122.306720667008,"Apartment","Entire home/apt",5,1,1,1,"Real Bed","{TV,""Cable TV"",Internet,""Wireless Internet"",Kitchen,Breakfast,Heating,""Family/Kid Friendly"",Washer,Dryer,""Smoke Detector"",""Carbon Monoxide Detector"",""First Aid Kit"",""Safety Card"",""Fire Extinguisher"",Essentials,Shampoo,""24-Hour Check-in"",Hangers,""Hair Dryer""}","$90.00","$45.00",51,97,10,10,10,9,9,3.11,410
"953",4546924,"t","Minor",47.6086392547304,-122.306533424111,"Apartment","Entire home/apt",4,1,1,3,"Real Bed","{TV,""Cable TV"",Internet,""Wireless Internet"",Kitchen,""Free Parking on Premises"",""Pets Allowed"",""Pets live on this property"",Dog(s),Heating,""Family/Kid Friendly"",Washer,Dryer,""Smoke Detector"",""Carbon Monoxide Detector"",""First Aid Kit"",""Safety Card"",""Fire Extinguisher"",Essentials,Shampoo}","$150.00","$125.00",36,99,10,10,10,10,10,3.2,407
"954",2760901,"f","Minor",47.6134013784559,-122.303455298659,"House","Entire home/apt",2,1,1,1,"Real Bed","{TV,""Cable TV"",Internet,""Wireless Internet"",Kitchen,Heating,""Smoke Detector"",Essentials}","$119.00","",16,98,10,10,10,9,10,0.79,395
"955",3490239,"f","Minor",47.6041843999341,-122.312639005622,"House","Entire home/apt",5,2.5,2,3,"Real Bed","{TV,Internet,""Wireless Internet"",Kitchen,""Free Parking on Premises"",""Pets live on this property"",Cat(s),""Indoor Fireplace"",Heating,""Family/Kid Friendly"",Washer,Dryer,""Smoke Detector"",""Carbon Monoxide Detector"",""First Aid Kit"",""Fire Extinguisher"",Essentials}","$150.00","$100.00",7,97,9,10,10,9,9,0.42,414
"956",3416217,"t","Minor",47.6125012310597,-122.309655436662,"Apartment","Entire home/apt",2,1,1,1,"Real Bed","{TV,Internet,""Wireless Internet"",Kitchen,""Free Parking on Premises"",Heating,""Family/Kid Friendly"",""Smoke Detector"",""Carbon Monoxide Detector"",Essentials,Shampoo}","$170.00","",31,96,9,10,10,10,9,1.68,415
"957",5537833,"f","Minor",47.6027551533338,-122.311968852784,"House","Entire home/apt",4,1,2,3,"Real Bed","{TV,Internet,""Wireless Internet"",Kitchen,""Free Parking on Premises"",Heating,""Family/Kid Friendly"",Washer,Dryer,""Smoke Detector"",""Carbon Monoxide Detector"",""Safety Card"",""Fire Extinguisher"",Essentials,Shampoo}","$150.00","$60.00",6,100,10,10,10,9,10,0.71,410
"958",8372562,"f","Leschi",47.5968010529175,-122.288461413505,"House","Entire home/apt",5,3,3,5,"Real Bed","{TV,""Cable TV"",Internet,""Wireless Internet"",""Air Conditioning"",Kitchen,""Free Parking on Premises"",""Pets live on this property"",Dog(s),""Hot Tub"",Heating,""Family/Kid Friendly"",Washer,Dryer,""Smoke Detector"",""Carbon Monoxide Detector"",""First Aid Kit"",""Safety Card"",""Fire Extinguisher"",Essentials}","$279.00","$200.00",1,100,10,10,10,10,10,1,295
"959",8866960,"f","Leschi",47.5963179984322,-122.296646829064,"Townhouse","Private room",2,1,1,1,"Real Bed","{Internet,""Wireless Internet"",Kitchen,""Free Parking on Premises"",""Indoor Fireplace"",Heating,Washer,Dryer,""Smoke Detector"",""Carbon Monoxide Detector"",Essentials,Shampoo}","$55.00","",3,90,10,10,10,10,10,1.27,342
"960",3354614,"f","Leschi",47.6072493197094,-122.294153190143,"Apartment","Entire home/apt",4,1,1,2,"Real Bed","{TV,""Cable TV"",Internet,""Wireless Internet"",""Free Parking on Premises"",""Pets live on this property"",Dog(s),Heating,""Family/Kid Friendly"",Washer,Dryer,Shampoo}","$125.00","$35.00",29,90,10,9,9,9,10,1.56,358
"961",8953857,"f","Leschi",47.5962007816141,-122.290804226528,"House","Entire home/apt",4,1,1,3,"Real Bed","{""Wireless Internet"",Kitchen,""Free Parking on Premises"",""Smoking Allowed"",""Pets Allowed"",""Hot Tub"",Heating,""Family/Kid Friendly"",""Suitable for Events"",Washer,Dryer,""Smoke Detector"",""Carbon Monoxide Detector"",""First Aid Kit"",""Safety Card"",""Fire Extinguisher"",Essentials,Shampoo}","$129.00","",0,NA,NA,NA,NA,NA,NA,NA,305
"962",7093738,"t","Leschi",47.595154323573,-122.29666616634,"House","Private room",2,1,1,1,"Real Bed","{TV,Internet,""Wireless Internet"",""Air Conditioning"",Kitchen,""Free Parking on Premises"",Heating,Washer,Dryer,""Smoke Detector"",""Carbon Monoxide Detector"",""First Aid Kit"",""Fire Extinguisher"",Essentials,Shampoo}","$90.00","$30.00",1,100,10,10,10,10,10,0.23,342
"963",5277900,"f","Leschi",47.6039313379626,-122.294516876566,"House","Entire home/apt",6,2,3,5,"Real Bed","{TV,""Cable TV"",Internet,""Wireless Internet"",Kitchen,""Free Parking on Premises"",Heating,""Family/Kid Friendly"",Washer,Dryer,""Smoke Detector"",""Fire Extinguisher"",Essentials,Shampoo}","$199.00","$90.00",9,96,10,10,10,9,10,1.04,357
"964",1171574,"t","Leschi",47.6078110309495,-122.295767443045,"House","Private room",2,1,1,1,"Real Bed","{Internet,""Wireless Internet"",""Free Parking on Premises"",Heating}","$65.00","",158,98,10,10,10,9,10,5.04,363
"965",1818754,"f","Leschi",47.5926659616683,-122.297561774292,"House","Entire home/apt",6,2,2,2,"Real Bed","{TV,Internet,""Wireless Internet"",Kitchen,""Free Parking on Premises"",Heating,""Family/Kid Friendly"",Washer,Dryer,""Smoke Detector"",""Carbon Monoxide Detector"",""First Aid Kit"",""Fire Extinguisher"",Essentials}","$200.00","$112.00",0,NA,NA,NA,NA,NA,NA,NA,336
"966",74328,"f","Leschi",47.6023865562335,-122.295346970742,"Apartment","Entire home/apt",3,1,1,1,"Real Bed","{TV,""Wheelchair Accessible"",Kitchen,""Free Parking on Premises"",""Elevator in Building"",Heating,""Family/Kid Friendly"",Washer,Dryer,Essentials}","$92.00","$75.00",53,93,10,9,10,9,9,0.95,356
"967",6728017,"f","Leschi",47.5952616275733,-122.297212903858,"House","Entire home/apt",7,2.5,3,3,"Real Bed","{TV,""Cable TV"",Internet,""Wireless Internet"",Kitchen,""Free Parking on Premises"",""Indoor Fireplace"",Heating,""Family/Kid Friendly"",Washer,Dryer,""Smoke Detector"",""Carbon Monoxide Detector"",Essentials,Shampoo}","$257.00","$100.00",1,100,10,10,10,6,10,0.2,342
"968",2612399,"t","Leschi",47.6074483094173,-122.293815532424,"Loft","Entire home/apt",2,1,0,1,"Real Bed","{TV,""Cable TV"",""Wireless Internet"",Kitchen,""Free Parking on Premises"",Heating,Washer,Dryer,""Smoke Detector"",""Carbon Monoxide Detector"",""Fire Extinguisher""}","$79.00","",62,99,10,10,10,9,10,3.12,357
"969",2515795,"f","Leschi",47.5943110738553,-122.294408449426,"House","Entire home/apt",6,1.5,3,3,"Real Bed","{TV,""Cable TV"",Internet,""Wireless Internet"",Kitchen,""Free Parking on Premises"",Heating,""Family/Kid Friendly"",Washer,Dryer,Essentials,Shampoo}","$200.00","$200.00",22,94,10,10,9,9,10,1.3,328
"970",7093910,"t","Leschi",47.5953712323749,-122.296729453917,"House","Private room",2,1,1,1,"Real Bed","{TV,Internet,""Wireless Internet"",""Air Conditioning"",Kitchen,""Free Parking on Premises"",Heating,Washer,Dryer,""Smoke Detector"",""Carbon Monoxide Detector"",""First Aid Kit"",""Fire Extinguisher"",Essentials,Shampoo}","$80.00","$30.00",2,60,6,9,9,9,6,0.46,341
"971",4170863,"f","Leschi",47.6045974947202,-122.296724950715,"Apartment","Entire home/apt",2,1,1,1,"Real Bed","{TV,""Cable TV"",""Wireless Internet"",Kitchen,""Free Parking on Premises"",Heating,Washer,Dryer,""Smoke Detector"",Essentials,Shampoo}","$85.00","$20.00",5,96,10,10,10,9,10,0.32,363
"972",7941079,"t","Leschi",47.5925985167331,-122.295547060258,"House","Private room",3,1.5,1,1,"Real Bed","{TV,Internet,""Wireless Internet"",Kitchen,""Free Parking on Premises"",Heating,""Family/Kid Friendly"",Washer,Dryer,""Smoke Detector"",""Carbon Monoxide Detector"",""Fire Extinguisher"",Essentials,Shampoo}","$65.00","$15.00",7,100,10,10,10,10,9,1.54,328
"973",1442973,"f","Leschi",47.5920664320568,-122.293565489234,"House","Entire home/apt",4,1,2,2,"Real Bed","{Internet,""Wireless Internet"",Kitchen,""Free Parking on Premises"",""Hot Tub"",Heating,Washer,Dryer,""Smoke Detector"",""Carbon Monoxide Detector"",""First Aid Kit"",""Fire Extinguisher"",Essentials,Shampoo}","$105.00","$58.00",14,97,10,10,9,9,10,0.5,318
"974",4396961,"t","Leschi",47.603824485215,-122.293251091266,"House","Private room",2,2,1,1,"Real Bed","{TV,""Wireless Internet"",Heating,""Smoke Detector"",""Carbon Monoxide Detector"",""Fire Extinguisher"",Essentials}","$59.00","",34,96,10,10,10,10,10,3.6,351
"975",5859152,"t","Leschi",47.5917264206199,-122.295985136226,"House","Private room",3,1.5,1,1,"Real Bed","{TV,Internet,""Wireless Internet"",""Air Conditioning"",Kitchen,""Free Parking on Premises"",Heating,""Family/Kid Friendly"",Washer,Dryer,""Smoke Detector"",""Carbon Monoxide Detector"",""First Aid Kit"",""Safety Card"",""Fire Extinguisher"",Essentials,Shampoo}","$59.00","$16.00",15,95,9,10,10,9,9,3.31,330
"976",8555794,"f","Leschi",47.5948290429022,-122.295631983392,"Townhouse","Private room",2,1.5,1,1,"Real Bed","{TV,Internet,""Wireless Internet"",Kitchen,""Indoor Fireplace"",Heating,Washer,Dryer,Essentials,Shampoo}","$75.00","",0,NA,NA,NA,NA,NA,NA,NA,337
"977",2112625,"f","Leschi",47.593941520599,-122.291087975093,"House","Private room",2,1.5,1,1,"Pull-out Sofa","{TV,Internet,""Wireless Internet"",Kitchen,""Free Parking on Premises"",""Indoor Fireplace"",Heating,""Family/Kid Friendly"",Washer,Dryer,""Smoke Detector"",""First Aid Kit"",Essentials,Shampoo}","$56.00","$30.00",18,98,10,10,10,9,10,0.75,308
"978",8814802,"f","Leschi",47.6007074463954,-122.293273168552,"House","Private room",3,1,1,1,"Real Bed","{TV,Internet,""Wireless Internet"",Kitchen,""Free Parking on Premises"",""Pets live on this property"",Heating,""Family/Kid Friendly"",Washer,Dryer,""Smoke Detector"",""Carbon Monoxide Detector"",""First Aid Kit"",Essentials,Shampoo}","$100.00","",0,NA,NA,NA,NA,NA,NA,NA,338
"979",8273948,"f","Leschi",47.605829034449,-122.285210215655,"Apartment","Entire home/apt",2,1,1,1,"Real Bed","{TV,""Cable TV"",Internet,""Wireless Internet"",""Air Conditioning"",Kitchen,Heating,""Family/Kid Friendly"",Washer,Dryer,""Smoke Detector"",""Carbon Monoxide Detector"",Essentials,Shampoo}","$85.00","",13,92,10,9,9,10,9,3.55,291
"980",319768,"f","Leschi",47.595708503221,-122.297568559871,"House","Entire home/apt",8,2.5,3,4,"Real Bed","{TV,""Cable TV"",Internet,""Wireless Internet"",Kitchen,""Free Parking on Premises"",""Pets live on this property"",Dog(s),Heating,""Family/Kid Friendly"",Washer,Dryer}","$135.00","$100.00",5,100,8,10,10,9,10,0.11,344
"981",1961671,"t","Leschi",47.6063920316742,-122.290612384969,"House","Entire home/apt",6,2,3,3,"Real Bed","{TV,""Cable TV"",Internet,""Wireless Internet"",Kitchen,""Free Parking on Premises"",""Pets live on this property"",Cat(s),Heating,""Family/Kid Friendly"",Washer,Dryer,""Smoke Detector"",""Carbon Monoxide Detector"",""Fire Extinguisher"",Essentials,Shampoo}","$200.00","$75.00",20,100,10,10,10,10,10,0.9,333
"982",3691288,"f","Leschi",47.5970880741458,-122.297394778925,"House","Entire home/apt",8,2.5,3,3,"Real Bed","{TV,Internet,""Wireless Internet"",Kitchen,""Free Parking on Premises"",""Indoor Fireplace"",Heating,""Family/Kid Friendly"",Washer,Dryer,""Smoke Detector"",""Carbon Monoxide Detector"",""First Aid Kit"",""Safety Card"",""Fire Extinguisher"",Essentials,Shampoo,""24-Hour Check-in"",Hangers,""Hair Dryer"",Iron,""Laptop Friendly Workspace""}","$163.00","$85.00",5,100,10,10,10,10,10,2.83,349
"983",8703557,"f","Leschi",47.5988016251208,-122.292476101111,"House","Private room",2,1,1,1,"Real Bed","{TV,""Air Conditioning"",""Free Parking on Premises"",Breakfast,Heating,Washer,Dryer,""Smoke Detector"",""Carbon Monoxide Detector"",""First Aid Kit"",""Fire Extinguisher"",Essentials,Shampoo}","$83.00","$25.00",0,NA,NA,NA,NA,NA,NA,NA,332
"984",8525338,"f","Leschi",47.5944386030355,-122.293870278088,"Townhouse","Entire home/apt",5,3.5,3,3,"Real Bed","{TV,Internet,""Wireless Internet"",Kitchen,""Indoor Fireplace"",Heating,""Family/Kid Friendly"",Washer,Dryer,""Smoke Detector"",""Carbon Monoxide Detector"",Essentials,Shampoo}","$210.00","",0,NA,NA,NA,NA,NA,NA,NA,325
"985",8049470,"f","Leschi",47.602974191244,-122.293419546716,"Apartment","Private room",2,1,1,1,"Real Bed","{TV,Internet,""Wireless Internet"",Kitchen,""Pets Allowed"",""Pets live on this property"",Dog(s),Cat(s),Heating,Washer,Dryer,""Smoke Detector"",""Carbon Monoxide Detector"",""First Aid Kit"",""Fire Extinguisher"",Essentials,Shampoo}","$59.00","",14,100,10,10,10,10,10,3.41,350
"986",1455908,"f","Leschi",47.6056844154396,-122.295359817285,"House","Entire home/apt",6,1.5,2,3,"Real Bed","{TV,Internet,""Wireless Internet"",Kitchen,""Free Parking on Premises"",""Indoor Fireplace"",Heating,""Family/Kid Friendly"",Washer,Dryer,Essentials,Shampoo}","$135.00","$50.00",32,97,10,10,10,9,9,1.13,361
"987",8525825,"f","Leschi",47.5946584721622,-122.295410712119,"Townhouse","Private room",2,1.5,1,1,"Real Bed","{TV,Internet,""Wireless Internet"",Kitchen,""Indoor Fireplace"",Heating,""Family/Kid Friendly"",Washer,Dryer,""Smoke Detector"",""Carbon Monoxide Detector"",Essentials,Shampoo}","$75.00","",1,100,8,10,10,8,10,0.31,334
"988",3463245,"t","Leschi",47.6077821771476,-122.289284284846,"Apartment","Private room",2,1,1,1,"Real Bed","{""Wireless Internet"",Kitchen}","$109.00","",20,98,10,9,10,10,9,1.14,325
"989",4172364,"t","Leschi",47.6047536682695,-122.294382628413,"House","Private room",2,2,1,1,"Real Bed","{TV,""Wireless Internet"",Heating,""Smoke Detector"",""Carbon Monoxide Detector"",""Fire Extinguisher"",Essentials}","$55.00","",33,97,10,10,10,10,10,3.46,356
"990",3728802,"f","Leschi",47.6068843297341,-122.287241885099,"House","Entire home/apt",8,3.5,5,5,"Real Bed","{TV,""Cable TV"",Internet,""Wireless Internet"",""Air Conditioning"",Kitchen,""Free Parking on Premises"",""Pets live on this property"",""Other pet(s)"",""Indoor Fireplace"",Heating,""Family/Kid Friendly"",Washer,Dryer,""Smoke Detector"",""Carbon Monoxide Detector"",""First Aid Kit"",""Safety Card"",""Fire Extinguisher"",Essentials,Shampoo}","$500.00","$250.00",3,93,9,10,10,9,8,0.18,312
"991",6512378,"f","Leschi",47.5925436766502,-122.293938243583,"Townhouse","Private room",1,1,1,1,"Real Bed","{TV,""Cable TV"",Internet,""Wireless Internet"",""Air Conditioning"",Kitchen,""Free Parking on Premises"",Heating,Washer,Dryer,""Smoke Detector"",""Fire Extinguisher"",Essentials}","$55.00","",12,97,10,10,10,9,10,1.63,324
"992",785830,"f","Leschi",47.6067368958072,-122.290087736017,"House","Entire home/apt",8,3.5,5,5,"Real Bed","{TV,""Cable TV"",Internet,""Wireless Internet"",Kitchen,""Free Parking on Premises"",""Family/Kid Friendly"",Washer,Dryer}","$400.00","$120.00",2,100,10,9,10,9,10,0.12,331
"993",8616606,"f","Leschi",47.5922079479672,-122.295003170246,"House","Entire home/apt",4,2.5,2,2,"Real Bed","{TV,Internet,""Wireless Internet"",""Air Conditioning"",Kitchen,""Indoor Fireplace"",Heating,""Family/Kid Friendly"",Washer,Dryer,""Smoke Detector"",Essentials,Shampoo}","$105.00","$85.00",14,97,9,10,10,10,10,5,325
"994",5078244,"f","Leschi",47.6016160679194,-122.294379833361,"Apartment","Private room",2,1,1,1,"Pull-out Sofa","{""Wireless Internet"",Kitchen,""Family/Kid Friendly"",Washer,Dryer,""Smoke Detector"",""Carbon Monoxide Detector"",Essentials}","$39.00","",54,82,7,9,9,9,9,5.98,350
"995",7921278,"f","Leschi",47.5978877383703,-122.296962755095,"Apartment","Private room",2,1,1,2,"Real Bed","{TV,Internet,""Wireless Internet"",""Free Parking on Premises"",""Pets live on this property"",""Other pet(s)"",Heating,""Family/Kid Friendly"",Washer,Dryer,""Smoke Detector"",""Carbon Monoxide Detector"",""First Aid Kit"",""Fire Extinguisher"",Essentials,Shampoo}","$50.00","$50.00",10,100,10,10,10,9,10,2.36,349
"996",8016610,"f","Leschi",47.5948101339734,-122.296164492615,"House","Entire home/apt",4,1,2,2,"Real Bed","{TV,Internet,""Wireless Internet"",Kitchen,Heating,Washer,Dryer,""Smoke Detector"",""Carbon Monoxide Detector"",Essentials,Shampoo}","$129.00","$78.00",7,100,10,10,10,9,10,1.75,340
"997",4468524,"t","Leschi",47.6042964745214,-122.294358597964,"House","Private room",1,2,1,1,"Real Bed","{""Wireless Internet"",Heating,""Smoke Detector"",""Carbon Monoxide Detector"",""Fire Extinguisher"",Essentials}","$44.00","",41,99,10,10,10,10,10,3.09,356
"998",8424532,"t","Leschi",47.6043792179209,-122.291115335635,"House","Entire home/apt",12,3.5,5,8,"Real Bed","{TV,""Cable TV"",Internet,""Wireless Internet"",""Air Conditioning"",Kitchen,""Indoor Fireplace"",Heating,""Family/Kid Friendly"",Washer,Dryer,""Smoke Detector"",Essentials,Shampoo}","$350.00","$250.00",2,100,10,10,10,10,10,0.67,334
"999",6990882,"t","Leschi",47.5969705889193,-122.296481749699,"House","Entire home/apt",10,3.5,3,3,"Real Bed","{TV,Internet,""Wireless Internet"",""Air Conditioning"",Kitchen,""Free Parking on Premises"",Heating,""Family/Kid Friendly"",""Suitable for Events"",Washer,Dryer,""Smoke Detector"",""Carbon Monoxide Detector"",""First Aid Kit"",""Fire Extinguisher"",Essentials,Shampoo,""24-Hour Check-in"",Hangers,""Hair Dryer"",""Laptop Friendly Workspace""}","$300.00","$110.00",31,97,10,10,10,9,10,5.41,342
"1000",4017140,"f","Leschi",47.5917683175793,-122.29432166288,"House","Private room",2,1,1,1,"Real Bed","{TV,Internet,""Wireless Internet"",Kitchen,""Free Parking on Premises"",""Pets live on this property"",""Indoor Fireplace"",Heating,Washer,Dryer,""Smoke Detector"",""Fire Extinguisher"",Essentials,Shampoo}","$53.00","",37,95,9,10,10,9,10,2.33,322
"1001",9489310,"f","Leschi",47.5939012305316,-122.296053534585,"Townhouse","Private room",2,1,1,1,"Real Bed","{TV,Internet,""Wireless Internet"",Kitchen,""Free Parking on Premises"",""Smoking Allowed"",""Indoor Fireplace"",Heating,Washer,Dryer,""Fire Extinguisher"",Essentials,Shampoo,""24-Hour Check-in"",Hangers,""Laptop Friendly Workspace""}","$60.00","",1,100,10,10,10,10,10,1,332
"1002",8104742,"t","Leschi",47.5952233941894,-122.296636669584,"House","Entire home/apt",10,3.5,3,3,"Real Bed","{TV,Internet,""Wireless Internet"",Kitchen,""Free Parking on Premises"",Heating,""Family/Kid Friendly"",""Suitable for Events"",Washer,Dryer,""Smoke Detector"",""Carbon Monoxide Detector"",""First Aid Kit"",""Fire Extinguisher"",Essentials,Shampoo}","$285.00","$110.00",2,100,10,10,10,9,10,2,342
"1003",9407255,"f","Leschi",47.602561279286,-122.293655333786,"House","Entire home/apt",4,1,2,3,"Real Bed","{TV,""Cable TV"",Internet,Kitchen,""Free Parking on Premises"",""Indoor Fireplace"",Heating,Washer,Dryer,""Smoke Detector"",""Carbon Monoxide Detector"",""First Aid Kit"",""Fire Extinguisher"",Essentials,Hangers,""Hair Dryer"",Iron,""Laptop Friendly Workspace""}","$210.00","$125.00",0,NA,NA,NA,NA,NA,NA,NA,350
"1004",6475289,"t","Leschi",47.5977009355214,-122.291999550566,"Apartment","Entire home/apt",5,1,1,3,"Real Bed","{TV,""Cable TV"",Internet,""Wireless Internet"",Kitchen,""Indoor Fireplace"",Heating,""Family/Kid Friendly"",Washer,Dryer,""Smoke Detector"",""Carbon Monoxide Detector"",""First Aid Kit"",Essentials,Shampoo}","$159.00","$60.00",34,100,10,10,10,10,10,5.34,324
"1005",1377812,"t","Leschi",47.6046967956224,-122.285489176066,"House","Entire home/apt",5,1,3,3,"Real Bed","{TV,""Cable TV"",Internet,""Wireless Internet"",Kitchen,Heating,""Family/Kid Friendly"",Washer,Dryer,""Smoke Detector"",Essentials,Shampoo}","$225.00","$150.00",55,98,10,10,10,10,10,1.84,289
"1006",9512909,"f","Leschi",47.6021207160881,-122.290129570777,"House","Entire home/apt",3,1,1,1,"Real Bed","{TV,""Cable TV"",Internet,""Wireless Internet"",Kitchen,""Free Parking on Premises"",""Pets live on this property"",Cat(s),Heating,""Family/Kid Friendly"",Washer,Dryer,""Smoke Detector"",""Carbon Monoxide Detector"",""First Aid Kit"",""Safety Card"",""Fire Extinguisher"",Essentials,Shampoo,Hangers,""Hair Dryer"",Iron,""Laptop Friendly Workspace""}","$66.00","$25.00",2,100,10,10,10,10,10,2,330
"1007",4432489,"f","Leschi",47.5949576810631,-122.295165478533,"House","Entire home/apt",4,1,1,1,"Real Bed","{TV,""Cable TV"",""Wireless Internet"",Kitchen,""Free Parking on Premises"",""Pets live on this property"",Dog(s),Cat(s),Heating,""Family/Kid Friendly"",""Smoke Detector"",""Carbon Monoxide Detector"",""First Aid Kit"",Essentials,Shampoo}","$80.00","$45.00",40,94,10,9,9,10,10,3.22,335
"1008",7471629,"t","Leschi",47.5917697699895,-122.292287808513,"Apartment","Entire home/apt",3,1,1,1,"Real Bed","{Kitchen,Heating,Washer,Dryer,""Smoke Detector"",""Carbon Monoxide Detector"",""Fire Extinguisher"",Essentials,Shampoo}","$79.00","$35.00",27,96,10,9,10,9,9,5.19,307
"1009",8067827,"f","Leschi",47.593196433911,-122.292492130708,"House","Private room",2,2,1,1,"Real Bed","{TV,Internet,""Wireless Internet"",Kitchen,""Free Parking on Premises"",""Pets Allowed"",""Pets live on this property"",Dog(s),Heating,Washer,Dryer,""Smoke Detector"",""First Aid Kit"",""Safety Card"",""Fire Extinguisher"",Essentials,Shampoo}","$120.00","$50.00",1,100,10,10,10,10,10,0.38,317
"1010",4384095,"t","Leschi",47.6057457273622,-122.292829850558,"House","Private room",2,2,1,1,"Real Bed","{""Wireless Internet"",Heating,""Smoke Detector"",""Carbon Monoxide Detector"",""Fire Extinguisher"",Essentials}","$49.00","",42,97,10,10,10,9,10,3.03,351
"1011",1351716,"f","Atlantic",47.595235633498,-122.309724648524,"House","Entire home/apt",4,1,1,2,"Real Bed","{TV,""Cable TV"",Internet,""Wireless Internet"",Kitchen,""Free Parking on Premises"",Heating,""Family/Kid Friendly"",""Smoke Detector"",""Carbon Monoxide Detector"",""First Aid Kit"",""Fire Extinguisher"",Essentials,Shampoo}","$122.00","",113,95,10,10,10,9,9,3.74,371
"1012",8392661,"f","Atlantic",47.5936226659588,-122.307461796173,"Apartment","Entire home/apt",2,1,0,1,"Real Bed","{Internet,""Wireless Internet"",Kitchen,""Free Parking on Premises"",""Elevator in Building"",""Buzzer/Wireless Intercom"",Heating,Washer,Dryer,""Smoke Detector"",Essentials,Shampoo}","$90.00","$15.00",15,83,10,10,9,9,9,4.21,367
"1013",281208,"t","Atlantic",47.593797320489,-122.305148836186,"House","Entire home/apt",6,2.5,2,4,"Real Bed","{TV,""Cable TV"",""Wireless Internet"",Kitchen,""Free Parking on Premises"",""Pets Allowed"",Heating,""Family/Kid Friendly"",Washer,Dryer,""Smoke Detector"",Shampoo}","$196.00","$110.00",27,98,10,10,10,9,10,0.57,362
"1014",7859909,"f","Atlantic",47.5994391079755,-122.306346266464,"Townhouse","Entire home/apt",2,1,1,1,"Real Bed","{Internet,""Wireless Internet"",""Free Parking on Premises"",Heating,""Smoke Detector"",""Carbon Monoxide Detector"",""First Aid Kit"",Essentials,Shampoo}","$115.00","$30.00",14,89,9,10,10,9,9,3.02,376
"1015",9416373,"f","Atlantic",47.6000491107169,-122.309867965066,"Apartment","Entire home/apt",4,1,1,3,"Real Bed","{}","$150.00","",0,NA,NA,NA,NA,NA,NA,NA,393
"1016",1404307,"t","Atlantic",47.5914284600237,-122.301738721202,"House","Entire home/apt",4,1.5,2,2,"Real Bed","{TV,Internet,""Wireless Internet"",""Air Conditioning"",Kitchen,""Free Parking on Premises"",""Indoor Fireplace"",Heating,""Family/Kid Friendly"",Washer,Dryer,Essentials,Shampoo}","$125.00","$80.00",15,99,10,10,10,10,10,1.05,350
"1017",7480843,"f","Atlantic",47.5944964028512,-122.298789433424,"Townhouse","Entire home/apt",6,2,3,3,"Real Bed","{TV,""Cable TV"",Internet,""Wireless Internet"",Kitchen,""Free Parking on Premises"",Heating,""Family/Kid Friendly"",Washer,Dryer,""Smoke Detector"",""Carbon Monoxide Detector"",Essentials,Shampoo}","$175.00","$120.00",0,NA,NA,NA,NA,NA,NA,NA,348
"1018",877203,"f","Atlantic",47.6002660128911,-122.299867416113,"House","Private room",2,1.5,1,2,"Real Bed","{Internet,""Wireless Internet"",Kitchen,Heating,Washer,Dryer,""Smoke Detector"",""Carbon Monoxide Detector"",""First Aid Kit"",""Fire Extinguisher"",Essentials}","$60.00","$30.00",27,93,9,9,9,8,9,0.8,366
"1019",7037291,"f","Atlantic",47.5992175865566,-122.312099726421,"Bungalow","Private room",2,1.5,1,1,"Real Bed","{""Cable TV"",""Wireless Internet"",Heating,""Smoke Detector"",""Carbon Monoxide Detector"",""Fire Extinguisher"",Essentials,Shampoo}","$70.00","$12.00",22,94,10,10,9,9,9,4.46,394
"1020",7931386,"f","Atlantic",47.5956176426782,-122.31082084464,"Condominium","Entire home/apt",4,2,3,2,"Real Bed","{TV,""Cable TV"",Internet,""Wireless Internet"",""Air Conditioning"",Kitchen,""Free Parking on Premises"",""Pets Allowed"",""Elevator in Building"",""Buzzer/Wireless Intercom"",Heating,""Family/Kid Friendly"",Washer,Dryer,""Smoke Detector"",Essentials,Shampoo}","$175.00","$20.00",4,100,10,10,10,10,10,1.02,375
"1021",8173825,"f","Atlantic",47.57669611936,-122.29688054092,"Loft","Entire home/apt",2,1,1,2,"Real Bed","{TV,Internet,""Wireless Internet"",Kitchen,Gym,""Elevator in Building"",""Buzzer/Wireless Intercom"",Heating,Washer,Dryer,""Smoke Detector"",""Carbon Monoxide Detector"",""Fire Extinguisher"",Essentials,Shampoo}","$100.00","$25.00",0,NA,NA,NA,NA,NA,NA,NA,207
"1022",6759104,"f","Atlantic",47.5969516930651,-122.301987142006,"House","Private room",2,2,1,1,"Real Bed","{TV,Internet,""Wireless Internet"",Kitchen,""Free Parking on Premises"",""Pets live on this property"",Dog(s),Heating,Washer,Dryer,""Smoke Detector"",Essentials,Shampoo,""24-Hour Check-in"",Hangers,""Hair Dryer""}","$69.00","",12,93,10,10,10,9,10,2.95,362
"1023",7619060,"t","Atlantic",47.5951592186221,-122.309061256777,"House","Private room",2,1,1,1,"Real Bed","{TV,Internet,""Wireless Internet"",Kitchen,""Hot Tub"",""Buzzer/Wireless Intercom"",Heating,""Family/Kid Friendly"",Washer,Dryer,""Smoke Detector"",""First Aid Kit"",""Fire Extinguisher"",Essentials,Shampoo}","$69.00","$20.00",19,98,10,10,10,10,10,4.22,370
"1024",7095802,"f","Atlantic",47.5921362758688,-122.300080116565,"Apartment","Private room",2,1,1,1,"Real Bed","{Internet,""Wireless Internet"",Kitchen,Heating,Washer,Dryer,""Smoke Detector"",""Carbon Monoxide Detector"",""Fire Extinguisher"",Essentials,Shampoo,Hangers,""Hair Dryer""}","$35.00","$20.00",23,84,8,9,10,8,9,3.83,350
"1025",8103432,"f","Atlantic",47.598025531485,-122.30696747294,"House","Entire home/apt",4,1,3,2,"Real Bed","{Internet,""Wireless Internet"",Kitchen,""Free Parking on Premises"",Heating,""Family/Kid Friendly"",Washer,Dryer,""Smoke Detector"",""Carbon Monoxide Detector"",""First Aid Kit"",""Safety Card"",""Fire Extinguisher"",Essentials,Shampoo,""24-Hour Check-in"",Hangers,""Laptop Friendly Workspace""}","$140.00","$50.00",1,NA,NA,NA,NA,NA,NA,0.59,375
"1026",3998922,"f","Atlantic",47.5962268744312,-122.302923059606,"House","Private room",2,1,1,1,"Futon","{""Wireless Internet"",Kitchen,""Free Parking on Premises"",Heating,""Family/Kid Friendly"",Washer,Dryer,""Smoke Detector"",""First Aid Kit"",Essentials,Shampoo}","$68.00","",17,96,10,10,10,9,10,1.1,361
"1027",8922153,"f","Atlantic",47.6001661599035,-122.3078160477,"Apartment","Private room",2,1.5,1,1,"Real Bed","{Internet,""Wireless Internet"",Kitchen,""Free Parking on Premises"",Gym,""Elevator in Building"",""Buzzer/Wireless Intercom"",Heating,Washer,Dryer,""Smoke Detector"",""Carbon Monoxide Detector"",""Fire Extinguisher"",Essentials,Shampoo,""Lock on Bedroom Door""}","$55.00","$5.00",0,NA,NA,NA,NA,NA,NA,NA,387
"1028",5932882,"f","Atlantic",47.5872554131002,-122.300384714059,"House","Entire home/apt",4,1.5,1,1,"Real Bed","{Internet,""Wireless Internet"",Kitchen,""Free Parking on Premises"",""Smoking Allowed"",Washer,Dryer,""Smoke Detector"",""Carbon Monoxide Detector"",""First Aid Kit"",""Safety Card"",""Fire Extinguisher"",Essentials,Shampoo}","$100.00","",4,100,10,10,10,10,10,0.57,315
"1029",6187340,"f","Atlantic",47.5937021410559,-122.308105487941,"Apartment","Entire home/apt",2,1,0,1,"Real Bed","{TV,""Wireless Internet"",""Air Conditioning"",Kitchen,""Pets Allowed"",""Pets live on this property"",Heating,""Family/Kid Friendly"",Washer,Dryer,""Smoke Detector"",""First Aid Kit"",""Fire Extinguisher"",Essentials,Shampoo}","$70.00","$25.00",4,100,10,10,10,10,10,2.79,368
"1030",8350401,"f","Atlantic",47.5862269592916,-122.298616106243,"House","Private room",2,1.5,1,1,"Real Bed","{Internet,""Wireless Internet"",Kitchen,""Free Parking on Premises"",Washer,Dryer,""Smoke Detector"",""Carbon Monoxide Detector"",""Fire Extinguisher"",Shampoo}","$90.00","",1,100,10,10,10,10,10,0.3,294
"1031",1273432,"f","Atlantic",47.6015852333689,-122.306983205807,"House","Entire home/apt",6,2.5,2,3,"Real Bed","{Internet,""Wireless Internet"",Kitchen,""Free Parking on Premises"",Heating,""Family/Kid Friendly"",""Suitable for Events"",Washer,Dryer,""Smoke Detector"",""Carbon Monoxide Detector"",""First Aid Kit"",""Fire Extinguisher"",Essentials,Shampoo,""24-Hour Check-in"",Hangers,""Hair Dryer"",Iron,""Laptop Friendly Workspace""}","$275.00","$250.00",14,96,10,10,10,9,9,0.47,388
"1032",2830174,"f","Atlantic",47.5932197568243,-122.308891458587,"Apartment","Private room",2,1,1,1,"Futon","{TV,""Wireless Internet"",Kitchen,Heating,Washer,Dryer,""Smoke Detector"",""Carbon Monoxide Detector"",""Fire Extinguisher"",Essentials,Shampoo}","$60.00","$5.00",26,97,10,10,10,9,10,1.26,368
"1033",9370866,"f","Atlantic",47.5998483671129,-122.307034199049,"Apartment","Entire home/apt",4,1.5,2,2,"Real Bed","{Internet,""Wireless Internet"",Kitchen,""Free Parking on Premises"",Gym,""Elevator in Building"",""Buzzer/Wireless Intercom"",Heating,""Family/Kid Friendly"",Washer,Dryer,""Smoke Detector"",""Carbon Monoxide Detector"",""Safety Card"",""Fire Extinguisher"",Essentials,Shampoo,Hangers,""Hair Dryer"",Iron,""Laptop Friendly Workspace""}","$125.00","",1,100,10,10,10,10,10,0.86,386
"1034",8339303,"f","Atlantic",47.5936442134849,-122.309320066019,"Apartment","Entire home/apt",4,1,1,2,"Real Bed","{Internet,""Wireless Internet"",Kitchen,""Pets Allowed"",Heating,""Family/Kid Friendly"",Washer,""Smoke Detector"",Essentials}","$100.00","$50.00",0,NA,NA,NA,NA,NA,NA,NA,366
"1035",8107555,"f","Atlantic",47.5996465224287,-122.307396748734,"Apartment","Entire home/apt",2,1,0,1,"Real Bed","{""Wireless Internet"",Kitchen,Gym,""Pets live on this property"",Dog(s),""Elevator in Building"",Heating,""Smoke Detector"",""Carbon Monoxide Detector"",Essentials}","$115.00","$25.00",0,NA,NA,NA,NA,NA,NA,NA,386
"1036",3946160,"t","Atlantic",47.5919787378482,-122.307175913396,"House","Entire home/apt",2,1,1,1,"Real Bed","{Internet,""Wireless Internet"",Heating,""Smoke Detector"",""Carbon Monoxide Detector"",Essentials,Shampoo,""24-Hour Check-in"",Hangers,""Hair Dryer"",Iron,""Laptop Friendly Workspace""}","$90.00","$15.00",141,96,10,10,10,9,10,8.55,366
"1037",4061207,"f","Atlantic",47.5931677737495,-122.301699158451,"House","Entire home/apt",4,2,2,3,"Real Bed","{TV,""Cable TV"",Internet,""Wireless Internet"",Kitchen,""Free Parking on Premises"",""Pets Allowed"",""Indoor Fireplace"",Heating,""Family/Kid Friendly"",Washer,Dryer,""Smoke Detector"",""First Aid Kit"",""Fire Extinguisher""}","$90.00","",3,100,10,10,10,9,10,0.93,361
"1038",113951,"f","Atlantic",47.5970496248355,-122.299886779366,"House","Entire home/apt",6,2.5,3,3,"Real Bed","{TV,""Cable TV"",""Wireless Internet"",""Air Conditioning"",Kitchen,""Free Parking on Premises"",""Indoor Fireplace"",Heating,Washer,Dryer,""Smoke Detector"",""Carbon Monoxide Detector"",""First Aid Kit"",""Fire Extinguisher"",Shampoo}","$250.00","$100.00",10,100,10,10,10,10,10,0.19,354
"1039",5102135,"f","Atlantic",47.5938203799153,-122.305967031518,"Apartment","Entire home/apt",4,1,1,2,"Real Bed","{""Wireless Internet"",Kitchen,""Free Parking on Premises"",""Indoor Fireplace"",Heating,Washer,Dryer,""Smoke Detector""}","$119.00","$20.00",0,NA,NA,NA,NA,NA,NA,NA,365
"1040",5060388,"t","Atlantic",47.5995829866545,-122.313153831431,"Cabin","Entire home/apt",4,1,0,2,"Real Bed","{""Wireless Internet"",Kitchen,Breakfast,""Pets live on this property"",Dog(s),Cat(s),Heating,""Family/Kid Friendly"",Washer,Dryer,""Smoke Detector"",""Carbon Monoxide Detector"",""Fire Extinguisher"",Essentials}","$95.00","$25.00",38,97,10,10,10,9,10,4.79,401
"1041",286712,"f","Atlantic",47.5979761770652,-122.300879894188,"House","Entire home/apt",7,3.5,3,3,"Real Bed","{Internet,""Wireless Internet"",Kitchen,""Free Parking on Premises"",""Indoor Fireplace"",Heating,""Family/Kid Friendly"",Washer,Dryer,""Smoke Detector"",Essentials,Shampoo,""Hair Dryer"",Iron,""Laptop Friendly Workspace""}","$218.00","$170.00",39,88,9,9,9,8,9,0.88,363
"1042",5463875,"f","Atlantic",47.5943723535662,-122.309358110404,"Apartment","Entire home/apt",3,1,1,1,"Real Bed","{TV,Internet,""Wireless Internet"",""Air Conditioning"",Kitchen,""Free Parking on Premises"",""Pets live on this property"",Dog(s),""Elevator in Building"",""Buzzer/Wireless Intercom"",Heating,Washer,Dryer,""Smoke Detector"",""Carbon Monoxide Detector"",Essentials,Shampoo}","$120.00","$25.00",1,100,10,10,10,10,10,0.16,369
"1043",4316910,"f","Atlantic",47.5912737068073,-122.305761384066,"House","Entire home/apt",2,1,0,1,"Pull-out Sofa","{Internet,""Wireless Internet"",Kitchen,""Pets live on this property"",Dog(s),Heating,""Smoke Detector"",Essentials}","$64.00","$20.00",18,89,9,9,9,9,10,2.65,365
"1044",7093986,"t","Atlantic",47.5969603103726,-122.298165248171,"House","Private room",2,1,1,1,"Real Bed","{TV,Internet,""Wireless Internet"",""Air Conditioning"",Kitchen,""Free Parking on Premises"",Heating,Washer,Dryer,""Smoke Detector"",""Carbon Monoxide Detector"",""First Aid Kit"",""Fire Extinguisher"",Essentials,Shampoo}","$80.00","",0,NA,NA,NA,NA,NA,NA,NA,351
"1045",4777832,"t","Atlantic",47.5957806588208,-122.309652947098,"Loft","Entire home/apt",4,1,0,2,"Real Bed","{Internet,""Wireless Internet"",Kitchen,""Free Parking on Premises"",""Elevator in Building"",Heating,""Family/Kid Friendly"",""Suitable for Events"",""Smoke Detector"",""Carbon Monoxide Detector"",""Fire Extinguisher"",Essentials,Shampoo,""24-Hour Check-in"",Hangers,""Hair Dryer"",Iron,""Laptop Friendly Workspace""}","$170.00","$50.00",80,99,10,10,10,9,10,6.35,373
"1046",7429207,"f","Atlantic",47.5963909120972,-122.30490548754,"House","Entire home/apt",4,2,3,2,"Real Bed","{Internet,""Wireless Internet"",Kitchen,""Free Parking on Premises"",""Indoor Fireplace"",Heating,""Family/Kid Friendly"",Washer,Dryer,""Smoke Detector"",""Carbon Monoxide Detector"",""First Aid Kit"",""Fire Extinguisher"",Shampoo}","$168.00","$95.00",1,100,10,10,10,8,10,0.22,366
"1047",7664565,"t","Atlantic",47.5985667517787,-122.307543970036,"Apartment","Private room",2,1,1,1,"Real Bed","{TV,""Cable TV"",Internet,""Wireless Internet"",Kitchen,""Free Parking on Premises"",Gym,""Elevator in Building"",Heating,""Family/Kid Friendly"",Washer,Dryer,""Smoke Detector"",Essentials,Shampoo}","$60.00","$15.00",25,98,10,10,10,9,10,4.9,379
"1048",5792683,"f","Atlantic",47.5937104624609,-122.304190125994,"Apartment","Entire home/apt",3,1,0,2,"Real Bed","{TV,""Wireless Internet"",Kitchen,""Free Parking on Premises"",Heating,Washer,Dryer,""Smoke Detector"",""Carbon Monoxide Detector"",Essentials,Shampoo}","$85.00","$80.00",4,90,10,10,9,7,9,0.69,362
"1049",1856970,"t","Atlantic",47.5993347256062,-122.311368316872,"House","Private room",2,1,1,1,"Real Bed","{Internet,""Wireless Internet"",Kitchen,Breakfast,""Pets live on this property"",Dog(s),Cat(s),Heating,Washer,Dryer,""Smoke Detector"",""Carbon Monoxide Detector"",""First Aid Kit"",""Fire Extinguisher"",Essentials,Shampoo}","$70.00","",183,97,10,10,10,9,10,7.75,393
"1050",4084712,"f","Atlantic",47.59361161881,-122.309799936752,"House","Entire home/apt",4,1,2,3,"Real Bed","{Internet,""Wireless Internet"",Kitchen,""Free Parking on Premises"",""Pets live on this property"",Dog(s),Heating,""Family/Kid Friendly"",Washer,Dryer,""Smoke Detector"",""First Aid Kit"",Essentials,Shampoo}","$115.00","$50.00",45,93,9,10,10,9,9,2.99,368
"1051",6411986,"f","Atlantic",47.5919661421164,-122.308392934027,"Apartment","Private room",4,1,1,1,"Real Bed","{TV,Internet,""Wireless Internet"",Kitchen,""Free Parking on Premises"",""Pets live on this property"",Dog(s),Heating,""Smoke Detector"",""Fire Extinguisher""}","$90.00","",9,84,8,9,10,8,7,1.21,368
"1052",9258687,"f","Atlantic",47.5923574849817,-122.30334454324,"Townhouse","Private room",2,1.5,1,1,"Real Bed","{""Wireless Internet"",""Free Parking on Premises"",""Indoor Fireplace"",Heating,""Smoke Detector"",Essentials,""Lock on Bedroom Door"",""24-Hour Check-in"",Hangers,Iron,""Laptop Friendly Workspace""}","$125.00","$75.00",0,NA,NA,NA,NA,NA,NA,NA,361
"1053",9426058,"t","Atlantic",47.6004410581119,-122.309223295742,"Apartment","Entire home/apt",2,1,1,1,"Real Bed","{TV,""Cable TV"",Internet,""Wireless Internet"",Kitchen,""Free Parking on Premises"",""Elevator in Building"",Heating,""Family/Kid Friendly"",Washer,Dryer,""Smoke Detector"",Essentials,Shampoo,Hangers,""Hair Dryer"",Iron,""Laptop Friendly Workspace""}","$80.00","$30.00",1,100,10,10,10,10,10,1,393
"1054",9736801,"f","Atlantic",47.6014120715165,-122.312888841961,"Apartment","Entire home/apt",3,1,0,2,"Real Bed","{Internet,""Wireless Internet"",""Air Conditioning"",""Wheelchair Accessible"",Kitchen,""Free Parking on Premises"",""Elevator in Building"",""Buzzer/Wireless Intercom"",Heating,""Family/Kid Friendly"",Washer,Dryer,""Smoke Detector"",""Carbon Monoxide Detector"",""First Aid Kit"",""Fire Extinguisher"",Essentials,Shampoo,""24-Hour Check-in"",Hangers,""Hair Dryer"",Iron,""Laptop Friendly Workspace""}","$90.00","$60.00",0,NA,NA,NA,NA,NA,NA,NA,409
"1055",4297068,"f","Atlantic",47.5998269887902,-122.309483059525,"Townhouse","Entire home/apt",4,2,2,2,"Real Bed","{TV,Internet,""Wireless Internet"",Kitchen,""Pets Allowed"",Heating,""Family/Kid Friendly"",Washer,Dryer,""Smoke Detector"",""Carbon Monoxide Detector"",""First Aid Kit"",""Fire Extinguisher"",Essentials,Shampoo}","$149.00","$25.00",6,100,10,10,10,10,10,0.42,389
"1056",8221520,"f","Atlantic",47.5874824704718,-122.30062210708,"House","Entire home/apt",8,3,3,3,"Real Bed","{TV,""Cable TV"",Internet,""Wireless Internet"",Pool,Kitchen,Heating,""Family/Kid Friendly"",Washer,Dryer,""Smoke Detector"",""Carbon Monoxide Detector"",Essentials}","$250.00","$120.00",7,94,9,9,9,9,9,2.28,320
"1057",2387605,"t","Atlantic",47.594125084677,-122.308661890431,"House","Private room",4,1,1,2,"Real Bed","{TV,Internet,""Wireless Internet"",Kitchen,""Hot Tub"",""Buzzer/Wireless Intercom"",Heating,""Family/Kid Friendly"",Washer,Dryer,""Smoke Detector"",""First Aid Kit"",""Fire Extinguisher"",Essentials,Shampoo}","$69.00","$20.00",61,98,10,10,10,9,10,3.83,367
"1058",8389809,"f","Atlantic",47.5942897960174,-122.309190462802,"Condominium","Private room",2,1,1,1,"Real Bed","{TV,""Cable TV"",Internet,""Wireless Internet"",Kitchen,""Free Parking on Premises"",""Elevator in Building"",""Buzzer/Wireless Intercom"",Heating,""Family/Kid Friendly"",Washer,Dryer,""Smoke Detector"",""Carbon Monoxide Detector"",""First Aid Kit"",""Safety Card"",""Fire Extinguisher"",Essentials,Shampoo}","$65.00","",2,100,10,10,10,10,10,0.56,368
"1059",7048843,"f","Atlantic",47.5908321662479,-122.29981339195,"House","Private room",2,0.5,1,1,"Real Bed","{Internet,""Wireless Internet"",Kitchen,Heating,Washer,Dryer,""Smoke Detector"",""Carbon Monoxide Detector"",""Fire Extinguisher"",Essentials,Shampoo}","$40.00","$20.00",26,86,8,9,9,8,9,4.79,342
"1060",879181,"f","Atlantic",47.6005104948022,-122.301993966461,"House","Private room",2,1.5,1,1,"Real Bed","{Internet,""Wireless Internet"",Kitchen,""Free Parking on Premises"",Breakfast,Heating,""Family/Kid Friendly"",Washer,Dryer,""Smoke Detector"",""Fire Extinguisher"",Shampoo}","$60.00","$30.00",31,95,9,10,9,9,9,0.86,372
"1061",6423488,"f","Atlantic",47.601386255669,-122.307679040563,"House","Entire home/apt",4,2,2,2,"Real Bed","{TV,""Cable TV"",Internet,""Wireless Internet"",Kitchen,""Free Parking on Premises"",Heating,""Family/Kid Friendly"",Washer,Dryer,""Smoke Detector"",""Carbon Monoxide Detector"",""First Aid Kit"",""Fire Extinguisher"",Essentials,Shampoo}","$149.00","$75.00",5,96,10,10,9,10,10,0.85,389
"1062",7241905,"f","Atlantic",47.6001126821935,-122.303754482145,"Apartment","Entire home/apt",2,1,1,1,"Real Bed","{TV,""Cable TV"",Internet,""Wireless Internet"",Kitchen,""Free Parking on Premises"",""Elevator in Building"",Heating,Washer,Dryer,""Smoke Detector"",""Carbon Monoxide Detector"",Essentials,Shampoo}","$115.00","$30.00",7,100,10,10,10,9,10,1.35,375
"1063",1246809,"f","Atlantic",47.5817234701499,-122.298980532712,"House","Entire home/apt",6,1,1,3,"Real Bed","{TV,""Cable TV"",Internet,""Wireless Internet"",""Air Conditioning"",Kitchen,""Free Parking on Premises"",""Pets Allowed"",Heating,""Family/Kid Friendly"",Washer,Dryer,""Smoke Detector"",""Carbon Monoxide Detector"",""First Aid Kit"",""Safety Card"",""Fire Extinguisher"",Essentials}","$79.00","$75.00",64,89,9,9,9,8,8,2.06,277
"1064",10273158,"f","Pike-Market",47.6107050055658,-122.340975035493,"Apartment","Entire home/apt",2,1,0,1,"Real Bed","{TV,Internet,""Wireless Internet"",""Air Conditioning"",Kitchen,Doorman,Gym,""Elevator in Building"",""Buzzer/Wireless Intercom"",Heating,Washer,Dryer,Shampoo,""24-Hour Check-in"",Hangers,""Hair Dryer"",Iron}","$129.00","$50.00",0,NA,NA,NA,NA,NA,NA,NA,411
"1065",5615620,"f","Pike-Market",47.6092741809972,-122.340877379312,"Apartment","Entire home/apt",2,1,0,1,"Real Bed","{TV,Internet,""Wireless Internet"",""Air Conditioning"",Kitchen,""Elevator in Building"",Heating,""Smoke Detector"",""Carbon Monoxide Detector"",""Fire Extinguisher"",Essentials,Shampoo,Hangers,""Hair Dryer"",Iron}","$100.00","",52,95,9,10,10,10,9,5.98,414
"1066",936484,"f","Pike-Market",47.6085461471094,-122.339191548159,"Apartment","Entire home/apt",2,1,1,2,"Real Bed","{TV,""Cable TV"",Internet,""Wireless Internet"",""Air Conditioning"",Kitchen,Heating,""Family/Kid Friendly"",Washer,Dryer,""Smoke Detector"",""Carbon Monoxide Detector"",""Fire Extinguisher"",Essentials,Shampoo,""24-Hour Check-in"",Hangers,""Hair Dryer"",Iron}","$76.00","$99.00",7,91,9,9,9,10,9,0.46,419
"1067",5415077,"t","Pike-Market",47.6097983646115,-122.3403679702,"Condominium","Private room",2,2,1,1,"Real Bed","{TV,Internet,""Wireless Internet"",Pool,Kitchen,""Smoking Allowed"",Doorman,Gym,""Elevator in Building"",""Hot Tub"",Heating,Washer,Dryer,""Smoke Detector"",""Fire Extinguisher"",Essentials,Shampoo}","$95.00","$30.00",43,95,9,10,10,10,10,4.37,415
"1068",938785,"f","Pike-Market",47.6084622665111,-122.339506254609,"Apartment","Entire home/apt",4,1,1,2,"Real Bed","{TV,""Cable TV"",Internet,""Wireless Internet"",Kitchen,Gym,""Elevator in Building"",Heating,""Family/Kid Friendly"",Washer,Dryer,""Smoke Detector"",""Carbon Monoxide Detector"",""Fire Extinguisher"",Essentials,Shampoo,""24-Hour Check-in"",Hangers,""Hair Dryer"",Iron,""Laptop Friendly Workspace""}","$100.00","$99.00",13,86,9,8,9,10,9,0.63,417
"1069",934216,"f","Pike-Market",47.6081627266727,-122.338992586774,"Apartment","Entire home/apt",6,2,2,3,"Pull-out Sofa","{TV,""Cable TV"",Internet,""Wireless Internet"",Pool,Kitchen,""Free Parking on Premises"",Gym,""Elevator in Building"",""Hot Tub"",Heating,""Family/Kid Friendly"",Washer,Dryer,""Smoke Detector"",""Carbon Monoxide Detector"",""Fire Extinguisher"",Essentials,Shampoo,""24-Hour Check-in"",Hangers,""Hair Dryer"",Iron}","$137.00","$99.00",20,88,9,10,9,10,9,0.68,419
"1070",6119821,"f","Pike-Market",47.6090800812636,-122.340105529327,"Dorm","Shared room",8,0,1,8,"Real Bed","{Internet,""Wireless Internet"",Kitchen,Breakfast,Heating,Washer,Dryer,""Smoke Detector"",""Carbon Monoxide Detector"",""First Aid Kit"",""Safety Card"",""Fire Extinguisher"",Essentials}","$38.00","$6.00",19,93,9,9,9,10,9,2.47,414
"1071",3385421,"t","Pike-Market",47.612173913812,-122.343393493696,"Apartment","Entire home/apt",4,2.5,2,2,"Real Bed","{TV,""Cable TV"",Internet,""Wireless Internet"",""Air Conditioning"",Kitchen,""Free Parking on Premises"",Doorman,""Elevator in Building"",Heating,Washer,Dryer,""Smoke Detector"",""First Aid Kit"",Essentials}","$557.00","$180.00",31,99,10,10,10,10,10,1.75,404
"1072",5981343,"t","Pike-Market",47.6086634380611,-122.341301084097,"Apartment","Entire home/apt",6,1,1,3,"Real Bed","{TV,""Cable TV"",""Wireless Internet"",Kitchen,""Free Parking on Premises"",""Elevator in Building"",""Buzzer/Wireless Intercom"",Heating,Washer,Dryer,""Smoke Detector"",""Carbon Monoxide Detector"",Essentials,Shampoo,""24-Hour Check-in"",Hangers,""Hair Dryer"",Iron,""Laptop Friendly Workspace""}","$160.00","$25.00",48,98,10,10,10,10,9,6.32,415
"1073",9706229,"f","Pike-Market",47.610519084133,-122.34180959823,"Apartment","Entire home/apt",2,1,0,1,"Real Bed","{TV,Internet,""Wireless Internet"",Kitchen,""Elevator in Building"",Heating,Washer,Essentials,Shampoo,""24-Hour Check-in"",""Hair Dryer"",Iron}","$179.00","",6,87,10,9,10,10,9,6,411
"1074",8212989,"f","Pike-Market",47.6077236128337,-122.340475797094,"Dorm","Shared room",8,8,1,8,"Real Bed","{Internet,""Wireless Internet"",Kitchen,Breakfast,Heating,Washer,Dryer,""Smoke Detector"",""Carbon Monoxide Detector"",""First Aid Kit"",""Fire Extinguisher"",Essentials}","$41.00","",3,87,9,9,9,10,10,2.57,415
"1075",9444769,"f","Pike-Market",47.6088216995926,-122.341017624811,"Condominium","Entire home/apt",4,1,1,2,"Real Bed","{""Cable TV"",Internet,""Wireless Internet"",""Wheelchair Accessible"",Kitchen,""Free Parking on Premises"",Gym,""Elevator in Building"",""Buzzer/Wireless Intercom"",Heating,""Family/Kid Friendly"",Washer,Dryer,""Smoke Detector"",""Carbon Monoxide Detector"",""Fire Extinguisher"",Essentials,Shampoo,""24-Hour Check-in"",Hangers,""Hair Dryer"",Iron,""Laptop Friendly Workspace""}","$97.00","$75.00",0,NA,NA,NA,NA,NA,NA,NA,414
"1076",5422159,"f","Pike-Market",47.6077710834713,-122.339639781336,"Apartment","Entire home/apt",3,1,0,1,"Real Bed","{TV,""Cable TV"",Internet,""Wireless Internet"",Pool,Kitchen,Gym,""Elevator in Building"",Heating,Washer,Dryer,""Smoke Detector"",""Carbon Monoxide Detector"",""First Aid Kit"",""Safety Card"",Essentials}","$99.00","$60.00",43,91,9,9,9,10,9,4.4,416
"1077",9532861,"f","Pike-Market",47.6105602641529,-122.341296402093,"Apartment","Entire home/apt",2,1,0,1,"Real Bed","{Internet,""Wireless Internet"",Kitchen,""Free Parking on Premises"",""Elevator in Building"",Heating,Washer,Dryer,""Smoke Detector"",""Carbon Monoxide Detector"",Hangers,Iron}","$149.00","",1,60,8,6,8,8,6,0.81,411
"1078",3380159,"t","Pike-Market",47.6096934949842,-122.341997338192,"Apartment","Entire home/apt",3,1,1,1,"Real Bed","{TV,""Cable TV"",Internet,""Wireless Internet"",""Air Conditioning"",""Wheelchair Accessible"",Kitchen,""Elevator in Building"",Heating,""Family/Kid Friendly"",Washer,Dryer,""Smoke Detector"",""Carbon Monoxide Detector"",""First Aid Kit"",""Safety Card"",""Fire Extinguisher"",Essentials,Shampoo,""24-Hour Check-in"",Hangers,""Hair Dryer"",Iron,""Laptop Friendly Workspace""}","$199.00","$60.00",50,94,10,10,10,10,9,2.71,413
"1079",9294683,"f","Pike-Market",47.6084613757949,-122.341888345318,"Apartment","Entire home/apt",3,1,1,1,"Real Bed","{TV,Internet,""Wireless Internet"",""Air Conditioning"",Kitchen,""Elevator in Building"",""Buzzer/Wireless Intercom"",Heating,Washer,Dryer,""Smoke Detector"",""First Aid Kit"",Essentials,Shampoo}","$157.00","",14,99,10,10,10,10,10,7.78,414
"1080",8253456,"f","Pike-Market",47.6109952681579,-122.343521906344,"Apartment","Entire home/apt",4,1,0,2,"Real Bed","{TV,Internet,""Wireless Internet"",""Air Conditioning"",""Wheelchair Accessible"",Kitchen,""Elevator in Building"",""Buzzer/Wireless Intercom"",Heating,""Family/Kid Friendly"",Washer,Dryer,""Smoke Detector"",""Carbon Monoxide Detector"",""First Aid Kit"",""Fire Extinguisher"",Essentials,Shampoo}","$170.00","$50.00",10,98,10,10,10,10,9,2.73,405
"1081",944237,"f","Pike-Market",47.6072375937258,-122.341314270664,"Apartment","Entire home/apt",4,1,1,2,"Real Bed","{TV,""Cable TV"",""Wireless Internet"",""Wheelchair Accessible"",Kitchen,""Free Parking on Premises"",Gym,""Elevator in Building"",""Buzzer/Wireless Intercom"",Heating,""Family/Kid Friendly"",Washer,Dryer,""Smoke Detector"",""Carbon Monoxide Detector"",Essentials,Shampoo}","$85.00","$75.00",9,93,9,9,10,10,10,0.28,417
"1082",4165387,"t","Pike-Market",47.6080014575768,-122.339845763767,"Apartment","Entire home/apt",4,2,2,2,"Real Bed","{TV,""Cable TV"",Internet,""Wireless Internet"",""Air Conditioning"",Kitchen,Doorman,Gym,""Elevator in Building"",""Buzzer/Wireless Intercom"",Heating,Washer,Dryer,""Smoke Detector"",""Carbon Monoxide Detector"",""First Aid Kit"",""Safety Card"",""Fire Extinguisher"",Essentials,Shampoo}","$299.00","$64.00",26,98,10,10,10,10,10,3.07,415
"1083",9866984,"f","Pike-Market",47.6088026714203,-122.339300297843,"Apartment","Entire home/apt",2,1,1,1,"Real Bed","{TV,Internet,""Wireless Internet"",Kitchen,""Pets Allowed"",Gym,""Pets live on this property"",Dog(s),""Elevator in Building"",""Buzzer/Wireless Intercom"",Heating,Washer,Dryer,""Smoke Detector"",""Carbon Monoxide Detector"",Essentials,Shampoo,""24-Hour Check-in"",Hangers,""Hair Dryer"",Iron,""Laptop Friendly Workspace""}","$95.00","$25.00",1,100,10,10,10,10,10,1,418
"1084",7179337,"f","Pike-Market",47.6077533410719,-122.34134792021,"Apartment","Entire home/apt",4,1,1,2,"Real Bed","{TV,""Cable TV"",Internet,""Wireless Internet"",""Air Conditioning"",""Wheelchair Accessible"",Kitchen,""Free Parking on Premises"",Gym,""Elevator in Building"",""Buzzer/Wireless Intercom"",Heating,""Family/Kid Friendly"",Washer,Dryer,""Smoke Detector"",""Carbon Monoxide Detector"",""Fire Extinguisher"",Essentials,Shampoo}","$99.00","$75.00",14,92,10,10,9,10,9,2.4,415
"1085",9768655,"f","Pike-Market",47.6104122121285,-122.341490151836,"Apartment","Entire home/apt",3,1,1,2,"Real Bed","{TV,""Wireless Internet"",Kitchen,""Elevator in Building"",""Buzzer/Wireless Intercom"",Heating,""Family/Kid Friendly"",Washer,Dryer,Essentials,Shampoo,Hangers,""Hair Dryer"",Iron,""Laptop Friendly Workspace""}","$165.00","$65.00",0,NA,NA,NA,NA,NA,NA,NA,410
"1086",8015531,"f","Pike-Market",47.608558843191,-122.340269568324,"Apartment","Entire home/apt",4,1,0,2,"Real Bed","{TV,Internet,""Wireless Internet"",Pool,Kitchen,Gym,""Elevator in Building"",Heating,Washer,Dryer,""Smoke Detector"",""Carbon Monoxide Detector"",Essentials,Shampoo}","$114.00","$45.00",40,95,10,10,10,10,9,11.01,415
"1087",991961,"f","Pike-Market",47.6081700055095,-122.33837592287,"Apartment","Entire home/apt",5,2,2,2,"Real Bed","{TV,""Cable TV"",Internet,""Wireless Internet"",Pool,Kitchen,""Free Parking on Premises"",Doorman,Gym,""Elevator in Building"",""Hot Tub"",""Buzzer/Wireless Intercom"",Heating,Washer,Dryer,""Smoke Detector"",""Carbon Monoxide Detector"",""Safety Card"",""Fire Extinguisher"",Essentials,Shampoo}","$311.00","$113.00",7,100,10,10,10,10,9,0.21,420
"1088",4597584,"f","Pike-Market",47.6107802444927,-122.341165114252,"Apartment","Entire home/apt",2,1,0,1,"Real Bed","{TV,Internet,""Wireless Internet"",""Air Conditioning"",""Wheelchair Accessible"",Kitchen,""Pets Allowed"",Gym,""Elevator in Building"",Heating,""Family/Kid Friendly"",Washer,Dryer,""Smoke Detector"",""Carbon Monoxide Detector""}","$160.00","$50.00",0,NA,NA,NA,NA,NA,NA,NA,410
"1089",8035212,"f","Pike-Market",47.6076809703305,-122.340266678218,"Apartment","Entire home/apt",3,1,0,2,"Real Bed","{TV,Internet,""Wireless Internet"",""Air Conditioning"",Kitchen,""Elevator in Building"",Heating,Washer,Dryer,""Smoke Detector"",""Carbon Monoxide Detector"",Essentials,Shampoo,Hangers,""Hair Dryer"",Iron,""Laptop Friendly Workspace""}","$100.00","",31,97,9,10,9,10,9,7.32,416
"1090",8053396,"f","Pike-Market",47.6087377483005,-122.341180785404,"Apartment","Entire home/apt",3,1,1,1,"Real Bed","{""Cable TV"",""Wireless Internet"",Kitchen,""Elevator in Building"",Heating,""Family/Kid Friendly"",Washer,Dryer,""Smoke Detector"",""Carbon Monoxide Detector"",Essentials}","$150.00","$50.00",21,95,10,10,10,10,10,5.43,415
"1091",9634448,"f","Pike-Market",47.6089310880391,-122.340282287587,"Condominium","Entire home/apt",4,2,1,2,"Real Bed","{TV,""Cable TV"",Internet,""Wireless Internet"",Pool,Kitchen,""Free Parking on Premises"",Doorman,Gym,""Elevator in Building"",""Hot Tub"",""Buzzer/Wireless Intercom"",Heating,Washer,Dryer,""Smoke Detector"",""Carbon Monoxide Detector"",""First Aid Kit"",""Safety Card"",""Fire Extinguisher"",Essentials,Shampoo,""24-Hour Check-in"",Hangers,""Hair Dryer"",Iron,""Laptop Friendly Workspace""}","$357.00","$75.00",0,NA,NA,NA,NA,NA,NA,NA,415
"1092",2516391,"t","Eastlake",47.6448205713844,-122.327488426716,"House","Entire home/apt",3,1,1,2,"Real Bed","{TV,Internet,""Wireless Internet"",Kitchen,""Free Parking on Premises"",Breakfast,Heating,Washer,Dryer,Essentials,Shampoo}","$135.00","$75.00",16,98,10,10,10,10,10,0.82,391
"1093",7581631,"t","Eastlake",47.6409172987867,-122.323321521028,"Apartment","Entire home/apt",4,1,2,2,"Real Bed","{TV,""Cable TV"",Internet,""Wireless Internet"",Kitchen,Heating,""Family/Kid Friendly"",Washer,Dryer,""Smoke Detector"",Essentials,Shampoo}","$110.00","$100.00",6,100,10,10,10,9,10,1.42,422
"1094",7067650,"f","Eastlake",47.6420813738709,-122.324605080282,"House","Entire home/apt",4,1,1,1,"Real Bed","{TV,Internet,""Wireless Internet"",Kitchen,""Free Parking on Premises"",""Pets Allowed"",Heating,""Family/Kid Friendly"",Washer,Dryer,""Smoke Detector"",""Carbon Monoxide Detector"",""First Aid Kit"",""Fire Extinguisher"",Essentials,Shampoo}","$75.00","$70.00",9,93,9,10,10,10,10,1.99,413
"1095",706385,"t","Eastlake",47.6433899897261,-122.325821949352,"Apartment","Entire home/apt",2,1,1,1,"Real Bed","{TV,""Cable TV"",""Wireless Internet"",Kitchen,Heating,""Smoke Detector"",""Carbon Monoxide Detector"",""First Aid Kit"",""Fire Extinguisher"",Essentials,Shampoo}","$138.00","$50.00",188,100,10,10,10,10,10,4.85,405
"1096",6005443,"f","Eastlake",47.6405253039706,-122.328520567966,"Apartment","Entire home/apt",2,1,1,1,"Real Bed","{TV,""Wireless Internet"",Kitchen,Heating,Washer,Dryer,""Smoke Detector"",""Carbon Monoxide Detector"",""First Aid Kit"",""Fire Extinguisher"",Essentials,Shampoo}","$129.00","$50.00",3,100,10,10,10,10,10,0.64,418
"1097",6883913,"f","Eastlake",47.6391768877913,-122.326225125675,"Apartment","Entire home/apt",2,1,1,1,"Real Bed","{""Wireless Internet"",Kitchen,Heating,Washer,Dryer,""Smoke Detector"",""Carbon Monoxide Detector"",""Fire Extinguisher"",Essentials,Shampoo,Hangers,""Hair Dryer"",Iron,""Laptop Friendly Workspace""}","$120.00","$40.00",31,95,10,10,10,10,9,4.72,431
"1098",6523393,"t","Eastlake",47.6394781048766,-122.325930915085,"Apartment","Entire home/apt",4,1,1,1,"Real Bed","{TV,""Cable TV"",Internet,""Wireless Internet"",Kitchen,""Pets Allowed"",""Pets live on this property"",Dog(s),Cat(s),Heating,""Family/Kid Friendly"",Washer,Dryer,""Smoke Detector"",""Carbon Monoxide Detector"",""First Aid Kit"",""Fire Extinguisher"",Essentials}","$95.00","",26,98,10,10,10,10,10,4.43,432
"1099",7922676,"f","Eastlake",47.6407878690427,-122.3232082807,"Apartment","Entire home/apt",2,1,1,1,"Real Bed","{TV,""Wireless Internet"",Kitchen,Heating,Washer,Dryer,""Smoke Detector"",""Carbon Monoxide Detector"",""Fire Extinguisher"",Essentials,Shampoo}","$140.00","$50.00",0,NA,NA,NA,NA,NA,NA,NA,422
"1100",6766513,"f","Eastlake",47.6375748503224,-122.323359105944,"Apartment","Entire home/apt",2,1,1,1,"Real Bed","{TV,Internet,""Wireless Internet"",Kitchen,""Free Parking on Premises"",Heating,""Family/Kid Friendly"",Washer,Dryer,Essentials,Hangers,""Hair Dryer"",Iron}","$95.00","$25.00",20,98,10,10,10,9,10,3.03,430
"1101",682135,"f","Eastlake",47.6400790366012,-122.325543418147,"Apartment","Entire home/apt",3,1,1,1,"Real Bed","{TV,""Cable TV"",Internet,""Wireless Internet"",Kitchen,""Free Parking on Premises"",Breakfast,""Buzzer/Wireless Intercom"",Heating,""Family/Kid Friendly"",""Smoke Detector"",""Carbon Monoxide Detector"",""First Aid Kit"",Essentials,Shampoo}","$91.00","$75.00",7,96,10,10,10,10,10,0.26,428
"1102",4678866,"f","Eastlake",47.6405045798497,-122.328201575892,"House","Entire home/apt",3,1,1,2,"Real Bed","{TV,""Wireless Internet"",Kitchen,""Free Parking on Premises"",Heating,Washer,Dryer,""Smoke Detector"",""Carbon Monoxide Detector"",Essentials}","$135.00","$20.00",2,100,10,10,10,10,8,0.16,419
"1103",708774,"t","Eastlake",47.6389730056603,-122.324887806919,"Apartment","Entire home/apt",4,1,1,1,"Real Bed","{TV,""Cable TV"",Internet,""Wireless Internet"",Kitchen,Heating,Washer,Dryer}","$95.00","$70.00",47,95,10,10,10,10,10,1.26,433
"1104",3158210,"t","Eastlake",47.6382895909959,-122.327895420825,"Apartment","Entire home/apt",3,1,1,1,"Real Bed","{""Wireless Internet"",Kitchen,Heating,Washer,Dryer,Essentials}","$140.00","$35.00",20,96,10,10,10,10,9,1.05,431
"1105",1494828,"t","Eastlake",47.6396350754695,-122.324452391663,"Apartment","Entire home/apt",4,1,2,2,"Real Bed","{TV,""Cable TV"",""Wireless Internet"",""Air Conditioning"",Kitchen,Heating,Washer,Dryer,""Smoke Detector"",Essentials,Shampoo}","$125.00","$100.00",81,98,10,10,10,10,10,2.83,432
"1106",7291403,"f","Eastlake",47.6519562691035,-122.321398205878,"Condominium","Entire home/apt",3,1,1,1,"Futon","{Internet,""Wireless Internet"",Kitchen,""Buzzer/Wireless Intercom"",Heating,Washer,Dryer,""Smoke Detector"",""Carbon Monoxide Detector"",""First Aid Kit"",""Safety Card"",""Fire Extinguisher"",Essentials,Shampoo,Hangers,""Laptop Friendly Workspace""}","$150.00","$30.00",2,90,8,10,10,9,9,0.36,249
"1107",7075357,"t","Eastlake",47.6401169394057,-122.326566960307,"Condominium","Entire home/apt",4,1.5,2,3,"Real Bed","{TV,Internet,""Wireless Internet"",Kitchen,""Free Parking on Premises"",""Pets Allowed"",Heating,""Family/Kid Friendly"",Washer,Dryer,""Smoke Detector"",""Carbon Monoxide Detector"",""Safety Card"",Shampoo}","$129.00","$35.00",2,100,10,10,10,10,10,0.38,424
"1108",8000037,"f","Eastlake",47.641980790463,-122.322990044192,"Apartment","Shared room",1,1,1,1,"Futon","{TV,Internet,""Wireless Internet"",Kitchen,Heating,Washer,Dryer,""Smoke Detector"",""Carbon Monoxide Detector"",""First Aid Kit"",""Safety Card"",""Fire Extinguisher"",Essentials,Shampoo}","$50.00","",0,NA,NA,NA,NA,NA,NA,NA,413
"1109",1652097,"f","Eastlake",47.6479326546191,-122.323342719935,"Apartment","Entire home/apt",4,1,1,2,"Real Bed","{""Wireless Internet"",""Air Conditioning"",Heating,""Smoke Detector"",""Carbon Monoxide Detector"",""First Aid Kit"",""Fire Extinguisher"",Essentials,Shampoo}","$85.00","$35.00",22,86,9,9,10,9,8,1.18,332
"1110",4660460,"t","Eastlake",47.6415609078933,-122.327072623502,"Apartment","Entire home/apt",2,1,0,1,"Real Bed","{TV,Internet,""Wireless Internet"",Kitchen,""Free Parking on Premises"",""Pets Allowed"",""Pets live on this property"",Heating,Washer,Dryer,""First Aid Kit"",Essentials,Shampoo}","$82.00","$30.00",41,95,10,10,10,10,10,3.81,416
"1111",1944596,"f","Eastlake",47.6360227000017,-122.324465390071,"Apartment","Private room",2,1,1,1,"Real Bed","{""Wireless Internet"",Pool,Kitchen,""Pets live on this property"",Dog(s),Heating,""Family/Kid Friendly"",Washer,Dryer,Essentials,Shampoo}","$103.00","",29,97,10,10,10,10,10,1.19,454
"1112",5593504,"f","Eastlake",47.6385744209319,-122.324803685774,"House","Private room",2,1,1,1,"Real Bed","{Internet,""Wireless Internet"",Kitchen,""Indoor Fireplace"",Heating,Washer,Dryer,""Smoke Detector"",""Carbon Monoxide Detector"",""Fire Extinguisher"",Essentials}","$59.00","$5.00",16,96,10,10,10,10,10,1.66,429
"1113",7999692,"f","Eastlake",47.6417902640078,-122.324953185527,"Apartment","Entire home/apt",4,1,1,1,"Real Bed","{TV,Internet,""Wireless Internet"",Kitchen,""Free Parking on Premises"",""Indoor Fireplace"",Heating,Washer,Dryer,""Smoke Detector"",""Carbon Monoxide Detector"",""First Aid Kit"",""Fire Extinguisher"",Essentials,Shampoo}","$150.00","",1,80,8,10,10,10,8,0.26,415
"1114",619366,"t","Eastlake",47.6445455741368,-122.325522880197,"Apartment","Entire home/apt",2,1,1,1,"Real Bed","{TV,""Cable TV"",""Wireless Internet"",Kitchen,Heating,""Smoke Detector"",""Carbon Monoxide Detector"",""First Aid Kit"",""Fire Extinguisher"",Essentials,Shampoo}","$115.00","$50.00",146,98,10,10,10,10,10,3.52,394
"1115",7999972,"f","Eastlake",47.6406920196397,-122.323503230697,"Apartment","Private room",2,1,1,1,"Real Bed","{TV,Internet,""Wireless Internet"",Kitchen,""Free Parking on Premises"",""Indoor Fireplace"",Heating,Washer,Dryer,""Smoke Detector"",""Carbon Monoxide Detector"",""First Aid Kit"",""Safety Card"",""Fire Extinguisher"",Essentials,Shampoo}","$100.00","",0,NA,NA,NA,NA,NA,NA,NA,424
"1116",3379116,"t","Eastlake",47.6471501529829,-122.322739031292,"Cabin","Entire home/apt",8,1,2,4,"Real Bed","{TV,""Cable TV"",Internet,""Wireless Internet"",""Air Conditioning"",Kitchen,""Free Parking on Premises"",""Pets Allowed"",""Indoor Fireplace"",Heating,""Family/Kid Friendly"",""Suitable for Events"",Washer,Dryer,""Smoke Detector"",""Carbon Monoxide Detector"",""First Aid Kit"",""Fire Extinguisher"",Essentials,Shampoo}","$300.00","",43,98,10,10,10,9,10,2.7,339
"1117",10272763,"f","Eastlake",47.6384416553742,-122.325125738315,"House","Private room",2,1,1,1,"Real Bed","{TV,Internet,""Wireless Internet"",Kitchen,""Indoor Fireplace"",Heating,Washer,Dryer,""Smoke Detector"",""Carbon Monoxide Detector"",""Fire Extinguisher"",Essentials}","$68.00","$5.00",0,NA,NA,NA,NA,NA,NA,NA,429
"1118",10077121,"f","Eastlake",47.6408122653898,-122.326062497452,"Apartment","Private room",3,1,1,1,"Airbed","{TV,Internet,""Wireless Internet"",Kitchen,""Pets Allowed"",Heating,Washer,Dryer,""Smoke Detector"",""Fire Extinguisher"",Essentials,""24-Hour Check-in"",Hangers,""Hair Dryer"",""Laptop Friendly Workspace""}","$52.00","",0,NA,NA,NA,NA,NA,NA,NA,419
"1119",7536219,"f","Eastlake",47.6421147256463,-122.327222682455,"Apartment","Entire home/apt",2,1,0,1,"Real Bed","{""Wireless Internet"",Kitchen,Heating,Washer,Dryer,""Smoke Detector"",""Carbon Monoxide Detector"",""Fire Extinguisher"",Essentials,Shampoo}","$91.00","$50.00",8,88,8,9,10,10,9,1.53,414
"1120",4688603,"f","Eastlake",47.6412505807983,-122.324087780297,"Apartment","Private room",2,1,1,1,"Real Bed","{Internet,""Wireless Internet"",Kitchen,""Free Parking on Premises"",""Indoor Fireplace"",Heating,Washer,Dryer,""Smoke Detector"",""Carbon Monoxide Detector"",""Fire Extinguisher"",Essentials}","$59.00","",2,90,10,10,10,9,9,0.17,416
"1121",7936877,"f","Eastlake",47.6464879503799,-122.325890906603,"Apartment","Entire home/apt",2,1,0,1,"Real Bed","{TV,""Wireless Internet"",Kitchen,Gym,""Elevator in Building"",Washer,Dryer,""Smoke Detector"",""Fire Extinguisher"",Essentials}","$129.00","$50.00",0,NA,NA,NA,NA,NA,NA,NA,375
"1122",3627658,"f","Eastlake",47.6453871806652,-122.323781610655,"Apartment","Entire home/apt",3,1,1,1,"Real Bed","{TV,""Cable TV"",""Wireless Internet"",Kitchen,Heating,""Smoke Detector""}","$125.00","$10.00",9,87,9,8,9,9,8,0.51,379
"1123",6363779,"f","Eastlake",47.6375449577929,-122.327392183818,"Apartment","Private room",2,1,1,1,"Real Bed","{TV,""Cable TV"",Internet,""Wireless Internet"",Kitchen,""Pets Allowed"",Breakfast,""Pets live on this property"",Dog(s),""Buzzer/Wireless Intercom"",Heating,""Family/Kid Friendly"",Washer,Dryer,""Smoke Detector"",""Carbon Monoxide Detector"",""First Aid Kit"",""Safety Card"",""Fire Extinguisher"",Essentials,Shampoo}","$195.00","$25.00",2,90,7,10,10,10,10,0.29,440
"1124",2693137,"f","Eastlake",47.6361198639213,-122.32433593961,"Apartment","Private room",2,1,1,1,"Real Bed","{TV,""Wireless Internet"",Kitchen,""Free Parking on Premises"",""Pets live on this property"",Dog(s),Cat(s),Heating,""Family/Kid Friendly"",Dryer,Essentials}","$58.00","$5.00",89,89,9,10,10,9,9,4.71,453
"1125",7697340,"f","Eastlake",47.640324382543,-122.323167565749,"House","Entire home/apt",8,2.5,3,3,"Real Bed","{TV,""Cable TV"",Internet,""Wireless Internet"",Kitchen,""Free Parking on Premises"",""Indoor Fireplace"",Heating,""Family/Kid Friendly"",Washer,Dryer,""Smoke Detector"",Essentials,Shampoo}","$600.00","$145.00",2,60,10,10,8,8,6,0.43,425
"1126",5707514,"f","Eastlake",47.6486279201066,-122.324220524039,"Apartment","Entire home/apt",2,1,1,1,"Real Bed","{Internet,""Wireless Internet"",Kitchen,Heating,""Family/Kid Friendly"",Washer,Dryer,""Smoke Detector"",""Carbon Monoxide Detector"",""First Aid Kit"",""Fire Extinguisher""}","$89.00","$35.00",0,NA,NA,NA,NA,NA,NA,NA,326
"1127",7844444,"f","Eastlake",47.6387494521967,-122.32704747692,"Apartment","Entire home/apt",4,1,0,2,"Real Bed","{Kitchen,Heating,""Smoke Detector"",""Carbon Monoxide Detector"",Essentials}","$100.00","",6,73,6,9,9,9,7,1.3,429
"1128",7481498,"f","Eastlake",47.6367299543208,-122.323799358526,"Apartment","Entire home/apt",3,1,2,2,"Real Bed","{TV,""Wireless Internet"",""Air Conditioning"",Kitchen,""Free Parking on Premises"",Heating,Washer,Dryer,""Smoke Detector"",""Carbon Monoxide Detector"",Essentials,Shampoo}","$125.00","$50.00",11,96,10,10,10,9,10,2.01,441
"1129",535300,"f","Eastlake",47.6409735593641,-122.328573053126,"Apartment","Private room",2,1,1,1,"Real Bed","{TV,""Cable TV"",""Wireless Internet"",""Free Parking on Premises"",""Pets Allowed"",""Pets live on this property"",Dog(s),Cat(s),Heating,Washer,Dryer,Essentials,Shampoo}","$82.00","$30.00",115,92,9,10,10,10,9,2.68,415
"1130",68508,"f","Eastlake",47.6366744003585,-122.323155038535,"Apartment","Entire home/apt",4,1,2,2,"Couch","{""Cable TV"",Internet,""Wireless Internet"",""Air Conditioning"",Kitchen,""Free Parking on Premises"",""Pets Allowed"",""Pets live on this property"",""Indoor Fireplace"",Heating,Washer,Dryer,""Smoke Detector"",""Fire Extinguisher""}","$225.00","$150.00",0,NA,NA,NA,NA,NA,NA,NA,440
"1131",8294379,"f","Eastlake",47.6361811061378,-122.326637860244,"Apartment","Private room",2,1,1,1,"Real Bed","{Internet,""Wireless Internet"",Kitchen,""Free Parking on Premises"",""Indoor Fireplace"",Heating,Washer,Dryer,""Smoke Detector"",""Carbon Monoxide Detector"",""First Aid Kit"",""Safety Card"",""Fire Extinguisher"",Essentials}","$55.00","",4,100,10,10,10,10,10,2.07,456
"1132",9137487,"f","Eastlake",47.6355091915116,-122.32541187639,"Apartment","Private room",2,1,1,1,"Real Bed","{TV,Internet,""Wireless Internet"",Kitchen,""Elevator in Building"",Heating,Washer,Dryer,""Smoke Detector"",""Carbon Monoxide Detector"",Essentials,Iron,""Laptop Friendly Workspace""}","$90.00","$35.00",0,NA,NA,NA,NA,NA,NA,NA,465
"1133",4481979,"f","Eastlake",47.6442552529616,-122.326172228741,"Apartment","Entire home/apt",2,1,1,1,"Real Bed","{TV,""Cable TV"",Internet,""Wireless Internet"",Kitchen,""Pets Allowed"",Heating,""Family/Kid Friendly"",Washer,Dryer,""Smoke Detector"",""Carbon Monoxide Detector"",""Fire Extinguisher"",Essentials,Shampoo}","$134.00","$79.00",6,100,10,10,10,10,10,0.44,394
"1134",5353512,"f","Eastlake",47.6416653709604,-122.324645423765,"Apartment","Private room",2,1,1,1,"Airbed","{TV,Internet,""Wireless Internet"",Kitchen,""Free Parking on Premises"",""Pets Allowed"",Breakfast,""Pets live on this property"",Dog(s),Cat(s),""Indoor Fireplace"",Heating,""Family/Kid Friendly"",""Smoke Detector"",""Carbon Monoxide Detector"",""First Aid Kit"",""Safety Card"",""Fire Extinguisher"",Essentials,Shampoo}","$42.00","",4,75,7,8,9,7,7,3.08,413
"1135",244499,"f","Eastlake",47.6468798620529,-122.324173567871,"Apartment","Entire home/apt",2,1,1,1,"Real Bed","{Internet,""Wireless Internet"",Kitchen,Heating,Washer,Dryer,""First Aid Kit"",Essentials,Shampoo}","$125.00","$40.00",34,96,10,10,10,10,10,0.83,352
"1136",3316219,"f","Eastlake",47.6384544897399,-122.323381847399,"House","Entire home/apt",6,1,2,2,"Real Bed","{Internet,""Wireless Internet"",Kitchen,""Free Parking on Premises"",""Pets Allowed"",Heating,""Family/Kid Friendly"",""Smoke Detector"",""Carbon Monoxide Detector"",""First Aid Kit"",""Safety Card"",""Fire Extinguisher"",Essentials,Shampoo}","$115.00","$40.00",106,77,8,9,9,8,8,5.99,431
"1137",6613601,"f","South Lake Union",47.6190715589186,-122.347798811653,"Apartment","Entire home/apt",3,1,1,1,"Real Bed","{TV,Internet,""Wireless Internet"",Kitchen,Gym,""Elevator in Building"",""Indoor Fireplace"",Heating,Washer,Dryer,""Smoke Detector"",""Carbon Monoxide Detector"",Essentials}","$125.00","$20.00",9,98,10,10,10,10,10,1.32,425
"1138",7833113,"f","South Lake Union",47.6238614683308,-122.342263099875,"Apartment","Private room",2,1,1,1,"Real Bed","{TV,""Wireless Internet"",Kitchen,""Free Parking on Premises"",""Pets live on this property"",Heating,Washer,Dryer,""Smoke Detector"",""Carbon Monoxide Detector"",Essentials}","$55.00","$10.00",16,96,10,10,10,10,10,3.64,435
"1139",7439802,"f","South Lake Union",47.6208624976587,-122.33896607982,"Apartment","Entire home/apt",6,2,2,3,"Real Bed","{TV,""Cable TV"",Internet,""Wireless Internet"",""Air Conditioning"",""Wheelchair Accessible"",Kitchen,""Pets Allowed"",""Elevator in Building"",""Buzzer/Wireless Intercom"",Heating,""Family/Kid Friendly"",""Suitable for Events"",Washer,Dryer,""Smoke Detector"",""Carbon Monoxide Detector"",""First Aid Kit"",""Safety Card"",""Fire Extinguisher"",Essentials,Shampoo}","$550.00","$55.00",7,100,10,10,10,10,10,1.86,438
"1140",10135378,"f","South Lake Union",47.6344932341514,-122.325847317806,"Apartment","Entire home/apt",2,1,1,1,"Real Bed","{TV,""Cable TV"",Internet,""Wireless Internet"",""Air Conditioning"",Kitchen,""Free Parking on Premises"",""Pets live on this property"",Dog(s),Cat(s),Heating,Washer,Dryer,""Smoke Detector"",""Carbon Monoxide Detector"",""Fire Extinguisher"",Essentials,Shampoo,""Hair Dryer"",Iron,""Laptop Friendly Workspace""}","$90.00","$40.00",0,NA,NA,NA,NA,NA,NA,NA,487
"1141",9330174,"f","South Lake Union",47.6192055364209,-122.332029596661,"Apartment","Entire home/apt",3,1,1,1,"Real Bed","{TV,""Cable TV"",Internet,""Wireless Internet"",""Wheelchair Accessible"",Kitchen,Gym,""Elevator in Building"",""Buzzer/Wireless Intercom"",Heating,Washer,Dryer,""Smoke Detector"",Essentials,Shampoo}","$100.00","",3,100,10,10,10,10,10,1.8,434
"1142",9597415,"f","South Lake Union",47.6239887361597,-122.332166155366,"Loft","Entire home/apt",2,1,1,1,"Real Bed","{TV,Internet,""Wireless Internet"",""Air Conditioning"",Kitchen,""Free Parking on Premises"",Gym,""Elevator in Building"",""Indoor Fireplace"",""Buzzer/Wireless Intercom"",Heating,Washer,Dryer,""Smoke Detector"",""Carbon Monoxide Detector"",""First Aid Kit"",""Safety Card"",""Fire Extinguisher"",Essentials,Shampoo,""24-Hour Check-in"",Iron,""Laptop Friendly Workspace""}","$95.00","",0,NA,NA,NA,NA,NA,NA,NA,452
"1143",8831088,"f","South Lake Union",47.6233020157278,-122.331969113037,"Apartment","Entire home/apt",4,1,1,2,"Real Bed","{TV,Internet,""Wireless Internet"",Kitchen,Gym,""Elevator in Building"",Heating,Washer,Dryer,""Smoke Detector"",Essentials}","$110.00","$15.00",0,NA,NA,NA,NA,NA,NA,NA,449
"1144",7401671,"f","South Lake Union",47.6344345387704,-122.32415734647,"Apartment","Entire home/apt",2,1,0,1,"Real Bed","{""Wireless Internet"",Kitchen,""Pets live on this property"",Cat(s),""Smoke Detector"",Essentials}","$80.00","$10.00",15,82,8,10,10,9,8,2.66,488
"1145",5330475,"f","South Lake Union",47.626675172784,-122.34290562125,"Apartment","Private room",4,2,1,1,"Real Bed","{TV,""Wireless Internet"",""Air Conditioning"",""Wheelchair Accessible"",Kitchen,""Free Parking on Premises"",""Pets Allowed"",Gym,""Elevator in Building"",""Indoor Fireplace"",""Buzzer/Wireless Intercom"",Heating,""Family/Kid Friendly"",""Suitable for Events"",Washer,Dryer,""Smoke Detector"",""Carbon Monoxide Detector"",Essentials,Shampoo}","$100.00","$25.00",2,100,9,10,10,10,10,0.61,448
"1146",8067001,"f","South Lake Union",47.6197069806035,-122.336997180408,"Apartment","Entire home/apt",2,1,0,1,"Real Bed","{TV,Internet,""Wireless Internet"",""Air Conditioning"",Kitchen,Gym,""Elevator in Building"",""Buzzer/Wireless Intercom"",Heating,Washer,Dryer,""Smoke Detector"",""Carbon Monoxide Detector""}","$90.00","",1,100,10,10,10,10,10,0.45,434
"1147",8829089,"t","South Lake Union",47.6199168478802,-122.346108412239,"Apartment","Shared room",1,2,1,1,"Real Bed","{TV,""Cable TV"",""Wireless Internet"",Kitchen,""Elevator in Building"",""Indoor Fireplace"",Heating,Washer,Dryer,Hangers,""Laptop Friendly Workspace""}","$100.00","",0,NA,NA,NA,NA,NA,NA,NA,426
"1148",8814555,"f","South Lake Union",47.6203623298128,-122.344629125416,"Condominium","Entire home/apt",2,1.5,1,1,"Real Bed","{TV,""Cable TV"",Internet,""Wireless Internet"",""Air Conditioning"",Kitchen,Gym,""Elevator in Building"",Heating,Washer,Dryer,""Smoke Detector"",""Carbon Monoxide Detector"",""Fire Extinguisher"",Essentials,Shampoo}","$88.00","$100.00",0,NA,NA,NA,NA,NA,NA,NA,425
"1149",6852288,"f","South Lake Union",47.6286668045004,-122.328545622404,"Apartment","Private room",2,1,1,1,"Real Bed","{Internet,""Wireless Internet"",Kitchen,""Elevator in Building"",""Buzzer/Wireless Intercom"",Heating,Washer,Dryer,""Smoke Detector"",""Carbon Monoxide Detector"",""Fire Extinguisher"",Essentials,Shampoo}","$59.00","$40.00",14,85,8,10,9,10,9,2.37,495
"1150",6913706,"t","South Lake Union",47.6201350802327,-122.33701934447,"Apartment","Entire home/apt",4,1,1,1,"Real Bed","{TV,Internet,""Wireless Internet"",""Air Conditioning"",""Wheelchair Accessible"",Kitchen,Gym,""Elevator in Building"",""Buzzer/Wireless Intercom"",Heating,""Family/Kid Friendly"",Washer,Dryer,""Smoke Detector"",""Carbon Monoxide Detector"",""First Aid Kit"",""Safety Card"",""Fire Extinguisher"",Essentials,Shampoo,""24-Hour Check-in"",Hangers,""Hair Dryer"",Iron,""Laptop Friendly Workspace""}","$183.00","$60.00",20,96,10,10,10,10,9,3.11,435
"1151",2387265,"f","South Lake Union",47.6199835249796,-122.333889769075,"Apartment","Entire home/apt",2,1,0,1,"Real Bed","{Internet,""Wireless Internet"",""Air Conditioning"",Kitchen,Gym,""Elevator in Building"",""Buzzer/Wireless Intercom"",Heating,Washer,Dryer,""Smoke Detector"",""Carbon Monoxide Detector""}","$135.00","$25.00",0,NA,NA,NA,NA,NA,NA,NA,439
"1152",48319,"f","South Lake Union",47.6197479261338,-122.339130987082,"Apartment","Entire home/apt",2,1,1,1,"Real Bed","{TV,""Cable TV"",Internet,""Wireless Internet"",""Air Conditioning"",Kitchen,""Free Parking on Premises"",Gym,""Elevator in Building"",""Indoor Fireplace"",Heating,""Family/Kid Friendly"",""Suitable for Events"",Washer,Dryer}","$220.00","$40.00",21,96,9,9,9,9,9,0.38,434
"1153",9885225,"t","South Lake Union",47.6199440893785,-122.338551518818,"Apartment","Entire home/apt",3,1,1,1,"Real Bed","{Internet,""Wireless Internet"",""Air Conditioning"",""Wheelchair Accessible"",Kitchen,""Free Parking on Premises"",Doorman,Gym,""Elevator in Building"",""Hot Tub"",""Buzzer/Wireless Intercom"",Heating,""Family/Kid Friendly"",Dryer,""Smoke Detector"",""Carbon Monoxide Detector"",""First Aid Kit"",""Safety Card"",""Fire Extinguisher"",Essentials,Shampoo,""24-Hour Check-in"",Hangers,""Hair Dryer"",Iron,""Laptop Friendly Workspace""}","$183.00","$60.00",0,NA,NA,NA,NA,NA,NA,NA,435
"1154",8083242,"f","South Lake Union",47.6236622651154,-122.333292575428,"Apartment","Private room",2,1,1,1,"Real Bed","{TV,Internet,""Wireless Internet"",""Air Conditioning"",Kitchen,Heating,""Family/Kid Friendly"",Washer,Dryer,""Smoke Detector"",""Carbon Monoxide Detector"",""First Aid Kit"",""Safety Card"",""Fire Extinguisher"",Essentials}","$115.00","$50.00",3,73,5,10,10,7,6,0.8,448
"1155",8704964,"f","South Lake Union",47.6254723222835,-122.337478904173,"Camper/RV","Shared room",4,1,1,4,"Real Bed","{Kitchen,""Smoking Allowed"",""Pets Allowed"",Doorman,Breakfast,""Pets live on this property"",Dog(s),""Suitable for Events"",""First Aid Kit"",""Safety Card"",""Fire Extinguisher"",Essentials}","$100.00","",0,NA,NA,NA,NA,NA,NA,NA,457
"1156",6990477,"t","South Lake Union",47.6197180592466,-122.337204675073,"Apartment","Entire home/apt",3,1,1,1,"Real Bed","{TV,Internet,""Wireless Internet"",""Air Conditioning"",""Wheelchair Accessible"",Kitchen,Gym,""Elevator in Building"",""Buzzer/Wireless Intercom"",Heating,""Family/Kid Friendly"",Washer,Dryer,""Smoke Detector"",""Carbon Monoxide Detector"",""First Aid Kit"",""Safety Card"",""Fire Extinguisher"",Essentials,Shampoo,""24-Hour Check-in"",Hangers,""Hair Dryer"",Iron,""Laptop Friendly Workspace""}","$183.00","$60.00",26,98,10,10,10,10,10,4.24,434
"1157",117862,"f","South Lake Union",47.6215102488233,-122.328786674167,"Apartment","Entire home/apt",2,1,1,1,"Real Bed","{TV,""Cable TV"",Internet,""Wireless Internet"",""Wheelchair Accessible"",Kitchen,""Free Parking on Premises"",""Elevator in Building"",Heating,Washer,Dryer,Essentials,Shampoo}","$115.00","$50.00",19,98,9,10,10,10,9,0.34,442
"1158",7777219,"f","South Lake Union",47.6217565587836,-122.329696257229,"Apartment","Private room",2,1,1,1,"Real Bed","{TV,Internet,""Wireless Internet"",""Air Conditioning"",Kitchen,""Elevator in Building"",""Buzzer/Wireless Intercom"",Washer,Dryer,""Smoke Detector"",Essentials}","$75.00","$25.00",4,90,10,10,9,10,9,0.83,443
"1159",7203765,"f","South Lake Union",47.6208902031474,-122.330359129901,"Apartment","Entire home/apt",2,1,0,1,"Real Bed","{Internet,""Wireless Internet"",Kitchen,Gym,""Elevator in Building"",""Buzzer/Wireless Intercom"",Heating,Washer,Dryer,""Smoke Detector"",Essentials,Shampoo,Hangers,""Hair Dryer""}","$110.00","$50.00",1,80,6,10,10,8,10,0.2,441
"1160",7840228,"t","South Lake Union",47.6202793941735,-122.339214672991,"Apartment","Entire home/apt",3,1,1,1,"Real Bed","{TV,Internet,""Wireless Internet"",""Air Conditioning"",""Wheelchair Accessible"",Kitchen,Doorman,Gym,""Elevator in Building"",""Buzzer/Wireless Intercom"",Heating,""Family/Kid Friendly"",Washer,Dryer,""Smoke Detector"",""Carbon Monoxide Detector"",""First Aid Kit"",""Safety Card"",""Fire Extinguisher"",Essentials,Shampoo,""24-Hour Check-in"",Hangers,""Hair Dryer"",Iron,""Laptop Friendly Workspace""}","$183.00","$60.00",6,100,10,10,10,10,9,1.27,436
"1161",7438635,"f","South Lake Union",47.6209678940515,-122.33777435739,"Apartment","Private room",2,1,1,1,"Real Bed","{TV,""Cable TV"",Internet,""Wireless Internet"",""Air Conditioning"",""Wheelchair Accessible"",Kitchen,""Pets Allowed"",""Elevator in Building"",""Buzzer/Wireless Intercom"",Heating,""Family/Kid Friendly"",""Suitable for Events"",Washer,Dryer,""Smoke Detector"",""Carbon Monoxide Detector"",""First Aid Kit"",""Safety Card"",""Fire Extinguisher"",Essentials,Shampoo}","$220.00","$55.00",12,100,10,10,10,10,10,2.4,441
"1162",9389755,"f","South Lake Union",47.6193017975263,-122.344361311578,"Condominium","Entire home/apt",3,1,1,1,"Real Bed","{TV,""Cable TV"",Internet,""Wireless Internet"",""Air Conditioning"",""Wheelchair Accessible"",Kitchen,""Free Parking on Premises"",Gym,""Elevator in Building"",Heating,""Family/Kid Friendly"",""Suitable for Events"",Washer,Dryer,""Smoke Detector"",Essentials}","$119.00","$60.00",3,93,9,10,10,10,10,2.37,424
"1163",9151865,"f","South Lake Union",47.6214703485781,-122.331074300909,"Apartment","Private room",2,1,1,1,"Real Bed","{Internet,""Wireless Internet"",Kitchen,Gym,""Elevator in Building"",""Buzzer/Wireless Intercom"",Heating,Washer,Dryer,""Smoke Detector"",Shampoo,Hangers,""Hair Dryer"",Iron}","$75.00","$25.00",1,40,10,10,10,10,4,1,444
"1164",7204672,"f","Lawton Park",47.6594703804382,-122.401873370724,"House","Entire home/apt",6,2.5,3,3,"Real Bed","{TV,""Cable TV"",Internet,""Wireless Internet"",Kitchen,""Free Parking on Premises"",Heating,""Family/Kid Friendly"",Washer,Dryer,""Smoke Detector"",""Carbon Monoxide Detector"",""Fire Extinguisher"",Essentials,Shampoo}","$200.00","$75.00",2,90,9,10,10,10,9,0.43,75
"1165",5579427,"f","Lawton Park",47.6542113375204,-122.408388807494,"House","Entire home/apt",7,2,3,3,"Real Bed","{TV,""Cable TV"",Internet,""Wireless Internet"",Kitchen,""Free Parking on Premises"",""Indoor Fireplace"",Heating,""Family/Kid Friendly"",Washer,Dryer,""Smoke Detector"",""Carbon Monoxide Detector"",""First Aid Kit"",""Safety Card"",""Fire Extinguisher"",Essentials,Shampoo}","$229.00","$150.00",4,100,10,10,10,10,10,0.74,63
"1166",6734621,"t","Lawton Park",47.6510314541417,-122.385003830724,"Townhouse","Entire home/apt",10,3.5,3,5,"Real Bed","{TV,Internet,""Wireless Internet"",Kitchen,""Free Parking on Premises"",""Indoor Fireplace"",Heating,""Family/Kid Friendly"",Washer,Dryer,""Smoke Detector"",""Carbon Monoxide Detector"",""First Aid Kit"",""Fire Extinguisher"",Essentials,Shampoo,""24-Hour Check-in"",Hangers,""Hair Dryer"",Iron,""Laptop Friendly Workspace""}","$333.00","$130.00",29,94,10,10,10,9,10,4.24,127
"1167",2263643,"f","Lawton Park",47.6591213322584,-122.402265399734,"Apartment","Private room",1,1,1,1,"Real Bed","{""Wireless Internet"",Kitchen,Gym,Breakfast,""Elevator in Building"",Heating,Washer,Dryer,""Smoke Detector"",""Carbon Monoxide Detector""}","$41.00","$10.00",57,89,9,9,10,9,9,3.01,75
"1168",4608208,"t","Lawton Park",47.6640353115824,-122.403750135978,"House","Private room",2,1,1,1,"Real Bed","{""Wireless Internet"",""Free Parking on Premises"",""Pets live on this property"",Cat(s),Heating,""Smoke Detector"",""Carbon Monoxide Detector"",""First Aid Kit"",Shampoo}","$70.00","",39,98,10,10,10,10,10,3.03,71
"1169",9999955,"f","Lawton Park",47.6515706081537,-122.383719130383,"House","Private room",1,1,1,1,"Real Bed","{Internet,""Wireless Internet"",Kitchen,""Hot Tub"",""Indoor Fireplace"",Heating,Washer,Dryer,""Smoke Detector"",""Carbon Monoxide Detector"",""Lock on Bedroom Door"",""24-Hour Check-in"",""Laptop Friendly Workspace""}","$55.00","$20.00",0,NA,NA,NA,NA,NA,NA,NA,129
"1170",3528627,"f","Lawton Park",47.6598299803279,-122.402738376792,"Apartment","Private room",2,1,1,2,"Real Bed","{Internet,""Wireless Internet"",Kitchen,""Free Parking on Premises"",""Pets Allowed"",Breakfast,""Pets live on this property"",Dog(s),""Indoor Fireplace"",""Buzzer/Wireless Intercom"",Heating,""Family/Kid Friendly"",Washer,Dryer,""Smoke Detector"",Shampoo}","$70.00","",20,86,8,9,9,9,8,1.11,74
"1171",8048333,"t","Lawton Park",47.6539803103275,-122.395547486458,"House","Entire home/apt",4,1,1,2,"Real Bed","{TV,""Cable TV"",Internet,""Wireless Internet"",Kitchen,""Free Parking on Premises"",""Pets live on this property"",Dog(s),""Buzzer/Wireless Intercom"",Heating,""Family/Kid Friendly"",""Smoke Detector"",""Carbon Monoxide Detector"",""First Aid Kit"",""Safety Card"",""Fire Extinguisher"",Essentials,Shampoo,""24-Hour Check-in"",Hangers,""Hair Dryer"",Iron,""Laptop Friendly Workspace""}","$97.00","$120.00",0,NA,NA,NA,NA,NA,NA,NA,95
"1172",8050642,"t","Lawton Park",47.6506181218269,-122.403119774664,"House","Entire home/apt",12,3.5,5,7,"Real Bed","{TV,""Cable TV"",""Wireless Internet"",""Air Conditioning"",Kitchen,""Indoor Fireplace"",Heating,""Family/Kid Friendly"",Washer,Dryer,""Smoke Detector"",Essentials,Shampoo}","$350.00","$250.00",3,100,9,9,10,9,10,0.75,78
"1173",7329805,"f","Lawton Park",47.6489920488481,-122.397111998623,"House","Entire home/apt",6,1,2,4,"Real Bed","{TV,""Cable TV"",Internet,""Wireless Internet"",Kitchen,""Free Parking on Premises"",Breakfast,Heating,""Family/Kid Friendly"",Washer,Dryer,""Smoke Detector"",""Carbon Monoxide Detector"",""First Aid Kit"",""Fire Extinguisher"",Essentials}","$200.00","$100.00",7,94,10,10,10,9,10,1.54,88
"1174",6848455,"f","Lawton Park",47.6495004581747,-122.383963542261,"Townhouse","Entire home/apt",5,2.5,3,3,"Real Bed","{TV,""Cable TV"",Internet,""Wireless Internet"",""Air Conditioning"",Kitchen,""Free Parking on Premises"",Heating,""Family/Kid Friendly"",Washer,Dryer,""Smoke Detector"",""Carbon Monoxide Detector"",Essentials}","$225.00","$100.00",9,98,10,10,10,10,10,1.33,136
"1175",9695233,"f","Lawton Park",47.6505888870384,-122.391016302433,"Apartment","Entire home/apt",4,1,1,2,"Real Bed","{TV,Internet,""Wireless Internet"",""Air Conditioning"",""Wheelchair Accessible"",Kitchen,""Smoking Allowed"",Gym,""Elevator in Building"",""Hot Tub"",""Buzzer/Wireless Intercom"",Heating,""Family/Kid Friendly"",Washer,Dryer,""Smoke Detector"",""First Aid Kit"",""Fire Extinguisher"",Essentials,Shampoo}","$115.00","",0,NA,NA,NA,NA,NA,NA,NA,108
"1176",5164581,"f","Lawton Park",47.6498747899755,-122.383561177273,"House","Private room",2,1,1,1,"Real Bed","{""Wireless Internet"",Kitchen,""Pets live on this property"",Heating,Washer,Dryer,""Smoke Detector"",""Carbon Monoxide Detector"",Essentials,Shampoo}","$40.00","$8.00",58,94,9,10,10,9,10,5.26,136
"1177",2208757,"f","Lawton Park",47.6495002947884,-122.382763205167,"Townhouse","Entire home/apt",8,2.5,3,3,"Real Bed","{TV,Internet,""Wireless Internet"",Kitchen,""Free Parking on Premises"",Heating,""Family/Kid Friendly"",Washer,Dryer,Essentials,Shampoo,""24-Hour Check-in"",Hangers,""Hair Dryer"",""Laptop Friendly Workspace""}","$150.00","$50.00",0,NA,NA,NA,NA,NA,NA,NA,142
"1178",226536,"f","Lawton Park",47.6611973365982,-122.401445522942,"House","Private room",2,1,1,1,"Real Bed","{TV,""Cable TV"",Internet,""Wireless Internet"",Kitchen,""Free Parking on Premises"",""Pets live on this property"",Dog(s),Cat(s),Heating,Washer,Dryer,""Smoke Detector"",""First Aid Kit"",""Fire Extinguisher""}","$46.00","$20.00",25,91,9,10,10,9,9,0.5,79
"1179",176678,"f","Lawton Park",47.6522157894786,-122.385480960412,"House","Private room",2,1,1,1,"Real Bed","{TV,Internet,""Wireless Internet"",""Free Parking on Premises"",Heating,""Family/Kid Friendly"",""Smoke Detector"",Essentials,Shampoo,""24-Hour Check-in"",Hangers,""Hair Dryer""}","$64.00","",57,97,10,10,10,9,10,1.25,124
"1180",7050534,"f","Lawton Park",47.6524383043659,-122.389698499297,"Apartment","Entire home/apt",2,1,1,1,"Real Bed","{TV,Internet,""Wireless Internet"",Kitchen,""Free Parking on Premises"",""Pets Allowed"",Gym,""Pets live on this property"",Dog(s),""Elevator in Building"",""Hot Tub"",""Buzzer/Wireless Intercom"",Heating,""Family/Kid Friendly"",""Smoke Detector"",""Carbon Monoxide Detector"",Essentials,Shampoo}","$125.00","$15.00",3,100,10,10,10,10,10,0.49,111
"1181",8248970,"f","Lawton Park",47.6579501769735,-122.398154556093,"House","Entire home/apt",6,2,3,4,"Real Bed","{TV,""Cable TV"",Internet,""Wireless Internet"",""Wheelchair Accessible"",Kitchen,""Free Parking on Premises"",Heating,""Family/Kid Friendly"",Washer,Dryer,""Smoke Detector"",""First Aid Kit"",""Fire Extinguisher"",Essentials,Shampoo}","$250.00","$75.00",2,100,10,10,10,10,10,0.64,93
"1182",4824699,"f","Lawton Park",47.6544028671708,-122.393590879455,"House","Entire home/apt",4,1,0,2,"Real Bed","{Internet,""Wireless Internet"",Kitchen,""Free Parking on Premises"",Breakfast,""Indoor Fireplace"",Heating,Washer,Dryer,""Smoke Detector"",""Carbon Monoxide Detector"",""First Aid Kit"",""Fire Extinguisher"",Essentials,Shampoo,Hangers,""Hair Dryer"",Iron,""Laptop Friendly Workspace""}","$147.00","$25.00",0,NA,NA,NA,NA,NA,NA,NA,101
"1183",3876097,"f","Lawton Park",47.6584262641068,-122.402298150602,"Bed & Breakfast","Shared room",1,1,1,1,"Couch","{Internet,""Wireless Internet"",Kitchen,Breakfast,""Elevator in Building"",Heating,Washer,Dryer,""Smoke Detector"",""Carbon Monoxide Detector"",""First Aid Kit"",Essentials}","$30.00","$10.00",16,97,9,10,10,10,9,0.95,74
"1184",1260259,"t","Lawton Park",47.6605638294719,-122.401863995705,"House","Entire home/apt",3,1,1,1,"Real Bed","{""Wireless Internet"",Kitchen,""Free Parking on Premises"",""Pets Allowed"",Heating,Washer,Dryer,""Smoke Detector"",""Fire Extinguisher""}","$150.00","",64,100,10,10,10,10,10,2.08,77
"1185",8443952,"f","Lawton Park",47.649624136844,-122.385530523822,"Townhouse","Private room",2,1,1,1,"Real Bed","{""Wireless Internet"",""Free Parking on Premises"",Washer,Dryer,Essentials,Shampoo}","$78.00","$45.00",0,NA,NA,NA,NA,NA,NA,NA,131
"1186",10068879,"f","Lawton Park",47.65249556967,-122.396354054855,"Bed & Breakfast","Entire home/apt",4,1,1,2,"Real Bed","{TV,""Cable TV"",""Wireless Internet"",""Free Parking on Premises"",Breakfast,Heating,""Family/Kid Friendly"",Washer,Dryer,""Smoke Detector"",""First Aid Kit"",""Safety Card"",""Fire Extinguisher"",Essentials,Shampoo,""24-Hour Check-in"",Hangers,""Hair Dryer"",Iron,""Laptop Friendly Workspace""}","$120.00","$25.00",0,NA,NA,NA,NA,NA,NA,NA,92
"1187",8173487,"f","Lawton Park",47.6537834504424,-122.388130227054,"Condominium","Entire home/apt",5,2,3,2,"Real Bed","{TV,""Cable TV"",Internet,""Wireless Internet"",""Air Conditioning"",Pool,Kitchen,""Free Parking on Premises"",Gym,""Indoor Fireplace"",""Buzzer/Wireless Intercom"",Heating,""Family/Kid Friendly"",Washer,Dryer,""Smoke Detector"",""Carbon Monoxide Detector"",Essentials}","$280.00","$100.00",2,80,10,10,9,10,8,0.5,113
"1188",685600,"f","Lawton Park",47.6551305850085,-122.40781766552,"House","Private room",2,1,1,1,"Real Bed","{TV,""Cable TV"",Internet,""Wireless Internet"",Pool,Kitchen,""Free Parking on Premises"",Breakfast,""Indoor Fireplace"",Heating,Washer,Dryer,""Smoke Detector"",""Carbon Monoxide Detector"",""First Aid Kit"",""Safety Card"",""Fire Extinguisher"",Essentials,Shampoo}","$75.00","$50.00",8,100,9,10,10,10,10,0.47,63
"1189",8483477,"f","Lawton Park",47.6541276438254,-122.38969392762,"Apartment","Entire home/apt",4,1,1,1,"Real Bed","{}","$178.00","",1,60,8,10,10,10,8,0.3,109
"1190",10136155,"f","Lawton Park",47.6486839130185,-122.383788844054,"House","Entire home/apt",8,1,5,5,"Real Bed","{}","$480.00","",0,NA,NA,NA,NA,NA,NA,NA,139
"1191",6959336,"f","Lawton Park",47.6543818735576,-122.409628312683,"House","Entire home/apt",5,1,2,3,"Real Bed","{TV,""Cable TV"",Internet,""Wireless Internet"",Kitchen,""Free Parking on Premises"",""Indoor Fireplace"",Heating,""Family/Kid Friendly"",Washer,Dryer,""Smoke Detector"",""Carbon Monoxide Detector"",""First Aid Kit"",""Safety Card"",""Fire Extinguisher"",Essentials,Shampoo}","$129.00","$100.00",3,73,7,9,9,7,7,0.49,61
"1192",5195064,"f","Lawton Park",47.6508108040059,-122.384694406273,"House","Private room",2,1,1,1,"Real Bed","{""Wireless Internet"",Kitchen,""Pets live on this property"",Heating,""Family/Kid Friendly"",Washer,Dryer,""Smoke Detector"",""Carbon Monoxide Detector"",Essentials,Shampoo}","$50.00","$8.00",64,93,9,10,10,9,9,5.98,129
"1193",9961538,"f","Lawton Park",47.6494428649774,-122.383312435661,"Townhouse","Private room",4,1,1,1,"Real Bed","{""Wireless Internet"",Kitchen,""Pets live on this property"",Cat(s),Heating,""Family/Kid Friendly"",Washer,Dryer,Essentials,Shampoo,""24-Hour Check-in"",Hangers,""Hair Dryer"",""Laptop Friendly Workspace""}","$50.00","$15.00",0,NA,NA,NA,NA,NA,NA,NA,141
"1194",8301680,"f","Briarcliff",47.6536295510328,-122.407604466188,"House","Entire home/apt",5,2,3,3,"Real Bed","{TV,""Cable TV"",Internet,""Wireless Internet"",Kitchen,""Free Parking on Premises"",""Indoor Fireplace"",Heating,""Family/Kid Friendly"",Washer,Dryer,""Smoke Detector"",""Fire Extinguisher"",Essentials}","$175.00","$100.00",1,100,10,10,10,10,10,0.81,63
"1195",492287,"f","Briarcliff",47.6531217630717,-122.409816892102,"House","Private room",2,1,1,1,"Airbed","{TV,""Cable TV"",""Wireless Internet"",""Free Parking on Premises"",Breakfast,""Pets live on this property"",Dog(s),Cat(s),""Hot Tub"",""Indoor Fireplace"",Heating,""Family/Kid Friendly"",""Smoke Detector"",""Carbon Monoxide Detector"",""First Aid Kit"",""Fire Extinguisher"",Essentials,Shampoo}","$88.00","$20.00",71,93,10,10,10,9,10,1.62,58
"1196",8029177,"f","Briarcliff",47.6354361870043,-122.402472302853,"Apartment","Entire home/apt",2,1,1,1,"Real Bed","{TV,""Cable TV"",""Wireless Internet"",Kitchen,""Free Parking on Premises"",Heating,Washer,Dryer,""Smoke Detector"",""Carbon Monoxide Detector"",Essentials,Shampoo}","$100.00","$30.00",4,85,10,10,10,10,10,0.94,74
"1197",7343707,"f","Briarcliff",47.6460902099563,-122.415847749129,"House","Entire home/apt",5,2,2,2,"Real Bed","{TV,""Cable TV"",Internet,""Wireless Internet"",Kitchen,""Free Parking on Premises"",""Pets Allowed"",""Indoor Fireplace"",Heating,""Family/Kid Friendly"",Washer,Dryer,""Smoke Detector"",""Carbon Monoxide Detector"",""First Aid Kit"",""Fire Extinguisher"",Shampoo}","$225.00","$50.00",14,100,10,10,10,10,10,2.8,43
"1198",8882345,"f","Briarcliff",47.6414568220206,-122.403882986597,"House","Entire home/apt",6,1,2,3,"Real Bed","{TV,""Cable TV"",""Wireless Internet"",Kitchen,""Free Parking on Premises"",Heating,""Family/Kid Friendly"",""Smoke Detector"",""First Aid Kit"",Essentials,Shampoo}","$200.00","$75.00",0,NA,NA,NA,NA,NA,NA,NA,71
"1199",7676574,"f","Briarcliff",47.6401272668899,-122.40273909978,"House","Entire home/apt",6,1.5,2,4,"Real Bed","{TV,""Cable TV"",Internet,""Wireless Internet"",Kitchen,""Free Parking on Premises"",""Pets live on this property"",Cat(s),""Indoor Fireplace"",Heating,""Family/Kid Friendly"",""Suitable for Events"",Washer,Dryer,""Smoke Detector"",""Carbon Monoxide Detector"",""First Aid Kit"",""Fire Extinguisher"",Essentials,Shampoo,""24-Hour Check-in"",Hangers,""Hair Dryer"",""Laptop Friendly Workspace""}","$250.00","$75.00",4,100,10,10,10,10,10,1.05,76
"1200",3354761,"t","Briarcliff",47.6478912931762,-122.408764888859,"Apartment","Entire home/apt",9,1.5,0,4,"Real Bed","{TV,""Cable TV"",Internet,""Wireless Internet"",""Air Conditioning"",""Wheelchair Accessible"",Kitchen,""Free Parking on Premises"",""Pets Allowed"",Heating,""Family/Kid Friendly"",""Suitable for Events"",Washer,Dryer,""Smoke Detector"",""Carbon Monoxide Detector"",""First Aid Kit"",""Fire Extinguisher"",Essentials,Shampoo,Hangers,""Hair Dryer"",Iron,""Laptop Friendly Workspace""}","$95.00","$100.00",9,84,9,10,9,9,7,0.51,62
"1201",3561237,"t","Briarcliff",47.6470902863375,-122.408555282975,"House","Entire home/apt",15,4,4,7,"Real Bed","{TV,""Cable TV"",Internet,""Wireless Internet"",""Air Conditioning"",Kitchen,""Free Parking on Premises"",""Pets live on this property"",Dog(s),Cat(s),""Indoor Fireplace"",Heating,""Family/Kid Friendly"",""Suitable for Events"",Washer,Dryer,""Smoke Detector"",""Carbon Monoxide Detector"",""First Aid Kit"",""Fire Extinguisher"",Essentials,Shampoo,Hangers,""Hair Dryer"",Iron,""Laptop Friendly Workspace""}","$172.00","$150.00",19,97,10,9,10,10,9,1.07,63
"1202",1831338,"f","Briarcliff",47.6502040297341,-122.413881807392,"House","Private room",2,1,1,1,"Futon","{TV,""Cable TV"",Internet,""Wireless Internet"",Kitchen,""Free Parking on Premises"",""Indoor Fireplace"",Heating,""Suitable for Events"",Washer,Dryer,""Smoke Detector"",""Carbon Monoxide Detector"",""Fire Extinguisher""}","$99.00","$15.00",17,79,8,9,9,9,8,0.89,54
"1203",1840671,"f","Briarcliff",47.6489240991816,-122.412714740659,"House","Private room",2,1,1,1,"Futon","{""Cable TV"",""Wireless Internet"",Kitchen,""Free Parking on Premises"",""Indoor Fireplace"",Heating,Washer,Dryer,""Smoke Detector"",""Carbon Monoxide Detector"",""First Aid Kit"",""Fire Extinguisher"",Essentials}","$99.00","$15.00",11,87,8,10,10,10,8,0.61,54
"1204",5559643,"f","Briarcliff",47.6472422832585,-122.404504773358,"House","Entire home/apt",5,1,2,3,"Real Bed","{TV,""Cable TV"",Internet,""Wireless Internet"",Kitchen,""Indoor Fireplace"",Heating,""Family/Kid Friendly"",Washer,Essentials}","$175.00","$95.00",13,93,9,9,10,10,9,1.38,74
"1205",8327083,"t","Briarcliff",47.6516858130237,-122.404573437371,"House","Entire home/apt",12,3.5,5,7,"Real Bed","{TV,""Cable TV"",Internet,""Wireless Internet"",""Air Conditioning"",Kitchen,""Free Parking on Premises"",""Indoor Fireplace"",Heating,""Family/Kid Friendly"",Washer,Dryer,""Smoke Detector"",Essentials,Shampoo}","$350.00","$250.00",1,100,10,10,10,10,10,1,74
"1206",8087037,"f","Briarcliff",47.6526687320252,-122.409296108364,"House","Private room",2,1,1,1,"Real Bed","{TV,""Cable TV"",Internet,""Wireless Internet"",Kitchen,""Free Parking on Premises"",""Indoor Fireplace"",Heating,""Family/Kid Friendly"",Washer,Dryer,""Smoke Detector"",""Carbon Monoxide Detector"",""First Aid Kit"",""Safety Card"",""Fire Extinguisher"",Essentials,Shampoo}","$69.00","$25.00",0,NA,NA,NA,NA,NA,NA,NA,59
"1207",1696015,"f","Briarcliff",47.6314951384031,-122.39543705622,"House","Entire home/apt",10,2,3,3,"Real Bed","{TV,""Cable TV"",Internet,""Wireless Internet"",Kitchen,""Free Parking on Premises"",""Pets Allowed"",""Indoor Fireplace"",Heating,""Family/Kid Friendly"",Washer,Dryer,""Smoke Detector"",""Carbon Monoxide Detector""}","$375.00","$195.00",15,95,9,10,10,10,9,0.67,93
"1208",6855839,"t","Belltown",47.6157024099821,-122.332627040602,"Apartment","Entire home/apt",3,1,1,1,"Real Bed","{TV,""Cable TV"",Internet,""Wireless Internet"",""Air Conditioning"",""Wheelchair Accessible"",Kitchen,Doorman,Gym,""Elevator in Building"",Heating,Washer,Dryer,""Smoke Detector"",""Carbon Monoxide Detector"",Essentials,Shampoo,""24-Hour Check-in"",Hangers,""Hair Dryer"",Iron,""Laptop Friendly Workspace""}","$144.00","$60.00",28,99,10,10,10,10,10,4.18,421
"1209",3345341,"f","Belltown",47.6153786340786,-122.335258803128,"Apartment","Entire home/apt",4,1,1,1,"Real Bed","{Internet,""Wireless Internet"",Kitchen,""Elevator in Building"",""Buzzer/Wireless Intercom"",Heating,""Family/Kid Friendly"",Washer,Dryer,""First Aid Kit"",Essentials,Shampoo}","$999.00","$85.00",54,94,9,10,10,10,9,2.89,422
"1210",4410493,"f","Belltown",47.6157282982315,-122.342253306985,"Apartment","Entire home/apt",6,2,2,3,"Real Bed","{TV,""Cable TV"",Internet,""Wireless Internet"",Kitchen,""Free Parking on Premises"",Gym,""Elevator in Building"",Heating,""Family/Kid Friendly"",Washer,Dryer,""Smoke Detector"",""Carbon Monoxide Detector"",""Fire Extinguisher"",Essentials,Shampoo,""24-Hour Check-in"",Hangers,""Hair Dryer"",Iron,""Laptop Friendly Workspace""}","$138.00","$99.00",10,94,9,9,10,10,9,0.81,423
"1211",19619,"f","Belltown",47.6136155346432,-122.347057814906,"Apartment","Entire home/apt",4,1,1,2,"Real Bed","{TV,""Cable TV"",Internet,""Wireless Internet"",""Air Conditioning"",""Wheelchair Accessible"",Pool,Kitchen,""Free Parking on Premises"",Gym,""Elevator in Building"",""Hot Tub"",""Buzzer/Wireless Intercom"",Heating,""Family/Kid Friendly"",Washer,Dryer,""Smoke Detector"",""Carbon Monoxide Detector"",""Safety Card"",""Fire Extinguisher"",Essentials,Shampoo,Hangers,""Hair Dryer"",Iron,""Laptop Friendly Workspace""}","$145.00","$96.00",17,98,10,9,10,10,9,0.26,403
"1212",7597244,"f","Belltown",47.612973302608,-122.344425520702,"Apartment","Entire home/apt",2,1,1,1,"Real Bed","{TV,""Cable TV"",Internet,""Wireless Internet"",Kitchen,""Elevator in Building"",""Buzzer/Wireless Intercom"",Heating,Washer,Dryer,""Smoke Detector"",""Carbon Monoxide Detector"",""First Aid Kit"",""Safety Card"",""Fire Extinguisher"",Essentials,Shampoo}","$125.00","$40.00",4,95,10,10,10,9,10,2.93,404
"1213",5736082,"f","Belltown",47.6110904327218,-122.348157121897,"Apartment","Shared room",1,1,1,1,"Real Bed","{Internet,""Wireless Internet"",""Air Conditioning"",Pool,Kitchen,Gym,""Elevator in Building"",""Hot Tub"",""Indoor Fireplace"",Heating,Washer,Dryer,""Smoke Detector"",""Carbon Monoxide Detector"",""Fire Extinguisher"",Essentials,Shampoo}","$45.00","$10.00",6,80,9,10,9,10,8,0.78,401
"1214",3697351,"f","Belltown",47.6138137858086,-122.342528697399,"Apartment","Shared room",2,1,1,1,"Futon","{Internet,""Wireless Internet"",""Wheelchair Accessible"",Kitchen,""Elevator in Building"",""Buzzer/Wireless Intercom"",Heating,Washer,Dryer,""Smoke Detector"",""Carbon Monoxide Detector"",""First Aid Kit"",Essentials,""24-Hour Check-in""}","$35.00","",108,87,7,10,10,10,9,6.16,408
"1215",6958436,"f","Belltown",47.6149167688892,-122.34497971984,"Loft","Entire home/apt",4,1,1,2,"Real Bed","{Internet,""Wireless Internet"",Kitchen,""Pets Allowed"",""Family/Kid Friendly"",""Suitable for Events"",Washer,Dryer,""Smoke Detector"",""Carbon Monoxide Detector"",""First Aid Kit"",""Safety Card"",""Fire Extinguisher"",Essentials,Shampoo}","$225.00","$60.00",2,90,5,9,9,10,7,0.39,413
"1216",9652574,"f","Belltown",47.6164458669467,-122.352217754567,"Apartment","Private room",1,1,1,1,"Real Bed","{Internet,""Wireless Internet"",Kitchen,Heating,Washer,Dryer,""Smoke Detector"",""Carbon Monoxide Detector"",""Fire Extinguisher"",Essentials,Shampoo,Hangers,""Laptop Friendly Workspace""}","$50.00","",1,100,10,10,10,10,10,0.81,416
"1217",7109376,"f","Belltown",47.614427454783,-122.349097115246,"Apartment","Entire home/apt",4,1,0,1,"Real Bed","{TV,""Wireless Internet"",""Air Conditioning"",Kitchen,""Free Parking on Premises"",""Hot Tub"",""Family/Kid Friendly"",Washer,Dryer,""Smoke Detector"",""Carbon Monoxide Detector"",""First Aid Kit"",""Fire Extinguisher"",Essentials,Shampoo}","$120.00","$149.00",0,NA,NA,NA,NA,NA,NA,NA,409
"1218",3534364,"f","Belltown",47.612978115824,-122.350976964779,"Apartment","Entire home/apt",2,1,1,1,"Real Bed","{""Wireless Internet"",Kitchen,""Elevator in Building"",""Indoor Fireplace"",Washer,Dryer,Essentials,Shampoo}","$100.00","$25.00",10,89,7,9,9,10,8,0.56,398
"1219",6671901,"f","Belltown",47.613385532522,-122.340065699899,"Apartment","Entire home/apt",5,1,1,2,"Real Bed","{TV,Internet,""Wireless Internet"",Kitchen,""Pets Allowed"",""Buzzer/Wireless Intercom"",Heating,""Family/Kid Friendly"",Washer,Dryer,""Smoke Detector"",""Carbon Monoxide Detector"",""First Aid Kit"",Essentials,Shampoo}","$120.00","$10.00",28,83,9,9,9,10,9,4.02,412
"1220",6370313,"f","Belltown",47.6142941793077,-122.336390259589,"Apartment","Entire home/apt",3,1,1,1,"Real Bed","{TV,""Cable TV"",Internet,""Wireless Internet"",""Air Conditioning"",Pool,Kitchen,Gym,""Elevator in Building"",""Hot Tub"",Heating,""Family/Kid Friendly"",Washer,Dryer,Essentials,Shampoo}","$249.00","$100.00",4,55,7,5,6,10,7,0.9,418
"1221",9863484,"f","Belltown",47.6163869377268,-122.353822146414,"Apartment","Entire home/apt",3,1,0,1,"Real Bed","{TV,""Cable TV"",Internet,""Wireless Internet"",Kitchen,""Pets Allowed"",Heating,""Family/Kid Friendly"",Dryer,""Smoke Detector"",""Carbon Monoxide Detector"",Essentials,Shampoo,""24-Hour Check-in"",Hangers,""Hair Dryer"",Iron,""Laptop Friendly Workspace""}","$95.00","$60.00",2,100,9,10,10,10,10,2,409
"1222",7249631,"t","Belltown",47.6180532912919,-122.337554404666,"Apartment","Entire home/apt",3,1,1,1,"Real Bed","{TV,""Cable TV"",Internet,""Wireless Internet"",""Air Conditioning"",Kitchen,Gym,""Elevator in Building"",Heating,Washer,Dryer,""Smoke Detector"",""Carbon Monoxide Detector"",Essentials,Shampoo,""24-Hour Check-in"",Hangers,""Hair Dryer"",Iron,""Laptop Friendly Workspace""}","$150.00","$60.00",19,97,10,10,10,10,9,3.45,434
"1223",9183838,"f","Belltown",47.6142053972474,-122.343988910493,"Apartment","Entire home/apt",2,1,1,1,"Real Bed","{TV,Internet,""Wireless Internet"",Kitchen,Heating,Washer,Dryer,""Smoke Detector"",""Carbon Monoxide Detector"",Essentials}","$130.00","$61.00",1,20,4,2,2,6,2,1,407
"1224",6222245,"f","Belltown",47.6152289453523,-122.337119610902,"Apartment","Entire home/apt",4,1,0,1,"Real Bed","{""Cable TV"",""Wireless Internet"",""Air Conditioning"",Pool,Kitchen,""Free Parking on Premises"",Gym,""Elevator in Building"",""Hot Tub"",Heating,""Family/Kid Friendly"",""Smoke Detector"",""Carbon Monoxide Detector"",""First Aid Kit"",""Fire Extinguisher"",Essentials,Shampoo}","$130.00","$164.00",2,100,10,9,8,10,7,0.41,421
"1225",10292753,"f","Belltown",47.6148364777402,-122.346833753185,"Condominium","Entire home/apt",4,1,1,2,"Real Bed","{TV,""Cable TV"",Internet,""Wireless Internet"",""Air Conditioning"",""Wheelchair Accessible"",Pool,Kitchen,""Free Parking on Premises"",Gym,""Elevator in Building"",""Hot Tub"",""Buzzer/Wireless Intercom"",Heating,""Family/Kid Friendly"",Washer,Dryer,""Smoke Detector"",""Carbon Monoxide Detector"",""Fire Extinguisher"",Essentials,Shampoo,Hangers,""Hair Dryer"",Iron,""Laptop Friendly Workspace""}","$105.00","$50.00",0,NA,NA,NA,NA,NA,NA,NA,414
"1226",7760836,"f","Belltown",47.6146353031669,-122.345399995513,"Loft","Entire home/apt",6,1,0,3,"Real Bed","{TV,""Cable TV"",Internet,""Wireless Internet"",Kitchen,""Pets Allowed"",""Elevator in Building"",""Buzzer/Wireless Intercom"",Heating,Washer,Dryer,""Smoke Detector"",""Carbon Monoxide Detector"",""First Aid Kit"",Essentials,Shampoo,""24-Hour Check-in"",Hangers,""Hair Dryer"",Iron,""Laptop Friendly Workspace""}","$105.00","$50.00",6,93,9,10,10,10,10,1.5,408
"1227",7324993,"f","Belltown",47.6163207384005,-122.349325001257,"Apartment","Entire home/apt",3,1,1,1,"Real Bed","{TV,Internet,""Wireless Internet"",""Air Conditioning"",Kitchen,Gym,""Elevator in Building"",Heating,Washer,Dryer,""Smoke Detector"",""Carbon Monoxide Detector"",""Fire Extinguisher"",Shampoo}","$175.00","$60.00",12,90,10,10,10,10,9,3.79,419
"1228",5760902,"f","Belltown",47.6157488726789,-122.343652836117,"Apartment","Entire home/apt",3,1,0,2,"Real Bed","{TV,""Cable TV"",Internet,""Wireless Internet"",""Air Conditioning"",Kitchen,Heating,""Smoke Detector"",""Carbon Monoxide Detector"",""Fire Extinguisher"",Essentials,Shampoo,Hangers,""Hair Dryer"",Iron,""Laptop Friendly Workspace""}","$100.00","",54,93,9,10,10,10,9,6.59,416
"1229",7035498,"t","Belltown",47.6149434781572,-122.340678176736,"Apartment","Entire home/apt",2,1,0,1,"Real Bed","{TV,Internet,""Wireless Internet"",""Air Conditioning"",Kitchen,Heating,Washer,Dryer,""Smoke Detector"",""Carbon Monoxide Detector"",""Fire Extinguisher"",Essentials}","$129.00","$61.00",31,98,10,10,10,10,9,5.71,419
"1230",8956631,"f","Belltown",47.6145145062377,-122.340329211543,"Apartment","Entire home/apt",4,1,0,3,"Real Bed","{TV,""Cable TV"",Internet,""Wireless Internet"",""Air Conditioning"",Kitchen,""Hot Tub"",Heating,""Family/Kid Friendly"",Washer,Dryer,""Smoke Detector"",""Carbon Monoxide Detector"",""First Aid Kit"",""Fire Extinguisher"",Essentials,Shampoo}","$90.00","$65.00",13,95,10,10,10,10,10,5.42,416
"1231",6766708,"t","Belltown",47.6153436092668,-122.332741345447,"Condominium","Entire home/apt",6,2.5,2,3,"Real Bed","{TV,Internet,""Wireless Internet"",""Air Conditioning"",Kitchen,Doorman,Gym,""Elevator in Building"",""Buzzer/Wireless Intercom"",Heating,""Family/Kid Friendly"",Washer,Dryer,""Smoke Detector"",""Carbon Monoxide Detector"",""First Aid Kit"",""Safety Card"",""Fire Extinguisher"",Essentials,Shampoo,""24-Hour Check-in"",Hangers,""Hair Dryer"",Iron,""Laptop Friendly Workspace""}","$350.00","$110.00",3,100,10,10,10,10,10,0.45,421
"1232",6992696,"f","Belltown",47.6184793157805,-122.355491446083,"Apartment","Entire home/apt",4,1,2,2,"Real Bed","{TV,""Cable TV"",Internet,""Wireless Internet"",Kitchen,""Pets Allowed"",""Elevator in Building"",""Buzzer/Wireless Intercom"",Heating,Washer,""Smoke Detector"",Essentials}","$199.00","",5,72,6,9,9,9,8,0.84,410
"1233",4264043,"f","Belltown",47.6141191448393,-122.341296562552,"Apartment","Entire home/apt",2,1,0,1,"Real Bed","{Kitchen,Heating,Shampoo}","$75.00","$10.00",76,87,8,9,9,10,9,5.08,414
"1234",6186081,"f","Belltown",47.6139710784193,-122.348218073588,"Condominium","Entire home/apt",4,1,1,2,"Real Bed","{TV,""Cable TV"",""Wireless Internet"",""Air Conditioning"",Pool,Kitchen,""Free Parking on Premises"",Gym,""Elevator in Building"",""Hot Tub"",""Buzzer/Wireless Intercom"",Heating,Washer,Dryer,""Smoke Detector"",""Carbon Monoxide Detector"",Essentials,Shampoo,Hangers,""Hair Dryer"",Iron,""Laptop Friendly Workspace""}","$110.00","$50.00",25,94,9,10,10,10,9,3.75,403
"1235",1472532,"f","Belltown",47.6124248710225,-122.343782630353,"Apartment","Entire home/apt",3,1,1,1,"Real Bed","{TV,Internet,""Wireless Internet"",Kitchen,Gym,""Elevator in Building"",Heating,""Family/Kid Friendly"",Washer,Dryer}","$80.00","$35.00",181,95,10,10,10,10,9,6.22,404
"1236",5900224,"t","Belltown",47.6143070391997,-122.347257868386,"Apartment","Entire home/apt",2,1,0,1,"Real Bed","{TV,""Wireless Internet"",""Air Conditioning"",""Wheelchair Accessible"",Pool,Kitchen,Gym,""Elevator in Building"",""Hot Tub"",""Buzzer/Wireless Intercom"",Heating,""Smoke Detector"",""Carbon Monoxide Detector"",Essentials,Shampoo}","$150.00","$40.00",12,98,10,10,10,10,10,1.46,407
"1237",9374358,"f","Belltown",47.613696307249,-122.342054991588,"Apartment","Entire home/apt",2,1,0,1,"Real Bed","{TV,""Cable TV"",Internet,""Wireless Internet"",Kitchen,""Free Parking on Premises"",""Elevator in Building"",""Buzzer/Wireless Intercom"",Heating,Washer,Dryer,""Smoke Detector"",""Carbon Monoxide Detector"",Essentials,Shampoo,Hangers,Iron,""Laptop Friendly Workspace""}","$95.00","",6,100,10,10,10,10,10,3.6,411
"1238",5874421,"t","Belltown",47.6129050847842,-122.346570717638,"Apartment","Entire home/apt",3,1,1,1,"Real Bed","{TV,Internet,""Wireless Internet"",""Wheelchair Accessible"",Kitchen,Gym,""Elevator in Building"",""Buzzer/Wireless Intercom"",Heating,""Family/Kid Friendly"",Washer,Dryer,""Smoke Detector"",""Carbon Monoxide Detector"",""First Aid Kit"",""Safety Card"",""Fire Extinguisher"",Essentials,Shampoo,""24-Hour Check-in"",Hangers,""Hair Dryer"",Iron,""Laptop Friendly Workspace""}","$139.00","$60.00",39,98,10,10,10,10,10,4.38,402
"1239",8829474,"t","Belltown",47.6172906993084,-122.349600025381,"Apartment","Entire home/apt",3,1,1,1,"Real Bed","{TV,Internet,""Wireless Internet"",""Air Conditioning"",Kitchen,Gym,""Elevator in Building"",""Buzzer/Wireless Intercom"",Heating,""Family/Kid Friendly"",Washer,Dryer,""Smoke Detector"",""Carbon Monoxide Detector"",""First Aid Kit"",""Safety Card"",""Fire Extinguisher"",Essentials,Shampoo,""24-Hour Check-in"",Hangers,""Hair Dryer"",Iron,""Laptop Friendly Workspace""}","$139.00","$60.00",2,100,10,10,10,10,10,0.76,420
"1240",6228474,"f","Belltown",47.6142960737037,-122.347383154368,"Apartment","Entire home/apt",4,1,1,2,"Real Bed","{TV,""Cable TV"",Internet,""Wireless Internet"",""Air Conditioning"",""Wheelchair Accessible"",Pool,Kitchen,""Free Parking on Premises"",Gym,""Elevator in Building"",""Hot Tub"",""Buzzer/Wireless Intercom"",Heating,""Family/Kid Friendly"",Washer,Dryer,""Smoke Detector"",""Carbon Monoxide Detector"",""Fire Extinguisher"",Essentials,Shampoo,Hangers,""Hair Dryer"",Iron}","$275.00","$95.00",3,93,10,9,9,9,8,0.45,407
"1241",4637670,"f","Belltown",47.6160159420515,-122.32951794696,"Apartment","Entire home/apt",2,1,0,1,"Real Bed","{TV,""Wireless Internet"",Kitchen,""Elevator in Building"",Heating,""Smoke Detector"",Essentials}","$135.00","",37,94,10,10,10,9,10,2.78,421
"1242",3995007,"f","Belltown",47.6138396026861,-122.349435028568,"Condominium","Entire home/apt",5,1,1,3,"Real Bed","{TV,""Cable TV"",Internet,""Wireless Internet"",""Wheelchair Accessible"",Kitchen,""Pets Allowed"",Gym,""Elevator in Building"",""Buzzer/Wireless Intercom"",Heating,""Family/Kid Friendly"",""Suitable for Events"",Washer,Dryer,Essentials,Shampoo,""24-Hour Check-in"",Hangers,""Hair Dryer"",Iron,""Laptop Friendly Workspace""}","$128.00","$45.00",67,94,10,10,10,10,9,4.15,402
"1243",19611,"f","Belltown",47.6156113484615,-122.345926727344,"Apartment","Entire home/apt",4,NA,1,2,"Real Bed","{TV,""Cable TV"",Internet,""Wireless Internet"",""Wheelchair Accessible"",Kitchen,""Free Parking on Premises"",Gym,""Elevator in Building"",""Buzzer/Wireless Intercom"",Heating,""Family/Kid Friendly"",Washer,Dryer,""Smoke Detector"",""Carbon Monoxide Detector"",""Safety Card"",""Fire Extinguisher"",Essentials,Shampoo,Hangers,""Hair Dryer"",Iron}","$107.00","$96.00",26,87,9,10,9,9,8,0.37,414
"1244",10076279,"f","Belltown",47.616895556688,-122.346383198464,"Apartment","Entire home/apt",2,1,1,1,"Real Bed","{TV,Internet,""Wireless Internet"",Kitchen,Gym,""Elevator in Building"",Heating,Washer,Dryer,""Smoke Detector"",""Carbon Monoxide Detector"",Essentials,Shampoo,""24-Hour Check-in"",Hangers,""Laptop Friendly Workspace""}","$150.00","",0,NA,NA,NA,NA,NA,NA,NA,421
"1245",1200829,"f","Belltown",47.6148639039515,-122.343985426491,"Apartment","Entire home/apt",4,1,1,2,"Real Bed","{TV,""Cable TV"",Internet,""Wireless Internet"",""Wheelchair Accessible"",Kitchen,""Free Parking on Premises"",Gym,""Elevator in Building"",""Buzzer/Wireless Intercom"",Heating,""Family/Kid Friendly"",Washer,Dryer,""Smoke Detector"",""Carbon Monoxide Detector"",""Safety Card"",""Fire Extinguisher"",Essentials,Shampoo,Hangers,""Hair Dryer"",Iron}","$100.00","$96.00",20,92,9,9,9,9,9,0.71,409
"1246",3673759,"t","Belltown",47.6172486982973,-122.347246127982,"Apartment","Entire home/apt",2,1,1,1,"Real Bed","{TV,Internet,""Wireless Internet"",""Air Conditioning"",Kitchen,""Elevator in Building"",""Buzzer/Wireless Intercom"",Heating,Washer,Dryer,""Smoke Detector"",""Carbon Monoxide Detector"",""First Aid Kit"",""Safety Card"",""Fire Extinguisher"",Essentials,Shampoo}","$100.00","$70.00",61,98,10,10,10,10,10,3.48,423
"1247",206781,"f","Belltown",47.6155122717951,-122.337286019133,"Apartment","Entire home/apt",2,1,1,1,"Real Bed","{TV,""Cable TV"",Internet,""Wireless Internet"",""Air Conditioning"",""Wheelchair Accessible"",Pool,Kitchen,Doorman,Gym,""Elevator in Building"",""Hot Tub"",""Buzzer/Wireless Intercom"",Heating,Washer,Dryer,""Smoke Detector"",""Fire Extinguisher"",Essentials,Shampoo,""24-Hour Check-in"",Hangers,""Hair Dryer"",Iron,""Laptop Friendly Workspace""}","$120.00","$75.00",18,96,9,10,10,10,9,1,420
"1248",988176,"f","Belltown",47.6115755968714,-122.346611569233,"Apartment","Entire home/apt",5,1,0,1,"Real Bed","{TV,Internet,""Wireless Internet"",Kitchen,Gym,""Elevator in Building"",""Buzzer/Wireless Intercom"",Heating,Washer,Dryer,""Smoke Detector"",""Carbon Monoxide Detector"",Essentials,Shampoo}","$125.00","$60.00",121,92,9,10,10,10,9,3.53,403
"1249",3686556,"f","Belltown",47.6177368963954,-122.355519980951,"Apartment","Entire home/apt",2,1,1,1,"Real Bed","{TV,Internet,""Wireless Internet"",Kitchen,""Elevator in Building"",Heating,Washer,Dryer,Essentials}","$120.00","$100.00",18,97,10,10,10,10,9,1.04,413
"1250",2881446,"f","Belltown",47.6154088470747,-122.348619298974,"Apartment","Entire home/apt",4,1,0,2,"Real Bed","{TV,""Cable TV"",Internet,""Wireless Internet"",""Air Conditioning"",Pool,Kitchen,""Free Parking on Premises"",Gym,""Elevator in Building"",""Hot Tub"",""Buzzer/Wireless Intercom"",Heating,""Family/Kid Friendly"",Washer,Dryer,""Smoke Detector"",""Carbon Monoxide Detector"",""First Aid Kit"",""Fire Extinguisher"",Essentials,Shampoo}","$150.00","$149.00",11,90,10,10,10,10,9,0.72,413
"1251",9318853,"f","Belltown",47.6166298426649,-122.350001629724,"Apartment","Entire home/apt",2,1,0,1,"Real Bed","{TV,""Wireless Internet"",Kitchen,Gym,""Elevator in Building"",Heating,Washer,Dryer,""Smoke Detector"",Essentials,Shampoo,""Hair Dryer""}","$129.00","",0,NA,NA,NA,NA,NA,NA,NA,420
"1252",6328150,"f","Belltown",47.6126973486414,-122.341526227058,"Apartment","Entire home/apt",2,1,0,1,"Real Bed","{""Wireless Internet"",Kitchen,""Elevator in Building"",Heating,""Smoke Detector"",Essentials,Shampoo}","$140.00","$50.00",13,92,9,10,10,10,9,1.73,410
"1253",2154617,"t","Belltown",47.6140646877299,-122.349224567065,"Apartment","Entire home/apt",3,1,0,2,"Real Bed","{TV,""Cable TV"",Internet,""Wireless Internet"",""Air Conditioning"",Pool,Kitchen,""Pets Allowed"",Gym,""Elevator in Building"",""Hot Tub"",Heating,Washer,Dryer,Shampoo}","$150.00","",159,96,9,10,10,10,9,6.94,404
"1254",6658052,"f","Belltown",47.6179364486683,-122.338394863818,"Apartment","Entire home/apt",3,1,1,2,"Real Bed","{TV,Internet,""Wireless Internet"",""Air Conditioning"",""Wheelchair Accessible"",Kitchen,Gym,""Elevator in Building"",Heating,""Family/Kid Friendly"",Washer,Dryer,""Smoke Detector"",""Carbon Monoxide Detector"",Essentials,Shampoo}","$149.00","$50.00",32,97,10,10,10,10,9,4.82,432
"1255",6187841,"t","Belltown",47.6151827682911,-122.346931853175,"Apartment","Entire home/apt",4,2,2,2,"Real Bed","{TV,""Cable TV"",Internet,""Wireless Internet"",""Wheelchair Accessible"",Pool,Kitchen,""Free Parking on Premises"",Gym,""Elevator in Building"",""Hot Tub"",""Buzzer/Wireless Intercom"",Heating,Washer,Dryer,""Smoke Detector"",Essentials,Shampoo}","$229.00","$100.00",6,100,10,10,10,10,10,0.75,414
"1256",9371895,"f","Belltown",47.6151354394904,-122.350670256589,"Loft","Entire home/apt",3,1,0,2,"Real Bed","{""Wireless Internet"",Kitchen,""Elevator in Building"",Heating,Washer,Dryer,""Smoke Detector"",""First Aid Kit"",""Safety Card"",""Fire Extinguisher"",Essentials,Shampoo,""24-Hour Check-in"",Hangers,""Hair Dryer"",Iron,""Laptop Friendly Workspace""}","$180.00","",0,NA,NA,NA,NA,NA,NA,NA,410
"1257",4318031,"t","Belltown",47.617583747266,-122.35330284413,"Apartment","Entire home/apt",2,1,0,1,"Real Bed","{TV,Internet,""Wireless Internet"",Kitchen,Breakfast,""Buzzer/Wireless Intercom"",Heating,""Family/Kid Friendly"",Washer,Dryer,""Smoke Detector"",""Carbon Monoxide Detector"",""First Aid Kit"",""Fire Extinguisher"",Essentials,Shampoo,""24-Hour Check-in"",Hangers,""Hair Dryer"",Iron,""Laptop Friendly Workspace""}","$93.00","$50.00",49,97,10,10,10,10,10,3.33,416
"1258",6364549,"f","Belltown",47.6137050870757,-122.35044782278,"Apartment","Entire home/apt",3,1,0,2,"Real Bed","{TV,Internet,""Wireless Internet"",""Wheelchair Accessible"",Kitchen,""Elevator in Building"",Heating,""Family/Kid Friendly"",Washer,Dryer,""Smoke Detector"",""Carbon Monoxide Detector"",""First Aid Kit"",Essentials,Shampoo}","$110.00","",19,97,10,10,10,10,10,2.45,400
"1259",8326940,"f","Belltown",47.6146236455413,-122.348397090411,"Apartment","Entire home/apt",2,1,1,1,"Real Bed","{TV,Internet,""Wireless Internet"",Kitchen,Washer,Dryer,""Smoke Detector"",Essentials,Shampoo}","$126.00","$50.00",0,NA,NA,NA,NA,NA,NA,NA,409
"1260",7826593,"f","Belltown",47.6159779312937,-122.349291099539,"Loft","Entire home/apt",1,1,1,1,"Real Bed","{Internet,""Wireless Internet"",""Air Conditioning"",Gym,""Elevator in Building"",""Buzzer/Wireless Intercom"",Shampoo,Hangers,""Hair Dryer"",Iron}","$139.00","$50.00",4,95,9,10,10,10,10,0.94,418
"1261",8168476,"f","Belltown",47.6148134349781,-122.342793328858,"Apartment","Entire home/apt",2,1,1,1,"Real Bed","{TV,Internet,""Wireless Internet"",Kitchen,""Elevator in Building"",Washer,Dryer,""Smoke Detector"",""Carbon Monoxide Detector"",""First Aid Kit"",""Fire Extinguisher"",Essentials,Shampoo}","$157.00","$159.00",1,100,10,10,10,10,10,0.36,413
"1262",6482984,"t","Belltown",47.6148488722734,-122.341172167142,"Bed & Breakfast","Private room",1,1,1,1,"Real Bed","{TV,""Cable TV"",Internet,""Wireless Internet"",""Air Conditioning"",""Wheelchair Accessible"",Kitchen,Gym,Breakfast,""Pets live on this property"",Dog(s),Cat(s),""Elevator in Building"",""Hot Tub"",""Buzzer/Wireless Intercom"",Heating,""Suitable for Events"",Washer,Dryer,""Smoke Detector"",""Carbon Monoxide Detector"",Essentials,Shampoo}","$90.00","$60.00",22,97,10,10,10,10,9,3.16,416
"1263",6316917,"f","Belltown",47.6140938622739,-122.344424128247,"Apartment","Entire home/apt",4,1,1,1,"Real Bed","{TV,Internet,""Wireless Internet"",""Wheelchair Accessible"",Kitchen,Gym,""Pets live on this property"",Dog(s),Cat(s),""Elevator in Building"",""Buzzer/Wireless Intercom"",Heating,""Family/Kid Friendly"",Washer,Dryer,""Smoke Detector"",""Carbon Monoxide Detector"",""First Aid Kit"",""Safety Card"",""Fire Extinguisher"",Essentials,Shampoo}","$90.00","$32.00",35,94,9,10,10,10,9,4.55,407
"1264",7922581,"f","Belltown",47.6142895406433,-122.348947236825,"Apartment","Entire home/apt",2,1,0,1,"Real Bed","{TV,Internet,""Wireless Internet"",""Air Conditioning"",""Wheelchair Accessible"",Kitchen,Gym,""Elevator in Building"",Heating,""Family/Kid Friendly"",Washer,Dryer,""Smoke Detector"",""Carbon Monoxide Detector"",Essentials,Shampoo}","$125.00","$50.00",29,99,10,10,10,10,10,7.84,408
"1265",4110396,"t","Belltown",47.6149623418989,-122.332139182582,"Apartment","Private room",2,1,1,1,"Real Bed","{TV,Internet,""Wireless Internet"",""Air Conditioning"",Kitchen,Gym,""Elevator in Building"",Heating,""Family/Kid Friendly"",Washer,Dryer,""Smoke Detector"",Essentials,Shampoo}","$95.00","",60,98,10,10,10,10,10,3.89,421
"1266",5446176,"f","Belltown",47.6146996201354,-122.339952547225,"Apartment","Entire home/apt",6,2,2,3,"Real Bed","{TV,""Cable TV"",Internet,""Wireless Internet"",""Air Conditioning"",Kitchen,""Free Parking on Premises"",Gym,""Elevator in Building"",Heating,""Family/Kid Friendly"",Washer,Dryer,""Smoke Detector"",""Carbon Monoxide Detector"",""Fire Extinguisher"",Essentials,Shampoo,""24-Hour Check-in"",Hangers,""Hair Dryer"",Iron,""Laptop Friendly Workspace""}","$197.00","$99.00",12,95,10,10,10,10,10,1.4,418
"1267",4669377,"t","Belltown",47.6142395576771,-122.348906801376,"Apartment","Entire home/apt",5,1,1,3,"Real Bed","{TV,""Cable TV"",""Wireless Internet"",Pool,Kitchen,""Free Parking on Premises"",Gym,""Elevator in Building"",""Hot Tub"",Heating,""Family/Kid Friendly"",Washer,Dryer,""Smoke Detector"",""Carbon Monoxide Detector"",Essentials,Shampoo}","$155.00","$95.00",14,97,10,10,10,10,9,1.07,408
"1268",4151430,"f","Belltown",47.6153721925703,-122.349104286788,"Apartment","Entire home/apt",6,1,2,2,"Real Bed","{""Cable TV"",""Wireless Internet"",""Air Conditioning"",Pool,Kitchen,""Free Parking on Premises"",Gym,""Elevator in Building"",""Hot Tub"",Heating,""Family/Kid Friendly"",Washer,Dryer,""Smoke Detector"",""Carbon Monoxide Detector"",""First Aid Kit"",""Fire Extinguisher"",Essentials}","$195.00","$184.00",4,95,10,9,10,10,10,0.55,413
"1269",5446513,"f","Belltown",47.615959268329,-122.340617022632,"Apartment","Entire home/apt",6,2,2,3,"Real Bed","{TV,""Cable TV"",Internet,""Wireless Internet"",""Air Conditioning"",Kitchen,""Free Parking on Premises"",Gym,""Elevator in Building"",Heating,""Family/Kid Friendly"",Washer,Dryer,""Smoke Detector"",""Carbon Monoxide Detector"",""Fire Extinguisher"",Essentials,Shampoo,""24-Hour Check-in"",Hangers,""Hair Dryer"",Iron,""Laptop Friendly Workspace""}","$150.00","$99.00",4,95,10,9,10,10,9,0.52,424
"1270",3793185,"t","Belltown",47.6154536688591,-122.333556025973,"Apartment","Entire home/apt",3,1,1,1,"Real Bed","{TV,""Cable TV"",Internet,""Wireless Internet"",""Air Conditioning"",Kitchen,Gym,""Elevator in Building"",Heating,""Family/Kid Friendly"",Washer,Dryer,""Smoke Detector"",Essentials,Shampoo}","$175.00","",24,95,9,10,10,9,9,1.4,421
"1271",937370,"f","Belltown",47.6141301376341,-122.342135817868,"Apartment","Entire home/apt",6,2,2,3,"Real Bed","{TV,""Cable TV"",Internet,""Wireless Internet"",Kitchen,""Free Parking on Premises"",Gym,""Elevator in Building"",Heating,""Family/Kid Friendly"",Washer,Dryer,""Smoke Detector"",""Carbon Monoxide Detector"",""Fire Extinguisher"",Essentials,Shampoo,""24-Hour Check-in"",Hangers,""Hair Dryer"",Iron,""Laptop Friendly Workspace""}","$156.00","$99.00",27,91,9,9,9,9,9,1.06,413
"1272",1833250,"f","Belltown",47.614015558866,-122.349222359701,"Apartment","Entire home/apt",6,2.5,2,2,"Real Bed","{TV,""Cable TV"",Internet,""Wireless Internet"",Pool,Kitchen,""Free Parking on Premises"",Gym,""Elevator in Building"",""Hot Tub"",""Buzzer/Wireless Intercom"",Heating,""Family/Kid Friendly"",Washer,Dryer,""Smoke Detector"",Essentials,Shampoo}","$320.00","$150.00",22,97,9,10,9,10,10,0.98,403
"1273",902243,"f","Belltown",47.6159688113496,-122.34508910011,"Apartment","Entire home/apt",7,2,2,2,"Real Bed","{TV,""Cable TV"",Internet,""Wireless Internet"",""Air Conditioning"",Pool,Kitchen,""Free Parking on Premises"",Gym,""Elevator in Building"",""Hot Tub"",Heating,""Family/Kid Friendly"",Washer,Dryer,""Smoke Detector"",""Carbon Monoxide Detector"",Shampoo,Hangers,""Hair Dryer"",Iron}","$200.00","$105.00",23,97,10,10,10,10,9,0.69,419
"1274",4053644,"f","Belltown",47.6137334225924,-122.343738515091,"Apartment","Entire home/apt",3,1,1,2,"Real Bed","{Internet,""Wireless Internet"",Kitchen,Gym,""Elevator in Building"",""Buzzer/Wireless Intercom"",Heating,Washer,Dryer,""Smoke Detector"",Shampoo}","$200.00","",5,100,9,8,9,10,9,0.32,405
"1275",1084046,"f","Belltown",47.6134995068307,-122.338027203822,"Apartment","Entire home/apt",6,2,2,3,"Real Bed","{TV,""Cable TV"",Internet,""Wireless Internet"",""Air Conditioning"",Pool,Kitchen,""Free Parking on Premises"",Doorman,Gym,""Elevator in Building"",""Hot Tub"",Heating,""Family/Kid Friendly"",Washer,Dryer,""Smoke Detector"",""Carbon Monoxide Detector"",""Fire Extinguisher"",Essentials,Shampoo,""24-Hour Check-in"",Hangers,""Hair Dryer"",Iron,""Laptop Friendly Workspace""}","$165.00","$99.00",11,96,9,10,10,10,10,0.41,414
"1276",8016481,"f","Belltown",47.617164548399,-122.349717105405,"Apartment","Entire home/apt",3,1,0,1,"Real Bed","{TV,""Wireless Internet"",Kitchen,""Pets Allowed"",Gym,""Elevator in Building"",""Hot Tub"",""Buzzer/Wireless Intercom"",Heating,""Family/Kid Friendly"",Washer,Dryer,""Smoke Detector"",""Carbon Monoxide Detector"",Essentials,Shampoo}","$148.00","$50.00",6,92,9,10,10,10,10,1.5,421
"1277",8811781,"f","Belltown",47.6175802822119,-122.345989020874,"Apartment","Entire home/apt",7,2,3,4,"Real Bed","{TV,""Cable TV"",Internet,""Wireless Internet"",Pool,Kitchen,""Free Parking on Premises"",Gym,""Elevator in Building"",""Hot Tub"",Heating,""Family/Kid Friendly"",Washer,Dryer,""Smoke Detector"",Essentials,Shampoo,""24-Hour Check-in"",Hangers,""Hair Dryer"",Iron}","$127.00","$109.00",3,100,10,9,10,10,10,1.96,423
"1278",4243163,"f","Belltown",47.6165112310076,-122.348114263035,"Apartment","Entire home/apt",8,3,3,4,"Real Bed","{""Cable TV"",""Wireless Internet"",""Air Conditioning"",Pool,Kitchen,""Free Parking on Premises"",Gym,Breakfast,""Elevator in Building"",""Hot Tub"",Heating,""Family/Kid Friendly"",Washer,Dryer,""Smoke Detector"",""Carbon Monoxide Detector"",""First Aid Kit"",""Safety Card"",""Fire Extinguisher"",Essentials}","$405.00","$264.00",4,100,10,10,10,10,9,0.44,420
"1279",4569115,"t","Belltown",47.6162107246955,-122.350334642867,"Apartment","Entire home/apt",4,1,2,2,"Real Bed","{TV,Internet,""Wireless Internet"",Kitchen,""Free Parking on Premises"",Doorman,Gym,""Elevator in Building"",""Buzzer/Wireless Intercom"",Heating,""Family/Kid Friendly"",Washer,Dryer,""Smoke Detector"",""Carbon Monoxide Detector"",""First Aid Kit"",""Safety Card"",""Fire Extinguisher"",Essentials,Shampoo,""24-Hour Check-in"",Hangers,""Hair Dryer"",Iron,""Laptop Friendly Workspace""}","$219.00","$80.00",44,95,10,10,10,10,9,3.4,418
"1280",4464824,"f","Belltown",47.6151647897448,-122.346572076314,"Apartment","Entire home/apt",10,2,3,4,"Real Bed","{TV,""Cable TV"",Internet,""Wireless Internet"",""Air Conditioning"",Pool,Kitchen,""Free Parking on Premises"",Gym,""Elevator in Building"",""Hot Tub"",Heating,""Family/Kid Friendly"",Washer,Dryer,""Smoke Detector"",Essentials}","$899.00","$159.00",5,100,10,10,10,10,10,0.36,414
"1281",9258513,"f","Belltown",47.6175722020241,-122.349438768172,"Apartment","Entire home/apt",3,1,1,1,"Real Bed","{TV,Internet,""Wireless Internet"",""Wheelchair Accessible"",Kitchen,Doorman,Gym,""Elevator in Building"",""Buzzer/Wireless Intercom"",Heating,""Family/Kid Friendly"",Washer,Dryer,""Smoke Detector"",""Carbon Monoxide Detector"",Essentials,Shampoo}","$150.00","$50.00",0,NA,NA,NA,NA,NA,NA,NA,420
"1282",4190771,"f","Belltown",47.616776250815,-122.34826281248,"Apartment","Entire home/apt",6,2,2,4,"Real Bed","{""Cable TV"",""Wireless Internet"",""Air Conditioning"",Pool,Kitchen,""Free Parking on Premises"",""Pets Allowed"",Gym,Breakfast,""Elevator in Building"",""Hot Tub"",Heating,""Family/Kid Friendly"",Washer,Dryer,""Smoke Detector"",""Carbon Monoxide Detector"",""First Aid Kit"",""Safety Card"",""Fire Extinguisher"",Essentials}","$239.00","$209.00",4,95,10,10,10,10,10,0.28,421
"1283",3543084,"f","Belltown",47.613772020914,-122.347585550424,"Apartment","Entire home/apt",4,1,1,2,"Real Bed","{TV,""Cable TV"",Internet,""Wireless Internet"",""Air Conditioning"",""Wheelchair Accessible"",Pool,Kitchen,""Free Parking on Premises"",Gym,""Elevator in Building"",""Hot Tub"",""Buzzer/Wireless Intercom"",Heating,""Family/Kid Friendly"",Washer,Dryer,""Smoke Detector"",""Carbon Monoxide Detector"",""Safety Card"",""Fire Extinguisher"",Essentials,Shampoo,Hangers,""Hair Dryer"",Iron}","$150.00","$96.00",2,100,10,10,10,10,10,0.19,402
"1284",6263270,"f","Belltown",47.6141926339834,-122.348861814029,"Apartment","Entire home/apt",4,1,1,1,"Real Bed","{""Cable TV"",""Wireless Internet"",""Air Conditioning"",Pool,Kitchen,""Free Parking on Premises"",Gym,""Elevator in Building"",""Hot Tub"",Heating,""Family/Kid Friendly"",Washer,Dryer,""Smoke Detector"",""Carbon Monoxide Detector"",""First Aid Kit"",""Fire Extinguisher"",Essentials,Shampoo}","$140.00","$80.00",4,100,10,10,10,10,9,0.9,408
"1285",7807169,"f","Belltown",47.6124991457957,-122.348257990394,"Apartment","Entire home/apt",6,2,2,3,"Real Bed","{TV,""Cable TV"",Internet,""Wireless Internet"",Kitchen,""Free Parking on Premises"",Gym,""Elevator in Building"",Heating,""Family/Kid Friendly"",Washer,Dryer,""Smoke Detector"",""Carbon Monoxide Detector"",""Fire Extinguisher"",Essentials,Shampoo,""24-Hour Check-in"",Hangers,""Hair Dryer"",Iron}","$117.00","$99.00",3,87,9,10,10,10,9,0.7,400
"1286",844939,"f","Belltown",47.6146644699939,-122.346591655275,"Condominium","Entire home/apt",4,1,1,2,"Real Bed","{TV,""Cable TV"",Internet,""Wireless Internet"",""Air Conditioning"",""Wheelchair Accessible"",Pool,Kitchen,""Free Parking on Premises"",Gym,""Elevator in Building"",""Hot Tub"",""Buzzer/Wireless Intercom"",Heating,""Family/Kid Friendly"",Washer,Dryer,""Smoke Detector"",""Carbon Monoxide Detector"",""Fire Extinguisher"",Essentials,Shampoo}","$99.00","$75.00",12,96,10,9,10,10,10,0.34,409
"1287",8890682,"f","Belltown",47.6137754882151,-122.350413034099,"House","Entire home/apt",3,1,1,1,"Real Bed","{TV,""Cable TV"",Internet,""Wireless Internet"",Pool,Kitchen,""Free Parking on Premises"",Gym,""Elevator in Building"",""Buzzer/Wireless Intercom"",Heating,Washer,Dryer,""Smoke Detector"",""Carbon Monoxide Detector"",Essentials,Shampoo}","$170.00","",2,100,10,10,10,10,8,0.76,400
"1288",3998984,"f","Belltown",47.6150493203621,-122.342931543819,"Apartment","Entire home/apt",2,1,0,2,"Real Bed","{Internet,""Wireless Internet"",Kitchen,""Pets Allowed"",Gym,""Pets live on this property"",Dog(s),Cat(s),""Elevator in Building"",Heating,Washer,Dryer}","$100.00","$10.00",28,97,9,10,10,10,10,1.73,414
"1289",6315435,"f","Belltown",47.6149817857164,-122.34886956081,"Apartment","Entire home/apt",6,2,2,3,"Real Bed","{}","$300.00","$110.00",6,100,10,9,9,10,9,0.9,412
"1290",6704004,"f","Belltown",47.615218858596,-122.349075614145,"Apartment","Entire home/apt",4,1,1,2,"Real Bed","{TV,""Cable TV"",Internet,""Wireless Internet"",""Air Conditioning"",""Wheelchair Accessible"",Pool,Kitchen,""Free Parking on Premises"",Gym,""Elevator in Building"",""Hot Tub"",""Buzzer/Wireless Intercom"",Heating,""Family/Kid Friendly"",Washer,Dryer,""Smoke Detector"",""Carbon Monoxide Detector"",""Safety Card"",""Fire Extinguisher"",Essentials,Shampoo,Hangers,""Hair Dryer"",Iron}","$250.00","$100.00",0,NA,NA,NA,NA,NA,NA,NA,412
"1291",1797207,"f","Belltown",47.6154906957288,-122.347121115345,"Apartment","Entire home/apt",6,2,2,3,"Real Bed","{TV,""Cable TV"",Internet,""Wireless Internet"",""Air Conditioning"",""Wheelchair Accessible"",Pool,Kitchen,""Free Parking on Premises"",Gym,""Elevator in Building"",""Hot Tub"",""Indoor Fireplace"",""Buzzer/Wireless Intercom"",Heating,""Family/Kid Friendly"",Washer,Dryer,""Smoke Detector"",""Carbon Monoxide Detector"",""Safety Card"",""Fire Extinguisher"",Essentials,Shampoo,Hangers,""Hair Dryer"",Iron}","$197.00","$113.00",9,96,10,9,10,10,9,0.48,414
"1292",271509,"f","Belltown",47.6157753482279,-122.348718584098,"Apartment","Entire home/apt",6,1,2,3,"Real Bed","{TV,""Cable TV"",Internet,""Wireless Internet"",""Air Conditioning"",Pool,Kitchen,""Free Parking on Premises"",Gym,""Elevator in Building"",""Hot Tub"",""Buzzer/Wireless Intercom"",Heating,""Family/Kid Friendly"",Washer,Dryer,""Smoke Detector"",""Carbon Monoxide Detector"",""Safety Card"",""Fire Extinguisher"",Essentials,Shampoo}","$175.00","$107.00",12,100,10,10,10,10,10,0.3,418
"1293",10156116,"f","Belltown",47.6166016789574,-122.337561703491,"Apartment","Entire home/apt",3,1,1,1,"Real Bed","{TV,Internet,""Wireless Internet"",""Air Conditioning"",Kitchen,Gym,""Elevator in Building"",""Hot Tub"",""Indoor Fireplace"",Heating,Washer,""Smoke Detector"",""Carbon Monoxide Detector""}","$130.00","$50.00",0,NA,NA,NA,NA,NA,NA,NA,425
"1294",4410789,"f","Belltown",47.6157129258737,-122.342423397491,"Apartment","Entire home/apt",6,2,2,3,"Real Bed","{TV,""Cable TV"",Internet,""Wireless Internet"",Kitchen,""Free Parking on Premises"",Gym,""Elevator in Building"",Heating,""Family/Kid Friendly"",Washer,Dryer,""Smoke Detector"",""Carbon Monoxide Detector"",""Fire Extinguisher"",Essentials,Shampoo,""24-Hour Check-in"",Hangers,""Hair Dryer"",Iron,""Laptop Friendly Workspace""}","$131.00","$99.00",15,91,9,8,10,10,9,1.23,422
"1295",9577993,"f","Belltown",47.6179591982071,-122.347832980946,"Apartment","Entire home/apt",3,1,1,1,"Real Bed","{TV,""Wireless Internet"",Kitchen,Gym,""Elevator in Building"",""Buzzer/Wireless Intercom"",Heating,""Family/Kid Friendly"",Washer,Dryer,""Smoke Detector"",""Carbon Monoxide Detector"",Essentials,Shampoo,Hangers}","$110.00","$50.00",0,NA,NA,NA,NA,NA,NA,NA,421
"1296",9352620,"f","Belltown",47.6145857991032,-122.35153260398,"Apartment","Entire home/apt",3,1,1,1,"Real Bed","{TV,""Cable TV"",Internet,""Wireless Internet"",Kitchen,Doorman,Gym,""Elevator in Building"",Heating,Washer,Dryer,""Smoke Detector"",""Carbon Monoxide Detector"",""Fire Extinguisher"",Essentials}","$125.00","$75.00",0,NA,NA,NA,NA,NA,NA,NA,407
"1297",9532957,"f","Belltown",47.6161579724262,-122.33939074978,"Apartment","Entire home/apt",5,2,2,2,"Real Bed","{TV,""Cable TV"",Internet,""Wireless Internet"",""Air Conditioning"",""Wheelchair Accessible"",Kitchen,Gym,""Elevator in Building"",Heating,""Family/Kid Friendly"",Washer,Dryer,""Smoke Detector"",""Fire Extinguisher"",Essentials,Shampoo,""24-Hour Check-in"",Iron,""Laptop Friendly Workspace""}","$200.00","$40.00",0,NA,NA,NA,NA,NA,NA,NA,424
"1298",8354452,"","Belltown",47.6167047010483,-122.353969306151,"Apartment","Entire home/apt",2,1,0,1,"Real Bed","{TV,Internet,""Wireless Internet"",""Air Conditioning"",Kitchen,""Elevator in Building"",Heating,""Family/Kid Friendly"",Washer,Dryer,""Smoke Detector"",""Carbon Monoxide Detector"",""Safety Card"",""Fire Extinguisher""}","$99.00","$25.00",0,NA,NA,NA,NA,NA,NA,NA,414
"1299",9497431,"t","Belltown",47.6158778947899,-122.333255944647,"Condominium","Entire home/apt",8,2.5,2,4,"Real Bed","{TV,Internet,""Wireless Internet"",""Air Conditioning"",""Wheelchair Accessible"",Kitchen,Doorman,Gym,""Elevator in Building"",""Hot Tub"",Heating,""Family/Kid Friendly"",Washer,Dryer,""Smoke Detector"",""Carbon Monoxide Detector"",""First Aid Kit"",""Safety Card"",""Fire Extinguisher"",Essentials,Shampoo,""24-Hour Check-in"",Hangers,""Hair Dryer"",Iron,""Laptop Friendly Workspace""}","$700.00","$150.00",0,NA,NA,NA,NA,NA,NA,NA,424
"1300",217142,"f","Belltown",47.6153386452123,-122.347905292991,"Apartment","Entire home/apt",7,2,2,4,"Real Bed","{TV,""Cable TV"",Internet,""Wireless Internet"",""Air Conditioning"",""Wheelchair Accessible"",Pool,Kitchen,""Free Parking on Premises"",Gym,""Elevator in Building"",""Hot Tub"",""Buzzer/Wireless Intercom"",Heating,""Family/Kid Friendly"",Washer,Dryer,""Smoke Detector"",Shampoo,Hangers,""Hair Dryer"",Iron,""Laptop Friendly Workspace""}","$200.00","$105.00",47,95,10,10,10,10,9,0.92,413
"1301",1732280,"f","Belltown",47.6148660535413,-122.338321177773,"Apartment","Entire home/apt",4,1,1,2,"Real Bed","{TV,""Cable TV"",Internet,""Wireless Internet"",""Air Conditioning"",Pool,Kitchen,""Free Parking on Premises"",Gym,""Elevator in Building"",""Hot Tub"",Heating,""Family/Kid Friendly"",Washer,Dryer,""Smoke Detector"",""Carbon Monoxide Detector"",""Fire Extinguisher"",Essentials,Shampoo,""24-Hour Check-in"",Hangers,""Hair Dryer"",Iron}","$89.00","$99.00",6,97,10,10,10,10,9,0.33,419
"1302",4240933,"f","Belltown",47.613746993682,-122.336126566142,"Apartment","Entire home/apt",6,2,2,3,"Real Bed","{TV,""Cable TV"",Internet,""Wireless Internet"",""Air Conditioning"",Pool,Kitchen,""Free Parking on Premises"",Gym,""Elevator in Building"",""Hot Tub"",Heating,""Family/Kid Friendly"",Washer,Dryer,""Smoke Detector"",""Carbon Monoxide Detector"",""Fire Extinguisher"",Essentials,Shampoo,""24-Hour Check-in"",Hangers,""Hair Dryer"",Iron,""Laptop Friendly Workspace""}","$142.00","$99.00",6,87,10,10,10,10,9,0.64,417
"1303",443942,"f","Belltown",47.6158277609929,-122.340777298957,"Apartment","Entire home/apt",2,1,1,1,"Futon","{Internet,""Wireless Internet"",Kitchen,""Elevator in Building"",""Buzzer/Wireless Intercom"",Heating,""Family/Kid Friendly"",Washer,Dryer,""Smoke Detector"",Essentials,Shampoo}","$125.00","$85.00",13,94,10,9,9,10,9,0.53,424
"1304",6489648,"f","Belltown",47.6137219852118,-122.342757043235,"Apartment","Entire home/apt",4,1,1,1,"Real Bed","{Internet,""Wireless Internet"",""Wheelchair Accessible"",Kitchen,Gym,""Elevator in Building"",Heating,""Family/Kid Friendly"",Washer,Dryer,""Smoke Detector"",""Carbon Monoxide Detector"",Essentials,Shampoo}","$245.00","$72.00",2,80,8,8,10,9,7,0.32,408
"1305",8308386,"f","Belltown",47.6161826070824,-122.354206031072,"Apartment","Entire home/apt",7,2,3,3,"Real Bed","{TV,""Cable TV"",Internet,""Wireless Internet"",""Air Conditioning"",Kitchen,Gym,""Elevator in Building"",Heating,""Family/Kid Friendly"",Washer,Dryer,""Smoke Detector"",""Carbon Monoxide Detector"",""Fire Extinguisher"",Essentials,Shampoo,""24-Hour Check-in"",Hangers,""Hair Dryer"",Iron,""Laptop Friendly Workspace""}","$99.00","$109.00",0,NA,NA,NA,NA,NA,NA,NA,408
"1306",8227038,"f","Belltown",47.6173689547951,-122.353059720093,"Apartment","Entire home/apt",2,1,1,1,"Real Bed","{TV,Internet,""Wireless Internet"",Pool,Kitchen,Gym,""Elevator in Building"",""Hot Tub"",Heating,""Family/Kid Friendly"",Washer,Dryer,""Smoke Detector"",""Carbon Monoxide Detector"",Essentials,Shampoo}","$117.00","$20.00",4,85,9,10,10,10,8,1.07,416
"1307",2489339,"f","Belltown",47.6134531536524,-122.347517874915,"Apartment","Entire home/apt",4,1,1,2,"Real Bed","{TV,""Cable TV"",Internet,""Wireless Internet"",""Wheelchair Accessible"",Pool,Kitchen,""Free Parking on Premises"",Gym,""Elevator in Building"",""Hot Tub"",""Buzzer/Wireless Intercom"",Heating,""Family/Kid Friendly"",Washer,Dryer,""Smoke Detector"",""Carbon Monoxide Detector"",""Safety Card"",""Fire Extinguisher"",Essentials,Shampoo,Hangers,""Hair Dryer"",Iron}","$215.00","$96.00",9,91,10,8,9,10,9,0.45,401
"1308",8054892,"f","Belltown",47.6156495377615,-122.347669546485,"Apartment","Entire home/apt",6,1,2,3,"Real Bed","{TV,""Cable TV"",Internet,""Wireless Internet"",""Air Conditioning"",""Wheelchair Accessible"",Pool,Kitchen,""Free Parking on Premises"",Gym,""Pets live on this property"",Dog(s),Cat(s),""Elevator in Building"",""Hot Tub"",Heating,""Family/Kid Friendly"",Washer,Dryer,""Smoke Detector"",""Carbon Monoxide Detector"",""Safety Card"",""Fire Extinguisher"",Essentials,Shampoo}","$215.00","$105.00",3,100,10,10,10,10,10,1.17,418
"1309",1493197,"f","Belltown",47.6179262110019,-122.347833512787,"Apartment","Entire home/apt",4,1,2,3,"Real Bed","{TV,""Cable TV"",Internet,""Wireless Internet"",""Wheelchair Accessible"",Kitchen,""Free Parking on Premises"",Gym,""Elevator in Building"",""Buzzer/Wireless Intercom"",Heating,""Family/Kid Friendly"",Washer,Dryer,""Smoke Detector"",""Carbon Monoxide Detector"",""Safety Card"",""Fire Extinguisher"",Essentials,Shampoo,Hangers,""Hair Dryer"",Iron}","$275.00","$107.00",22,95,10,10,10,10,9,0.78,421
"1310",4417792,"f","Belltown",47.6159358810925,-122.340636150496,"Apartment","Entire home/apt",6,1,2,3,"Real Bed","{TV,""Cable TV"",Internet,""Wireless Internet"",""Air Conditioning"",Kitchen,""Free Parking on Premises"",""Buzzer/Wireless Intercom"",Heating,""Family/Kid Friendly"",Washer,Dryer,""Smoke Detector"",""Carbon Monoxide Detector"",""Safety Card"",""Fire Extinguisher"",Essentials,Shampoo}","$175.00","$107.00",24,93,10,10,10,10,9,1.71,424
"1311",5048597,"f","Belltown",47.6151693059213,-122.343690799821,"Apartment","Entire home/apt",6,1,2,3,"Real Bed","{TV,""Cable TV"",""Wireless Internet"",""Air Conditioning"",""Wheelchair Accessible"",Kitchen,""Free Parking on Premises"",Gym,""Elevator in Building"",Heating,""Family/Kid Friendly"",Washer,Dryer,""Smoke Detector"",""Carbon Monoxide Detector"",Essentials,Shampoo}","$195.00","$95.00",16,93,10,10,9,10,9,2.24,413
"1312",6278191,"f","Belltown",47.6167253794806,-122.348056647667,"Apartment","Entire home/apt",4,1,1,1,"Real Bed","{TV,""Wireless Internet"",Kitchen,Gym,""Elevator in Building"",Heating,Washer,Dryer,Essentials,Shampoo}","$113.00","$35.00",27,90,10,9,8,10,9,3.51,421
"1313",8891577,"t","Belltown",47.6152050101624,-122.335458935825,"Condominium","Entire home/apt",8,2,2,4,"Real Bed","{TV,Internet,""Wireless Internet"",""Air Conditioning"",""Wheelchair Accessible"",Kitchen,Doorman,Gym,""Elevator in Building"",""Buzzer/Wireless Intercom"",Heating,""Family/Kid Friendly"",Washer,Dryer,""Smoke Detector"",""Carbon Monoxide Detector"",""First Aid Kit"",""Safety Card"",""Fire Extinguisher"",Essentials,Shampoo,""24-Hour Check-in"",Hangers,""Hair Dryer"",Iron,""Laptop Friendly Workspace""}","$700.00","$150.00",1,100,10,10,10,10,8,0.81,420
"1314",4163306,"f","Belltown",47.6143514554807,-122.34815301875,"Apartment","Entire home/apt",4,1.5,1,2,"Real Bed","{""Cable TV"",""Wireless Internet"",""Air Conditioning"",Pool,Kitchen,""Free Parking on Premises"",Gym,""Elevator in Building"",""Hot Tub"",Heating,Washer,Dryer,Essentials}","$139.00","$159.00",2,90,10,9,9,9,9,0.3,408
"1315",59827,"f","Belltown",47.6162738908925,-122.344126231972,"Apartment","Entire home/apt",4,NA,1,2,"Real Bed","{TV,""Cable TV"",Internet,""Wireless Internet"",""Wheelchair Accessible"",Kitchen,""Free Parking on Premises"",Gym,""Elevator in Building"",""Buzzer/Wireless Intercom"",Heating,""Family/Kid Friendly"",Washer,Dryer,""Smoke Detector"",""Carbon Monoxide Detector"",""Safety Card"",""Fire Extinguisher"",Essentials,Shampoo,""Hair Dryer"",Iron}","$135.00","$96.00",13,87,9,9,9,9,8,0.21,420
"1316",9505340,"f","Belltown",47.6158898825698,-122.345308596626,"Apartment","Entire home/apt",2,1,1,1,"Real Bed","{TV,""Wireless Internet"",""Wheelchair Accessible"",Kitchen,Gym,""Elevator in Building"",""Buzzer/Wireless Intercom"",Heating,Washer,Dryer,""Smoke Detector"",""Carbon Monoxide Detector"",Essentials,Shampoo}","$105.00","$50.00",0,NA,NA,NA,NA,NA,NA,NA,419
"1317",3992155,"t","Belltown",47.6183213522642,-122.345137589962,"Apartment","Entire home/apt",2,1,0,1,"Pull-out Sofa","{TV,""Cable TV"",Internet,""Wireless Internet"",""Wheelchair Accessible"",Kitchen,""Free Parking on Premises"",Gym,""Elevator in Building"",Heating,Washer,Dryer,""Smoke Detector"",""Fire Extinguisher"",Essentials,Shampoo,Hangers,""Hair Dryer"",Iron}","$100.00","$80.00",45,98,10,10,10,10,9,2.99,422
"1318",8571518,"f","Belltown",47.6175526260941,-122.349929061257,"Apartment","Entire home/apt",4,1,1,1,"Real Bed","{TV,Internet,""Wireless Internet"",""Air Conditioning"",""Wheelchair Accessible"",Kitchen,""Pets Allowed"",Gym,""Elevator in Building"",""Buzzer/Wireless Intercom"",Heating,""Family/Kid Friendly"",""Suitable for Events"",Washer,Dryer,""Smoke Detector"",""Carbon Monoxide Detector"",""First Aid Kit"",""Safety Card"",Essentials,Shampoo}","$106.00","$100.00",4,100,10,10,10,10,10,1.71,420
"1319",3820186,"f","Belltown",47.6164981554488,-122.352965273261,"Apartment","Entire home/apt",9,2.5,3,7,"Real Bed","{""Cable TV"",""Wireless Internet"",""Air Conditioning"",Kitchen,""Free Parking on Premises"",Gym,""Elevator in Building"",""Indoor Fireplace"",""Buzzer/Wireless Intercom"",Heating,""Family/Kid Friendly"",Washer,Dryer,""Smoke Detector"",""Carbon Monoxide Detector"",""First Aid Kit"",""Safety Card"",""Fire Extinguisher"",Essentials,Shampoo}","$475.00","$274.00",2,100,10,10,10,10,10,0.13,413
"1320",1084084,"f","Belltown",47.6135582471798,-122.337884222862,"Apartment","Entire home/apt",6,2,2,3,"Real Bed","{TV,""Cable TV"",Internet,""Wireless Internet"",""Air Conditioning"",Pool,Kitchen,""Free Parking on Premises"",Gym,""Elevator in Building"",""Hot Tub"",Heating,""Family/Kid Friendly"",Washer,Dryer,""Smoke Detector"",""Carbon Monoxide Detector"",""Fire Extinguisher"",Essentials,Shampoo,""24-Hour Check-in"",Hangers,""Hair Dryer"",Iron,""Laptop Friendly Workspace""}","$143.00","$99.00",10,94,9,10,10,10,8,0.36,415
"1321",257140,"f","Belltown",47.6160229805483,-122.344491637943,"Apartment","Entire home/apt",4,1,1,2,"Real Bed","{TV,""Cable TV"",Internet,""Wireless Internet"",""Wheelchair Accessible"",Kitchen,""Free Parking on Premises"",Gym,""Elevator in Building"",""Buzzer/Wireless Intercom"",Heating,""Family/Kid Friendly"",Washer,Dryer,""Smoke Detector"",""Carbon Monoxide Detector"",""Safety Card"",""Fire Extinguisher"",Essentials,Shampoo,Hangers,""Hair Dryer"",Iron}","$205.00","$96.00",20,93,10,10,10,9,8,0.39,419
"1322",8956628,"f","Belltown",47.6178830560538,-122.345522009628,"Apartment","Entire home/apt",4,1,0,3,"Real Bed","{TV,""Cable TV"",Internet,""Wireless Internet"",""Air Conditioning"",Kitchen,""Free Parking on Premises"",Doorman,""Elevator in Building"",Heating,Washer,Dryer,""Smoke Detector"",""Carbon Monoxide Detector"",""First Aid Kit"",Essentials,Shampoo,""24-Hour Check-in"",Hangers,""Hair Dryer"",Iron,""Laptop Friendly Workspace""}","$80.00","$65.00",1,100,10,10,10,10,10,1,423
"1323",8637174,"t","Belltown",47.616433922149,-122.341745306432,"Apartment","Entire home/apt",6,1,0,3,"Real Bed","{TV,""Cable TV"",Internet,""Wireless Internet"",Kitchen,Heating,""Family/Kid Friendly"",""Smoke Detector"",""Carbon Monoxide Detector"",Essentials,Shampoo,""24-Hour Check-in"",Hangers,""Hair Dryer"",Iron,""Laptop Friendly Workspace""}","$120.00","$35.00",30,99,10,10,10,10,10,9.47,428
"1324",8815061,"t","Belltown",47.6160114703086,-122.347951057352,"Apartment","Entire home/apt",2,1,1,1,"Real Bed","{TV,""Cable TV"",Internet,""Wireless Internet"",""Air Conditioning"",Kitchen,Gym,""Elevator in Building"",""Buzzer/Wireless Intercom"",Heating,""Family/Kid Friendly"",Washer,Dryer,""Smoke Detector"",""Carbon Monoxide Detector"",""First Aid Kit"",""Safety Card"",""Fire Extinguisher"",Essentials,Shampoo,""24-Hour Check-in"",Hangers,""Hair Dryer"",Iron,""Laptop Friendly Workspace""}","$139.00","$60.00",5,100,10,10,10,10,10,1.92,421
"1325",4677524,"t","Belltown",47.6147606798797,-122.34702295886,"Apartment","Entire home/apt",4,1,0,2,"Real Bed","{TV,""Cable TV"",""Wireless Internet"",Pool,Kitchen,""Free Parking on Premises"",Gym,""Elevator in Building"",""Hot Tub"",Heating,""Family/Kid Friendly"",Washer,Dryer,""Smoke Detector"",""Carbon Monoxide Detector"",""Fire Extinguisher"",Essentials,Shampoo}","$135.00","$95.00",20,98,10,10,10,10,10,1.81,411
"1326",3139847,"f","Belltown",47.6136558800558,-122.347590310982,"Condominium","Entire home/apt",4,1,1,2,"Real Bed","{TV,""Cable TV"",Internet,""Wireless Internet"",""Air Conditioning"",""Wheelchair Accessible"",Kitchen,""Free Parking on Premises"",""Pets Allowed"",Gym,""Elevator in Building"",""Indoor Fireplace"",""Buzzer/Wireless Intercom"",Heating,""Family/Kid Friendly"",""Suitable for Events"",Washer,Dryer,Essentials,Shampoo}","$155.00","$45.00",71,93,10,10,10,10,9,3.65,402
"1327",6975036,"f","Belltown",47.617536478701,-122.347997832043,"Apartment","Private room",2,1,1,1,"Real Bed","{""Cable TV"",""Wireless Internet"",Pool,Kitchen,Gym,""Pets live on this property"",Cat(s),""Elevator in Building"",""Hot Tub"",""Buzzer/Wireless Intercom"",Heating,Washer,Dryer,""Smoke Detector"",""Carbon Monoxide Detector""}","$90.00","$40.00",7,90,10,9,9,10,9,1.27,422
"1328",4151093,"f","Belltown",47.6139251224968,-122.349801966149,"Apartment","Entire home/apt",4,1,1,1,"Real Bed","{""Cable TV"",""Wireless Internet"",""Air Conditioning"",Pool,Kitchen,""Free Parking on Premises"",Gym,""Elevator in Building"",""Hot Tub"",Heating,""Family/Kid Friendly"",Washer,Dryer,""Smoke Detector"",""Carbon Monoxide Detector"",""First Aid Kit"",""Fire Extinguisher"",Essentials,Shampoo}","$139.00","$143.00",3,87,10,10,10,10,9,0.19,403
"1329",4256558,"f","Belltown",47.6162482475907,-122.349176557567,"Apartment","Entire home/apt",4,1,1,2,"Real Bed","{TV,""Cable TV"",Internet,""Wireless Internet"",""Wheelchair Accessible"",Kitchen,""Free Parking on Premises"",Gym,""Elevator in Building"",""Buzzer/Wireless Intercom"",Heating,""Family/Kid Friendly"",Washer,Dryer,""Smoke Detector"",""Carbon Monoxide Detector"",""Safety Card"",""Fire Extinguisher"",Essentials,Shampoo,Hangers,""Hair Dryer"",Iron}","$181.00","$96.00",1,80,10,10,8,10,8,0.09,419
"1330",2110357,"t","Belltown",47.6160791574503,-122.350225743759,"Apartment","Private room",2,1,1,1,"Real Bed","{Internet,""Wireless Internet"",""Air Conditioning"",Kitchen,Doorman,""Elevator in Building"",""Hot Tub"",Heating,Washer,Dryer,""Smoke Detector"",""Carbon Monoxide Detector"",""First Aid Kit"",""Fire Extinguisher"",Essentials,Shampoo}","$99.00","",191,97,9,10,10,10,10,7.79,417
"1331",8147986,"f","Belltown",47.6150140499844,-122.351704475531,"Loft","Entire home/apt",2,1,1,1,"Real Bed","{TV,""Cable TV"",Internet,""Wireless Internet"",""Wheelchair Accessible"",Kitchen,""Free Parking on Premises"",""Pets Allowed"",Doorman,Gym,Breakfast,""Elevator in Building"",""Indoor Fireplace"",Heating,""Family/Kid Friendly"",""Suitable for Events"",Washer,Dryer,""Smoke Detector"",""Carbon Monoxide Detector"",""First Aid Kit"",""Safety Card"",""Fire Extinguisher"",Essentials,Shampoo,""24-Hour Check-in"",Hangers,""Hair Dryer"",Iron,""Laptop Friendly Workspace""}","$175.00","$50.00",5,88,10,10,10,10,10,1.42,408
"1332",2905375,"f","Belltown",47.6136020905793,-122.347406670091,"Apartment","Entire home/apt",4,1,1,2,"Real Bed","{TV,""Cable TV"",Internet,""Wireless Internet"",""Air Conditioning"",""Wheelchair Accessible"",Pool,Kitchen,""Free Parking on Premises"",Gym,""Elevator in Building"",""Hot Tub"",""Buzzer/Wireless Intercom"",Heating,""Family/Kid Friendly"",Washer,Dryer,""Smoke Detector"",""Carbon Monoxide Detector"",""Safety Card"",""Fire Extinguisher"",Essentials,Shampoo,Hangers,""Hair Dryer"",Iron}","$127.00","$96.00",13,95,10,10,9,10,10,0.66,402
"1333",4257097,"f","Belltown",47.6156159618846,-122.339089183498,"Apartment","Entire home/apt",4,1,1,2,"Real Bed","{""Cable TV"",""Wireless Internet"",Pool,Kitchen,""Free Parking on Premises"",Doorman,Gym,""Elevator in Building"",""Hot Tub"",Heating,""Family/Kid Friendly"",Washer,Dryer,""Smoke Detector"",""Carbon Monoxide Detector"",""First Aid Kit"",""Safety Card"",""Fire Extinguisher"",Essentials}","$150.00","$149.00",2,100,10,9,8,9,8,0.44,424
"1334",931154,"f","Belltown",47.6136863182789,-122.336667712148,"Apartment","Entire home/apt",6,2,2,3,"Real Bed","{TV,""Cable TV"",Internet,""Wireless Internet"",""Air Conditioning"",Pool,Kitchen,""Free Parking on Premises"",Gym,""Elevator in Building"",""Hot Tub"",Heating,""Family/Kid Friendly"",Washer,Dryer,""Smoke Detector"",""Carbon Monoxide Detector"",""Fire Extinguisher"",Essentials,Shampoo,""24-Hour Check-in"",Hangers,""Hair Dryer"",Iron,""Laptop Friendly Workspace""}","$143.00","$99.00",21,96,9,10,10,10,9,0.83,417
"1335",6370655,"f","Belltown",47.6140143833736,-122.337793464447,"Apartment","Entire home/apt",5,2,2,2,"Real Bed","{TV,""Cable TV"",Internet,""Wireless Internet"",""Air Conditioning"",Pool,Kitchen,Gym,""Elevator in Building"",""Hot Tub"",Heating,""Family/Kid Friendly"",Washer,Dryer,Essentials,Shampoo}","$399.00","$150.00",2,80,9,7,7,9,8,0.37,416
"1336",4363919,"f","Belltown",47.6158921047594,-122.346402475477,"Apartment","Entire home/apt",6,1,2,3,"Real Bed","{""Cable TV"",""Wireless Internet"",""Air Conditioning"",Pool,Kitchen,""Free Parking on Premises"",Gym,""Elevator in Building"",""Hot Tub"",Heating,""Family/Kid Friendly"",Washer,Dryer,""Smoke Detector"",""Carbon Monoxide Detector"",""First Aid Kit"",""Safety Card"",""Fire Extinguisher"",Essentials}","$193.00","$184.00",5,88,10,10,10,10,9,0.36,420
"1337",8722230,"f","Belltown",47.6160304667215,-122.35007658362,"Apartment","Entire home/apt",2,1,0,1,"Real Bed","{TV,Internet,""Wireless Internet"",""Wheelchair Accessible"",Kitchen,Doorman,Gym,""Elevator in Building"",""Buzzer/Wireless Intercom"",Heating,""Family/Kid Friendly"",Washer,Dryer,""Smoke Detector"",""Carbon Monoxide Detector"",Essentials,Shampoo,""24-Hour Check-in"",Hangers,""Hair Dryer"",Iron,""Laptop Friendly Workspace""}","$160.00","$50.00",0,NA,NA,NA,NA,NA,NA,NA,417
"1338",5019444,"f","Belltown",47.6150418777241,-122.342603695977,"Apartment","Entire home/apt",2,1,0,1,"Real Bed","{TV,Internet,""Wireless Internet"",Kitchen,Heating,""Smoke Detector"",""Carbon Monoxide Detector"",""Fire Extinguisher""}","$110.00","",31,92,9,10,10,10,9,2.76,416
"1339",931758,"f","Belltown",47.613413358991,-122.337517697651,"Apartment","Entire home/apt",6,2,2,3,"Real Bed","{TV,""Cable TV"",Internet,""Wireless Internet"",""Air Conditioning"",Pool,Kitchen,""Free Parking on Premises"",Gym,""Elevator in Building"",""Hot Tub"",Heating,""Family/Kid Friendly"",Washer,Dryer,""Smoke Detector"",""Carbon Monoxide Detector"",""Fire Extinguisher"",Essentials,Shampoo,""24-Hour Check-in"",Hangers,""Hair Dryer"",Iron,""Laptop Friendly Workspace""}","$135.00","$99.00",24,92,9,10,10,9,9,0.92,416
"1340",301059,"f","Belltown",47.6149728240278,-122.348554496788,"Apartment","Entire home/apt",4,1,1,1,"Real Bed","{TV,""Cable TV"",Internet,""Wireless Internet"",""Air Conditioning"",Pool,Kitchen,""Free Parking on Premises"",Gym,""Elevator in Building"",""Hot Tub"",""Buzzer/Wireless Intercom"",Heating,""Family/Kid Friendly"",Washer,Dryer,""Smoke Detector"",""Carbon Monoxide Detector"",""Safety Card"",""Fire Extinguisher"",Essentials,Shampoo}","$165.00","$96.00",12,96,10,10,10,10,9,0.26,412
"1341",8815638,"t","Belltown",47.6164427814491,-122.349415199467,"Apartment","Entire home/apt",2,1,1,1,"Real Bed","{TV,Internet,""Wireless Internet"",""Air Conditioning"",Kitchen,Gym,""Elevator in Building"",""Buzzer/Wireless Intercom"",Heating,""Family/Kid Friendly"",Washer,Dryer,""Smoke Detector"",""Carbon Monoxide Detector"",""First Aid Kit"",""Safety Card"",""Fire Extinguisher"",Essentials,Shampoo,""24-Hour Check-in"",Hangers,""Hair Dryer"",Iron,""Laptop Friendly Workspace""}","$139.00","$60.00",1,100,10,10,10,10,10,0.86,419
"1342",7264667,"f","Belltown",47.6173329773761,-122.330729690124,"Apartment","Entire home/apt",4,1,1,2,"Real Bed","{""Wireless Internet"",Kitchen,Heating,""Family/Kid Friendly"",Washer,Dryer,""Smoke Detector"",""Carbon Monoxide Detector"",""Fire Extinguisher"",Essentials}","$189.00","$99.00",7,89,10,10,10,9,9,1.28,428
"1343",2068301,"f","Belltown",47.6148328119408,-122.350165939418,"Apartment","Entire home/apt",2,1,0,1,"Real Bed","{TV,""Wireless Internet"",Kitchen,Gym,""Elevator in Building"",""Buzzer/Wireless Intercom"",Heating,Washer,Dryer,Essentials,Shampoo}","$140.00","",14,99,10,10,10,10,9,0.63,411
"1344",8487843,"t","Belltown",47.6164074559854,-122.342532558971,"Apartment","Entire home/apt",2,1,0,1,"Real Bed","{TV,Internet,""Wireless Internet"",""Air Conditioning"",Kitchen,Heating,Washer,Dryer,""Smoke Detector"",""First Aid Kit"",""Fire Extinguisher"",Essentials}","$129.00","$61.00",12,98,10,9,10,10,10,4,427
"1345",8608233,"f","Belltown",47.6169776678049,-122.356928670826,"Condominium","Entire home/apt",3,1,1,2,"Real Bed","{TV,Internet,""Wireless Internet"",""Wheelchair Accessible"",Kitchen,Gym,""Elevator in Building"",""Indoor Fireplace"",""Buzzer/Wireless Intercom"",Heating,Washer,Dryer,""Smoke Detector"",""First Aid Kit"",Essentials,Shampoo,""24-Hour Check-in"",Hangers,""Hair Dryer"",Iron,""Laptop Friendly Workspace""}","$150.00","$40.00",1,100,10,10,10,10,10,1,408
"1346",5446156,"f","Belltown",47.6146231486222,-122.340633842882,"Apartment","Entire home/apt",6,2,2,3,"Real Bed","{TV,""Cable TV"",Internet,""Wireless Internet"",""Air Conditioning"",Kitchen,""Free Parking on Premises"",Gym,""Elevator in Building"",Heating,""Family/Kid Friendly"",Washer,Dryer,""Smoke Detector"",""Carbon Monoxide Detector"",""Fire Extinguisher"",Essentials,Shampoo,""24-Hour Check-in"",Hangers,""Hair Dryer"",Iron,""Laptop Friendly Workspace""}","$245.00","$99.00",16,100,10,10,10,10,9,1.92,418
"1347",2691273,"f","Belltown",47.6144433257993,-122.347007692689,"Condominium","Entire home/apt",3,1,1,1,"Real Bed","{TV,Internet,""Wireless Internet"",Pool,Kitchen,""Free Parking on Premises"",""Smoking Allowed"",Gym,""Elevator in Building"",""Hot Tub"",""Family/Kid Friendly"",Washer,Dryer,""Smoke Detector"",""Carbon Monoxide Detector"",""Fire Extinguisher"",Essentials,Shampoo}","$175.00","$250.00",9,87,8,9,10,10,8,0.49,408
"1348",7807090,"f","Belltown",47.6132891625938,-122.34947346929,"Apartment","Entire home/apt",6,2,2,3,"Real Bed","{TV,""Cable TV"",Internet,""Wireless Internet"",Kitchen,""Free Parking on Premises"",Gym,""Elevator in Building"",Heating,""Family/Kid Friendly"",Washer,Dryer,""Smoke Detector"",""Carbon Monoxide Detector"",""Fire Extinguisher"",Essentials,Shampoo,""24-Hour Check-in"",Hangers,""Hair Dryer""}","$127.00","$99.00",3,100,10,10,10,10,9,0.82,399
"1349",8306646,"f","Belltown",47.6153008978612,-122.354339688619,"Apartment","Entire home/apt",5,2,2,3,"Real Bed","{TV,""Cable TV"",Internet,""Wireless Internet"",""Air Conditioning"",Gym,""Elevator in Building"",""Family/Kid Friendly"",Washer,Dryer,""Smoke Detector"",""Carbon Monoxide Detector"",""Fire Extinguisher"",Shampoo,""24-Hour Check-in"",Hangers,""Hair Dryer"",Iron,""Laptop Friendly Workspace""}","$444.00","$99.00",0,NA,NA,NA,NA,NA,NA,NA,404
"1350",9666446,"f","Belltown",47.6106349907283,-122.346017204814,"Apartment","Entire home/apt",2,2,1,2,"Real Bed","{TV,""Wheelchair Accessible"",""Free Parking on Premises"",Gym,""Elevator in Building"",""Hot Tub"",""Buzzer/Wireless Intercom"",Washer,Dryer,""Smoke Detector"",""Carbon Monoxide Detector"",""Hair Dryer"",Iron}","$105.00","$150.00",0,NA,NA,NA,NA,NA,NA,NA,400
"1351",1055661,"f","Belltown",47.6160323160932,-122.348225935855,"Apartment","Entire home/apt",4,1,1,2,"Real Bed","{TV,""Cable TV"",Internet,""Wireless Internet"",""Air Conditioning"",""Wheelchair Accessible"",Pool,Kitchen,""Free Parking on Premises"",Gym,""Elevator in Building"",""Hot Tub"",""Buzzer/Wireless Intercom"",Heating,""Family/Kid Friendly"",Washer,Dryer,""Smoke Detector"",""Carbon Monoxide Detector"",""Safety Card"",""Fire Extinguisher"",Essentials,Shampoo,Hangers,""Hair Dryer"",Iron}","$127.00","$96.00",15,100,10,10,10,10,10,0.48,419
"1352",7806698,"f","Belltown",47.6129503754231,-122.34974707319,"Apartment","Entire home/apt",6,2,2,3,"Real Bed","{TV,""Cable TV"",Internet,""Wireless Internet"",Kitchen,""Free Parking on Premises"",Gym,""Elevator in Building"",Heating,""Family/Kid Friendly"",Washer,Dryer,""Smoke Detector"",""Carbon Monoxide Detector"",""Fire Extinguisher"",Essentials,Shampoo,""24-Hour Check-in"",Hangers,""Hair Dryer"",Iron}","$122.00","$99.00",3,93,10,9,10,10,10,1.1,399
"1353",24212,"f","Belltown",47.6153962663526,-122.348663745922,"Apartment","Entire home/apt",6,1,2,3,"Real Bed","{TV,""Cable TV"",Internet,""Wireless Internet"",""Air Conditioning"",""Wheelchair Accessible"",Pool,Kitchen,""Free Parking on Premises"",Gym,""Elevator in Building"",""Hot Tub"",""Buzzer/Wireless Intercom"",Heating,""Family/Kid Friendly"",Washer,Dryer,""Smoke Detector"",""Carbon Monoxide Detector"",""Safety Card"",""Fire Extinguisher"",Essentials,Shampoo,Hangers,""Hair Dryer"",Iron}","$175.00","$107.00",29,91,10,10,10,9,9,0.46,413
"1354",8027776,"f","Belltown",47.6156860314865,-122.34037470018,"Apartment","Entire home/apt",4,1,0,3,"Real Bed","{TV,""Cable TV"",Internet,""Wireless Internet"",""Air Conditioning"",Kitchen,""Hot Tub"",Heating,Washer,Dryer,""Smoke Detector"",""Carbon Monoxide Detector"",""First Aid Kit"",""Fire Extinguisher"",Essentials,Shampoo}","$99.00","$65.00",36,98,10,10,10,10,10,9.08,423
"1355",6868378,"f","Belltown",47.6135808787405,-122.34890239626,"Apartment","Entire home/apt",4,1,1,2,"Real Bed","{TV,""Cable TV"",Internet,""Wireless Internet"",""Air Conditioning"",""Wheelchair Accessible"",Pool,Kitchen,""Free Parking on Premises"",Gym,""Elevator in Building"",""Hot Tub"",Heating,""Family/Kid Friendly"",Washer,Dryer,""Smoke Detector"",""Carbon Monoxide Detector"",""Safety Card"",""Fire Extinguisher"",Essentials,Shampoo,Hangers,""Hair Dryer"",Iron,""Laptop Friendly Workspace""}","$187.00","$90.00",6,97,10,9,10,9,9,1.06,402
"1356",7249508,"t","Belltown",47.6149618353397,-122.333657505276,"Apartment","Entire home/apt",3,1,1,1,"Real Bed","{TV,""Cable TV"",Internet,""Wireless Internet"",""Air Conditioning"",""Wheelchair Accessible"",Kitchen,Gym,""Elevator in Building"",""Buzzer/Wireless Intercom"",Heating,Washer,Dryer,""Smoke Detector"",""Carbon Monoxide Detector"",Essentials,Shampoo,""24-Hour Check-in"",Hangers,""Hair Dryer"",Iron,""Laptop Friendly Workspace""}","$150.00","$60.00",12,95,10,10,10,9,9,2.16,422
"1357",7544337,"f","Belltown",47.6160422177927,-122.344437974111,"Apartment","Entire home/apt",2,1,1,1,"Real Bed","{Internet,""Wireless Internet"",Kitchen,Heating,""Family/Kid Friendly"",Washer,Dryer,""Smoke Detector"",""Carbon Monoxide Detector"",Essentials,Shampoo}","$100.00","$20.00",4,90,10,9,10,10,8,0.81,419
"1358",19623,"f","Belltown",47.616429858618,-122.346344067791,"Apartment","Entire home/apt",6,NA,2,3,"Real Bed","{TV,""Cable TV"",Internet,""Wireless Internet"",""Wheelchair Accessible"",Kitchen,""Free Parking on Premises"",Gym,""Elevator in Building"",""Buzzer/Wireless Intercom"",Heating,""Family/Kid Friendly"",Washer,Dryer,""Smoke Detector"",""Carbon Monoxide Detector"",""Safety Card"",""Fire Extinguisher"",Essentials,Shampoo,""24-Hour Check-in"",Hangers,""Hair Dryer"",Iron,""Laptop Friendly Workspace""}","$186.00","$107.00",38,89,9,9,9,9,8,0.54,421
"1359",4210585,"f","Belltown",47.6142950423713,-122.336817126074,"Apartment","Entire home/apt",6,2,2,3,"Real Bed","{TV,""Cable TV"",Internet,""Wireless Internet"",""Air Conditioning"",Pool,Kitchen,""Free Parking on Premises"",Gym,""Elevator in Building"",""Hot Tub"",Heating,""Family/Kid Friendly"",Washer,Dryer,""Smoke Detector"",""Carbon Monoxide Detector"",""Fire Extinguisher"",Essentials,Shampoo,""24-Hour Check-in"",Hangers,""Hair Dryer"",Iron,""Laptop Friendly Workspace""}","$171.00","$99.00",6,97,10,10,10,10,10,0.74,418
"1360",5784320,"f","Belltown",47.6152897049001,-122.337954235741,"Apartment","Entire home/apt",6,2,2,3,"Real Bed","{TV,""Cable TV"",Internet,""Wireless Internet"",""Air Conditioning"",Pool,Kitchen,""Free Parking on Premises"",Gym,""Elevator in Building"",""Hot Tub"",Heating,""Family/Kid Friendly"",Washer,Dryer,""Smoke Detector"",""Carbon Monoxide Detector"",""Fire Extinguisher"",Essentials,Shampoo,""24-Hour Check-in"",Hangers,""Hair Dryer"",Iron}","$181.00","$99.00",9,96,10,10,10,10,9,1.05,421
"1361",7347229,"t","Belltown",47.6154380267344,-122.347402719665,"Apartment","Entire home/apt",2,1,1,1,"Real Bed","{TV,Internet,""Wireless Internet"",""Air Conditioning"",Kitchen,""Free Parking on Premises"",Gym,""Elevator in Building"",""Buzzer/Wireless Intercom"",Heating,Washer,Dryer,""Smoke Detector"",""Carbon Monoxide Detector"",""First Aid Kit"",""Safety Card"",""Fire Extinguisher"",Essentials,Shampoo}","$149.00","$55.00",18,98,10,10,10,10,9,3.31,414
"1362",4676275,"f","Belltown",47.6145252763161,-122.346468809662,"Apartment","Entire home/apt",4,1,1,2,"Real Bed","{TV,""Cable TV"",Internet,""Wireless Internet"",Kitchen,Gym,""Elevator in Building"",Heating,Essentials,Shampoo}","$270.00","$120.00",1,80,10,6,6,10,8,0.2,408
"1363",2489283,"f","Belltown",47.6136794539866,-122.349329892304,"Apartment","Entire home/apt",6,2,2,3,"Real Bed","{TV,""Cable TV"",Internet,""Wireless Internet"",""Air Conditioning"",""Wheelchair Accessible"",Pool,Kitchen,""Free Parking on Premises"",Gym,""Elevator in Building"",""Hot Tub"",""Indoor Fireplace"",""Buzzer/Wireless Intercom"",Heating,""Family/Kid Friendly"",Washer,Dryer,""Smoke Detector"",""Carbon Monoxide Detector"",""Safety Card"",""Fire Extinguisher"",Essentials,Shampoo,Hangers,""Hair Dryer"",Iron,""Laptop Friendly Workspace""}","$195.00","$113.00",10,100,10,10,10,10,10,0.47,401
"1364",277416,"f","Belltown",47.6160746942592,-122.346677477006,"Apartment","Entire home/apt",4,1,1,2,"Real Bed","{TV,""Cable TV"",Internet,""Wireless Internet"",""Air Conditioning"",""Wheelchair Accessible"",Pool,Kitchen,""Free Parking on Premises"",Gym,""Elevator in Building"",""Hot Tub"",Heating,""Family/Kid Friendly"",Washer,Dryer,Shampoo,Hangers,""Hair Dryer"",Iron}","$149.00","$88.00",37,97,10,10,10,10,9,0.75,421
"1365",7699356,"f","Belltown",47.6173429207099,-122.356168124573,"Condominium","Entire home/apt",2,1,1,1,"Real Bed","{TV,Kitchen,""Free Parking on Premises"",""Elevator in Building"",Heating,Washer,Dryer,""Smoke Detector"",""First Aid Kit"",""Fire Extinguisher"",Essentials,Shampoo}","$150.00","$25.00",2,90,10,9,10,9,10,0.42,411
"1366",5847934,"f","Belltown",47.6137372697339,-122.347775370645,"Apartment","Entire home/apt",6,2,2,3,"Real Bed","{TV,""Cable TV"",""Wireless Internet"",Pool,Kitchen,""Free Parking on Premises"",""Elevator in Building"",""Hot Tub"",Heating,""Family/Kid Friendly"",""Smoke Detector"",""Carbon Monoxide Detector"",""First Aid Kit"",Essentials,Shampoo}","$230.00","$209.00",10,98,10,10,10,10,9,1.25,402
"1367",9886971,"t","Belltown",47.618369998234,-122.338456903243,"Apartment","Entire home/apt",3,1,1,1,"Real Bed","{TV,Internet,""Wireless Internet"",""Air Conditioning"",""Wheelchair Accessible"",Kitchen,Gym,""Elevator in Building"",""Buzzer/Wireless Intercom"",Heating,""Family/Kid Friendly"",Washer,Dryer,""Smoke Detector"",""Carbon Monoxide Detector"",""First Aid Kit"",""Safety Card"",""Fire Extinguisher"",Essentials,Shampoo,""24-Hour Check-in"",Hangers,""Hair Dryer"",Iron,""Laptop Friendly Workspace""}","$183.00","$60.00",0,NA,NA,NA,NA,NA,NA,NA,432
"1368",5446180,"f","Belltown",47.6144485451795,-122.340694489195,"Apartment","Entire home/apt",6,2,2,3,"Real Bed","{TV,""Cable TV"",Internet,""Wireless Internet"",""Air Conditioning"",Kitchen,""Free Parking on Premises"",Gym,""Elevator in Building"",Heating,""Family/Kid Friendly"",Washer,Dryer,""Smoke Detector"",""Carbon Monoxide Detector"",""Fire Extinguisher"",Essentials,Shampoo,""24-Hour Check-in"",Hangers,""Hair Dryer"",Iron,""Laptop Friendly Workspace""}","$165.00","$99.00",5,96,10,10,9,10,8,0.54,416
"1369",4242626,"f","Belltown",47.618034204774,-122.346307637964,"Apartment","Entire home/apt",8,2,3,5,"Real Bed","{""Cable TV"",""Wireless Internet"",""Air Conditioning"",Pool,Kitchen,""Free Parking on Premises"",Gym,""Elevator in Building"",""Hot Tub"",Heating,""Family/Kid Friendly"",Washer,Dryer,""Smoke Detector"",""Carbon Monoxide Detector"",""First Aid Kit"",""Safety Card"",""Fire Extinguisher"",Essentials}","$335.00","$229.00",3,100,9,10,10,10,10,0.28,422
"1370",3226793,"f","Belltown",47.6159827960264,-122.346659809836,"Apartment","Private room",2,1,1,1,"Real Bed","{TV,Internet,""Wireless Internet"",""Wheelchair Accessible"",Kitchen,Gym,""Elevator in Building"",""Indoor Fireplace"",Heating,Washer,Dryer,""Smoke Detector"",""Carbon Monoxide Detector"",""First Aid Kit"",Essentials,Shampoo}","$75.00","$10.00",5,84,7,9,10,10,9,0.27,420
"1371",23430,"f","Belltown",47.614196071263,-122.344457686278,"Apartment","Entire home/apt",4,1,1,2,"Real Bed","{TV,""Cable TV"",Internet,""Wireless Internet"",""Wheelchair Accessible"",Kitchen,""Free Parking on Premises"",Gym,""Elevator in Building"",""Buzzer/Wireless Intercom"",Heating,""Family/Kid Friendly"",Washer,Dryer,""Smoke Detector"",""Carbon Monoxide Detector"",""Safety Card"",""Fire Extinguisher"",Essentials,Shampoo,Hangers,""Hair Dryer"",Iron}","$107.00","$96.00",22,96,10,10,10,9,9,0.33,407
"1372",2186330,"f","Belltown",47.6135406658999,-122.337730668095,"Apartment","Entire home/apt",6,2,2,3,"Real Bed","{TV,""Cable TV"",Internet,""Wireless Internet"",""Air Conditioning"",Pool,Kitchen,""Free Parking on Premises"",Gym,""Elevator in Building"",""Hot Tub"",Heating,""Family/Kid Friendly"",Washer,Dryer,""Smoke Detector"",""Carbon Monoxide Detector"",""Fire Extinguisher"",Essentials,Shampoo,""24-Hour Check-in"",Hangers,""Hair Dryer"",Iron,""Laptop Friendly Workspace""}","$167.00","$99.00",22,90,9,9,9,10,8,1.11,416
"1373",9477204,"f","Belltown",47.6174128859248,-122.346762579547,"Apartment","Entire home/apt",4,1,1,1,"Real Bed","{TV,Internet,""Wireless Internet"",Pool,Kitchen,Gym,""Elevator in Building"",""Hot Tub"",Heating,Washer,Dryer,""Smoke Detector"",Essentials}","$225.00","",0,NA,NA,NA,NA,NA,NA,NA,423
"1374",5683765,"f","Belltown",47.6143436148322,-122.346678558609,"Apartment","Entire home/apt",4,1,0,2,"Real Bed","{""Cable TV"",""Wireless Internet"",Pool,Kitchen,""Free Parking on Premises"",Gym,""Elevator in Building"",""Hot Tub"",""Buzzer/Wireless Intercom"",Heating,""Family/Kid Friendly"",Washer,Dryer,""Smoke Detector"",""Carbon Monoxide Detector"",""First Aid Kit"",Shampoo}","$120.00","$149.00",1,80,10,10,10,10,10,0.24,407
"1375",9900319,"f","Belltown",47.6155404424767,-122.340598874598,"Apartment","Entire home/apt",4,2,2,2,"Real Bed","{TV,Internet,""Wireless Internet"",Kitchen,Gym,""Elevator in Building"",Heating,""Family/Kid Friendly"",Washer,Dryer,""Smoke Detector"",""Carbon Monoxide Detector"",Essentials,""24-Hour Check-in"",Hangers,""Laptop Friendly Workspace""}","$110.00","$100.00",0,NA,NA,NA,NA,NA,NA,NA,422
"1376",5691933,"f","Belltown",47.6156638750143,-122.338666208693,"Apartment","Entire home/apt",8,2,3,5,"Real Bed","{""Cable TV"",""Wireless Internet"",""Air Conditioning"",Pool,Kitchen,""Free Parking on Premises"",Gym,""Elevator in Building"",""Hot Tub"",Heating,""Family/Kid Friendly"",""Smoke Detector"",""Carbon Monoxide Detector"",""First Aid Kit"",Essentials,Shampoo}","$425.00","$229.00",2,90,10,9,10,9,9,0.82,424
"1377",8829472,"t","Belltown",47.6163915351483,-122.348062882581,"Apartment","Entire home/apt",3,1,1,1,"Real Bed","{TV,""Wireless Internet"",""Air Conditioning"",Kitchen,Gym,""Elevator in Building"",""Buzzer/Wireless Intercom"",Heating,""Family/Kid Friendly"",Washer,Dryer,""Smoke Detector"",""Carbon Monoxide Detector"",""First Aid Kit"",""Safety Card"",""Fire Extinguisher"",Essentials,Shampoo,""24-Hour Check-in"",Hangers,""Hair Dryer"",Iron,""Laptop Friendly Workspace""}","$139.00","$60.00",5,100,10,10,10,10,9,1.9,420
"1378",5183938,"t","Belltown",47.613037517265,-122.345835941902,"Apartment","Entire home/apt",3,1,1,1,"Real Bed","{TV,Internet,""Wireless Internet"",""Wheelchair Accessible"",Kitchen,Gym,""Elevator in Building"",""Buzzer/Wireless Intercom"",Heating,""Family/Kid Friendly"",Washer,Dryer,""Smoke Detector"",""Carbon Monoxide Detector"",""First Aid Kit"",""Safety Card"",""Fire Extinguisher"",Essentials,Shampoo,""24-Hour Check-in"",Hangers,""Hair Dryer"",Iron,""Laptop Friendly Workspace""}","$149.00","$60.00",48,97,10,10,10,10,10,4.34,402
"1379",224763,"f","Belltown",47.6138602018385,-122.348787339118,"Apartment","Entire home/apt",4,NA,1,1,"Real Bed","{TV,""Cable TV"",Internet,""Wireless Internet"",""Air Conditioning"",""Wheelchair Accessible"",Pool,Kitchen,""Free Parking on Premises"",Gym,""Elevator in Building"",""Hot Tub"",""Buzzer/Wireless Intercom"",Heating,""Family/Kid Friendly"",Washer,Dryer,Shampoo,Hangers,""Hair Dryer"",Iron}","$149.00","$88.00",27,93,10,10,9,10,9,0.56,403
"1380",4520179,"t","Belltown",47.6183094087516,-122.346481195869,"Apartment","Entire home/apt",3,1.5,1,2,"Real Bed","{TV,""Wireless Internet"",Kitchen,Gym,""Elevator in Building"",Heating,""Family/Kid Friendly"",Washer,Dryer,""Smoke Detector"",""Carbon Monoxide Detector"",""Fire Extinguisher"",Essentials,Shampoo,""24-Hour Check-in"",Hangers,""Hair Dryer"",Iron,""Laptop Friendly Workspace""}","$130.00","$90.00",12,95,10,10,10,10,10,0.98,422
"1381",9263252,"f","Belltown",47.6178161326334,-122.348320534247,"Apartment","Entire home/apt",3,1,1,1,"Real Bed","{TV,""Wireless Internet"",""Air Conditioning"",Kitchen,Heating,Essentials,Shampoo}","$115.00","$50.00",1,100,10,10,10,10,10,1,421
"1382",284813,"f","Belltown",47.6165641404468,-122.351441564302,"Apartment","Entire home/apt",2,1,1,1,"Real Bed","{TV,""Cable TV"",Internet,""Wireless Internet"",""Air Conditioning"",Kitchen,""Free Parking on Premises"",""Pets Allowed"",""Elevator in Building"",Heating,""Family/Kid Friendly"",Washer,Dryer,""Smoke Detector"",""Carbon Monoxide Detector"",""First Aid Kit"",""Fire Extinguisher"",Essentials,Shampoo}","$159.00","$95.00",28,95,9,10,10,9,9,0.58,419
"1383",4402880,"f","Belltown",47.613851757163,-122.347893101577,"Apartment","Entire home/apt",4,1,0,2,"Real Bed","{""Cable TV"",""Wireless Internet"",""Air Conditioning"",Pool,Kitchen,""Free Parking on Premises"",Gym,""Elevator in Building"",""Hot Tub"",Heating,""Family/Kid Friendly"",Washer,Dryer,""Smoke Detector"",""Carbon Monoxide Detector"",""First Aid Kit"",""Safety Card"",""Fire Extinguisher"",Essentials}","$120.00","$149.00",2,90,10,7,8,10,9,0.7,403
"1384",2660384,"f","Belltown",47.6134861217169,-122.349285843914,"Apartment","Entire home/apt",4,1,0,2,"Real Bed","{TV,Internet,""Wireless Internet"",""Air Conditioning"",Kitchen,""Elevator in Building"",Heating,""Smoke Detector"",""Carbon Monoxide Detector"",Essentials,Shampoo,""24-Hour Check-in"",Hangers,""Hair Dryer"",Iron}","$100.00","$45.00",123,90,10,9,10,9,9,5.98,400
"1385",6973790,"f","Belltown",47.6160255284091,-122.348524834245,"Condominium","Entire home/apt",4,1,1,2,"Real Bed","{TV,""Cable TV"",Internet,""Wireless Internet"",""Air Conditioning"",""Wheelchair Accessible"",Pool,Kitchen,""Free Parking on Premises"",Gym,""Elevator in Building"",""Hot Tub"",""Buzzer/Wireless Intercom"",Heating,""Family/Kid Friendly"",Washer,Dryer,""Smoke Detector"",""Carbon Monoxide Detector"",""Fire Extinguisher"",Essentials,Shampoo}","$99.00","$75.00",11,98,10,9,9,9,10,1.77,419
"1386",7116795,"f","Belltown",47.614897687713,-122.340660848775,"Condominium","Entire home/apt",5,1.5,2,2,"Real Bed","{TV,""Cable TV"",Internet,""Wireless Internet"",Kitchen,Heating,""Family/Kid Friendly"",Washer,Dryer,""Smoke Detector"",""Carbon Monoxide Detector"",""Fire Extinguisher"",Essentials,Shampoo,""24-Hour Check-in"",Hangers,""Hair Dryer"",Iron,""Laptop Friendly Workspace""}","$169.00","$125.00",16,90,10,10,10,10,9,2.93,419
"1387",9910189,"f","Belltown",47.6153060101199,-122.334697270001,"Apartment","Entire home/apt",2,1,1,1,"Real Bed","{TV,""Cable TV"",Internet,""Wireless Internet"",""Air Conditioning"",Kitchen,""Free Parking on Premises"",Doorman,Gym,""Elevator in Building"",Heating,""Family/Kid Friendly"",Washer,Dryer,""Smoke Detector"",""Carbon Monoxide Detector"",Essentials,Shampoo,""24-Hour Check-in"",Hangers,""Hair Dryer"",Iron,""Laptop Friendly Workspace""}","$110.00","$35.00",0,NA,NA,NA,NA,NA,NA,NA,421
"1388",6854552,"t","Belltown",47.6153323826331,-122.333908214138,"Apartment","Entire home/apt",3,1,1,1,"Real Bed","{TV,""Cable TV"",Internet,""Wireless Internet"",""Air Conditioning"",""Wheelchair Accessible"",Kitchen,Doorman,Gym,""Elevator in Building"",""Buzzer/Wireless Intercom"",Heating,Washer,Dryer,""Smoke Detector"",""Carbon Monoxide Detector"",Essentials,Shampoo,""24-Hour Check-in"",Hangers,""Hair Dryer"",Iron,""Laptop Friendly Workspace""}","$170.00","$60.00",27,99,10,10,10,10,10,4.05,421
"1389",1857141,"f","Belltown",47.6114766849986,-122.348518498493,"Apartment","Entire home/apt",2,1,0,2,"Real Bed","{TV,Internet,""Wireless Internet"",Kitchen,Heating,Washer,Dryer,Essentials,Shampoo}","$115.00","",44,94,9,10,10,10,9,1.67,400
"1390",8668410,"f","Belltown",47.6163046027974,-122.352586704987,"Apartment","Entire home/apt",7,2,3,3,"Real Bed","{TV,""Cable TV"",Internet,""Wireless Internet"",""Air Conditioning"",Kitchen,Gym,""Elevator in Building"",Heating,Washer,Dryer,""Smoke Detector"",Essentials,Shampoo}","$112.00","$109.00",2,100,10,10,10,9,10,2,414
"1391",8517235,"f","Belltown",47.6117108758287,-122.347532031834,"Apartment","Entire home/apt",2,1,1,1,"Real Bed","{TV,Internet,""Wireless Internet"",Kitchen,""Elevator in Building"",Heating,Washer,Dryer,""Smoke Detector"",""Carbon Monoxide Detector""}","$120.00","",1,80,8,8,10,10,10,0.7,402
"1392",4311244,"f","Belltown",47.6144040534177,-122.337570375455,"Apartment","Entire home/apt",6,2,2,4,"Real Bed","{""Cable TV"",""Wireless Internet"",Pool,Kitchen,""Free Parking on Premises"",Doorman,Gym,""Elevator in Building"",""Hot Tub"",Heating,""Family/Kid Friendly"",Washer,Dryer,""Smoke Detector"",""Carbon Monoxide Detector"",""First Aid Kit"",""Safety Card"",""Fire Extinguisher"",Essentials}","$239.00","$209.00",1,100,10,10,10,10,10,0.19,419
"1393",7616008,"f","Belltown",47.6127093467028,-122.344114422021,"Apartment","Entire home/apt",2,1,0,1,"Real Bed","{TV,Internet,""Wireless Internet"",Kitchen,""Elevator in Building"",Heating,Washer,Dryer,""Smoke Detector"",""Carbon Monoxide Detector"",Essentials,Shampoo}","$135.00","$50.00",21,96,10,10,10,10,9,4.74,404
"1394",4776823,"f","Belltown",47.6152136004337,-122.347636217531,"Loft","Entire home/apt",4,1,0,2,"Real Bed","{TV,Internet,""Wireless Internet"",""Air Conditioning"",Kitchen,""Free Parking on Premises"",""Pets Allowed"",""Elevator in Building"",""Buzzer/Wireless Intercom"",Heating,""Family/Kid Friendly"",""Suitable for Events"",Washer,Dryer,""Smoke Detector"",""Carbon Monoxide Detector"",""Safety Card"",Essentials,Shampoo,""24-Hour Check-in"",Hangers,""Hair Dryer"",Iron,""Laptop Friendly Workspace""}","$125.00","$45.00",67,94,10,9,9,10,10,5.33,414
"1395",8082659,"f","Belltown",47.6175371055691,-122.346549561716,"Apartment","Entire home/apt",2,1,0,1,"Real Bed","{TV,Internet,""Wireless Internet"",Kitchen,""Elevator in Building"",""Family/Kid Friendly"",""Smoke Detector"",Essentials,Shampoo}","$150.00","$50.00",17,99,10,10,10,10,10,4.11,423
"1396",808134,"f","Belltown",47.6140568378905,-122.347269754377,"Apartment","Entire home/apt",6,2,2,3,"Real Bed","{TV,""Cable TV"",Internet,""Wireless Internet"",""Air Conditioning"",""Wheelchair Accessible"",Pool,Kitchen,""Free Parking on Premises"",Gym,""Elevator in Building"",""Hot Tub"",""Indoor Fireplace"",""Buzzer/Wireless Intercom"",Heating,""Family/Kid Friendly"",Washer,Dryer,""Smoke Detector"",""Carbon Monoxide Detector"",""Safety Card"",""Fire Extinguisher"",Essentials,Shampoo,Hangers,""Hair Dryer"",Iron}","$197.00","$113.00",5,95,10,10,10,10,10,0.18,404
"1397",8984454,"f","Belltown",47.6182209022534,-122.357568080513,"Condominium","Entire home/apt",2,0.5,0,1,"Real Bed","{TV,""Wireless Internet"",""Air Conditioning"",Kitchen,""Free Parking on Premises"",""Elevator in Building"",Heating,Washer,Dryer,""Smoke Detector"",""Fire Extinguisher"",Essentials,Shampoo}","$79.00","$85.00",0,NA,NA,NA,NA,NA,NA,NA,406
"1398",6403878,"f","Belltown",47.6109161604299,-122.346629321479,"Apartment","Entire home/apt",3,1,1,1,"Real Bed","{Internet,""Wireless Internet"",Kitchen,""Elevator in Building"",Heating,""Family/Kid Friendly"",Washer,Dryer,""Smoke Detector"",""Carbon Monoxide Detector"",Essentials}","$106.00","$61.00",23,82,9,7,9,10,9,3.42,403
"1399",8427254,"f","Belltown",47.6161792428439,-122.349416990914,"Apartment","Entire home/apt",2,1,1,1,"Real Bed","{TV,Internet,""Wireless Internet"",Pool,Gym,""Elevator in Building"",""Indoor Fireplace"",""Buzzer/Wireless Intercom"",Heating,Dryer,""Smoke Detector"",""First Aid Kit"",""Fire Extinguisher"",Shampoo}","$139.00","$50.00",0,NA,NA,NA,NA,NA,NA,NA,419
"1400",529090,"f","Belltown",47.6129678269646,-122.347774871468,"Apartment","Private room",2,1,1,1,"Real Bed","{TV,Internet,""Wireless Internet"",Pool,Kitchen,Doorman,Gym,""Elevator in Building"",""Hot Tub"",""Indoor Fireplace"",""Buzzer/Wireless Intercom"",Heating,Washer,Dryer,""Smoke Detector"",""Carbon Monoxide Detector"",""First Aid Kit"",""Safety Card"",""Fire Extinguisher"",Shampoo}","$150.00","",95,93,10,10,10,10,9,2.82,400
"1401",2392869,"t","Belltown",47.6114111389989,-122.340830294826,"Apartment","Entire home/apt",3,1,1,1,"Real Bed","{TV,Internet,""Wireless Internet"",Kitchen,""Elevator in Building"",""Buzzer/Wireless Intercom"",Heating,""Family/Kid Friendly"",Washer,Dryer,""Smoke Detector"",""Carbon Monoxide Detector"",""First Aid Kit"",""Safety Card"",""Fire Extinguisher"",Essentials,Shampoo,""24-Hour Check-in"",Hangers,""Hair Dryer"",Iron,""Laptop Friendly Workspace""}","$149.00","$60.00",95,93,10,10,10,10,9,4.19,412
"1402",5289293,"f","Belltown",47.6171490425076,-122.351769312504,"Apartment","Entire home/apt",3,1,1,2,"Real Bed","{TV,Internet,""Wireless Internet"",Kitchen,""Pets Allowed"",Gym,""Elevator in Building"",""Buzzer/Wireless Intercom"",Heating,""Family/Kid Friendly"",""Suitable for Events"",Washer,Dryer,""Smoke Detector"",""Carbon Monoxide Detector"",""First Aid Kit"",Essentials,Shampoo}","$115.00","$45.00",37,93,10,10,10,10,10,3.57,416
"1403",4783585,"t","Belltown",47.6154340024405,-122.348520760421,"Apartment","Entire home/apt",6,1,2,3,"Real Bed","{TV,""Cable TV"",""Wireless Internet"",Pool,Kitchen,""Free Parking on Premises"",Gym,""Elevator in Building"",""Hot Tub"",Heating,""Family/Kid Friendly"",Washer,Dryer,""Smoke Detector"",""Carbon Monoxide Detector"",""Fire Extinguisher"",Essentials,Shampoo}","$175.00","$95.00",24,97,10,10,10,10,9,2.01,413
"1404",286080,"f","Belltown",47.6150870255405,-122.347142420594,"Apartment","Entire home/apt",6,2,2,3,"Real Bed","{TV,""Cable TV"",Internet,""Wireless Internet"",""Air Conditioning"",""Wheelchair Accessible"",Pool,Kitchen,""Free Parking on Premises"",Gym,""Elevator in Building"",""Hot Tub"",""Buzzer/Wireless Intercom"",Heating,""Family/Kid Friendly"",Washer,Dryer,""Smoke Detector"",""Carbon Monoxide Detector"",""Safety Card"",""Fire Extinguisher"",Essentials,Shampoo,Hangers,""Hair Dryer""}","$175.00","$113.00",26,93,9,10,9,9,9,0.53,414
"1405",1601714,"t","Belltown",47.6144192593675,-122.336205801413,"Apartment","Entire home/apt",3,1,1,1,"Real Bed","{TV,Internet,""Wireless Internet"",Kitchen,""Elevator in Building"",""Buzzer/Wireless Intercom"",Heating,Washer,Dryer}","$124.00","$50.00",35,90,9,9,10,9,9,1.26,418
"1406",9474025,"f","Belltown",47.6143755928109,-122.345042728415,"Apartment","Shared room",1,1,1,1,"Real Bed","{""Wireless Internet"",Gym,""Elevator in Building"",Washer,Dryer}","$65.00","",0,NA,NA,NA,NA,NA,NA,NA,407
"1407",5459895,"f","Belltown",47.6132589742529,-122.345147153066,"Apartment","Entire home/apt",5,1,2,4,"Real Bed","{""Cable TV"",Internet,""Wireless Internet"",Kitchen,Gym,""Elevator in Building"",Heating,Essentials,Shampoo}","$229.00","$120.00",1,80,8,8,8,10,8,0.16,403
"1408",7360078,"f","Belltown",47.6179679897018,-122.347514067223,"Apartment","Private room",2,1,1,1,"Real Bed","{TV,""Cable TV"",Internet,""Wireless Internet"",""Air Conditioning"",Kitchen,Gym,""Elevator in Building"",Heating,""Family/Kid Friendly"",""Suitable for Events"",Washer,Dryer,""Smoke Detector"",""Carbon Monoxide Detector"",""First Aid Kit"",""Fire Extinguisher"",Essentials,Shampoo}","$125.00","$40.00",12,95,10,10,10,10,10,2.18,421
"1409",8843162,"f","Belltown",47.6162397544285,-122.350684064327,"Apartment","Private room",1,1,1,1,"Real Bed","{Internet,""Wireless Internet"",Kitchen,Heating,Washer,Dryer,Essentials,Shampoo,""Hair Dryer"",""Laptop Friendly Workspace""}","$40.00","",2,90,8,9,10,10,9,2,416
"1410",8409750,"f","Belltown",47.613247601537,-122.348980341003,"Condominium","Entire home/apt",6,1,2,2,"Real Bed","{TV,""Cable TV"",Internet,""Wireless Internet"",Pool,Kitchen,""Free Parking on Premises"",Gym,""Elevator in Building"",""Hot Tub"",""Buzzer/Wireless Intercom"",Heating,""Family/Kid Friendly"",Washer,Dryer,""Smoke Detector"",""Carbon Monoxide Detector"",""First Aid Kit"",""Safety Card"",""Fire Extinguisher"",Essentials,Shampoo,""24-Hour Check-in"",Hangers,""Hair Dryer"",Iron,""Laptop Friendly Workspace""}","$183.00","$100.00",7,100,10,10,10,10,10,2.92,399
"1411",6033201,"t","Belltown",47.6159769150056,-122.348044749765,"Apartment","Entire home/apt",2,1,1,1,"Real Bed","{TV,Internet,""Wireless Internet"",Kitchen,Gym,""Pets live on this property"",Dog(s),""Elevator in Building"",""Buzzer/Wireless Intercom"",Heating,""Family/Kid Friendly"",Washer,Dryer,""Smoke Detector"",""Carbon Monoxide Detector"",Essentials,Shampoo}","$169.00","$30.00",15,99,10,10,10,10,9,1.92,420
"1412",5058302,"t","Belltown",47.6151070973524,-122.348687862537,"Condominium","Entire home/apt",5,1,1,3,"Real Bed","{TV,""Cable TV"",""Wireless Internet"",Pool,Kitchen,""Free Parking on Premises"",Gym,""Elevator in Building"",""Hot Tub"",Heating,""Family/Kid Friendly"",Washer,Dryer,""Smoke Detector"",""Carbon Monoxide Detector"",""Fire Extinguisher"",Essentials,Shampoo}","$155.00","$85.00",23,90,9,9,10,9,9,2.15,412
"1413",4264056,"f","Belltown",47.6143466396562,-122.340602366496,"Apartment","Entire home/apt",2,1,0,1,"Real Bed","{Kitchen,Heating,Shampoo}","$75.00","$10.00",65,79,8,9,9,10,9,5.04,415
"1414",1707064,"t","Belltown",47.6124861493108,-122.345645130231,"Apartment","Entire home/apt",4,1,0,2,"Real Bed","{TV,""Cable TV"",Internet,""Wireless Internet"",""Air Conditioning"",Kitchen,Heating,Washer,Dryer,Essentials,Shampoo}","$89.00","$35.00",168,96,10,10,10,10,9,6.09,404
"1415",8236094,"f","Belltown",47.6177296710448,-122.347685277145,"Apartment","Shared room",4,1,1,2,"Real Bed","{""Wheelchair Accessible"",Kitchen,""Elevator in Building"",Heating,Washer,Dryer,""Smoke Detector"",""Carbon Monoxide Detector"",""First Aid Kit"",""Safety Card"",Essentials,Shampoo,""Laptop Friendly Workspace""}","$35.00","$10.00",2,100,10,10,10,10,10,2,421
"1416",8072907,"f","Belltown",47.6161233047416,-122.345694390367,"Apartment","Entire home/apt",3,1,1,1,"Real Bed","{TV,Internet,""Wireless Internet"",""Air Conditioning"",Kitchen,Heating,""Family/Kid Friendly"",Washer,Dryer,""Smoke Detector"",""Carbon Monoxide Detector"",""Fire Extinguisher"",Essentials,Shampoo}","$115.00","$45.00",12,90,10,10,10,10,9,2.79,421
"1417",4082986,"f","Belltown",47.6168781624165,-122.348484171158,"Apartment","Entire home/apt",2,1,0,1,"Real Bed","{TV,""Cable TV"",Internet,""Wireless Internet"",""Air Conditioning"",Kitchen,Gym,""Elevator in Building"",Heating,""Family/Kid Friendly"",Washer,Dryer,""Smoke Detector"",""Carbon Monoxide Detector"",""Fire Extinguisher"",Essentials,Shampoo,""24-Hour Check-in"",Hangers,""Hair Dryer"",Iron,""Laptop Friendly Workspace""}","$115.00","$38.00",115,95,10,10,10,10,10,7.19,422
"1418",9138600,"f","Belltown",47.6114921024573,-122.341191986632,"Apartment","Entire home/apt",3,1,1,2,"Real Bed","{TV,""Wireless Internet"",Kitchen,""Elevator in Building"",Heating,""Family/Kid Friendly"",Washer,Dryer,""Smoke Detector"",""Fire Extinguisher"",Essentials,Hangers,""Hair Dryer"",Iron,""Laptop Friendly Workspace""}","$165.00","$65.00",4,95,10,10,10,10,9,2.31,412
"1419",7922197,"f","Belltown",47.6142751187652,-122.34724728008,"Apartment","Entire home/apt",3,1,1,1,"Real Bed","{TV,Internet,""Wireless Internet"",""Wheelchair Accessible"",Kitchen,Gym,""Elevator in Building"",""Buzzer/Wireless Intercom"",Heating,""Family/Kid Friendly"",Washer,Dryer,""Smoke Detector"",""Carbon Monoxide Detector"",Essentials,Shampoo}","$115.00","$50.00",22,96,9,10,10,10,10,5.41,407
"1420",10235014,"","Belltown",47.6159736114301,-122.340536611042,"Apartment","Entire home/apt",2,1,1,1,"Real Bed","{TV,""Cable TV"",Internet,""Wireless Internet"",""Air Conditioning"",""Wheelchair Accessible"",Kitchen,Doorman,Gym,""Elevator in Building"",""Indoor Fireplace"",Heating,""Family/Kid Friendly"",""Suitable for Events"",Washer,Dryer,Essentials,Shampoo,""24-Hour Check-in"",Hangers,""Hair Dryer"",Iron,""Laptop Friendly Workspace""}","$250.00","",0,NA,NA,NA,NA,NA,NA,NA,424
"1421",4190689,"f","Belltown",47.6177808735048,-122.345970841737,"Apartment","Entire home/apt",4,1,1,2,"Real Bed","{""Cable TV"",""Wireless Internet"",""Air Conditioning"",Pool,Kitchen,""Free Parking on Premises"",Gym,""Elevator in Building"",""Hot Tub"",Heating,Washer,Dryer,Essentials}","$166.00","$159.00",0,NA,NA,NA,NA,NA,NA,NA,423
"1422",3033913,"f","Belltown",47.6155376300706,-122.34655776415,"Condominium","Entire home/apt",6,1,1,3,"Real Bed","{TV,Internet,""Wireless Internet"",""Air Conditioning"",""Wheelchair Accessible"",Pool,Kitchen,""Free Parking on Premises"",""Pets Allowed"",Gym,""Elevator in Building"",""Hot Tub"",""Buzzer/Wireless Intercom"",Heating,""Family/Kid Friendly"",""Suitable for Events"",Washer,Dryer,""Smoke Detector"",""Carbon Monoxide Detector"",""First Aid Kit"",""Safety Card"",""Fire Extinguisher"",Essentials,Shampoo,""24-Hour Check-in"",Hangers,""Hair Dryer"",Iron,""Laptop Friendly Workspace""}","$105.00","$45.00",25,90,10,9,10,10,9,4.29,414
"1423",6362918,"f","Belltown",47.6122762631674,-122.343781205633,"Apartment","Entire home/apt",2,1,0,1,"Real Bed","{TV,Internet,""Wireless Internet"",""Air Conditioning"",Kitchen,""Elevator in Building"",Heating,Washer,Dryer,""Smoke Detector"",""Carbon Monoxide Detector"",Essentials,Shampoo}","$145.00","$50.00",45,95,10,10,10,10,9,5.84,404
"1424",2935486,"f","Belltown",47.6155879688493,-122.34882232862,"Apartment","Entire home/apt",6,2,2,2,"Real Bed","{TV,""Cable TV"",Internet,""Wireless Internet"",""Air Conditioning"",Kitchen,""Free Parking on Premises"",Gym,""Pets live on this property"",Dog(s),""Elevator in Building"",""Hot Tub"",""Indoor Fireplace"",""Buzzer/Wireless Intercom"",Heating,""Family/Kid Friendly"",Washer,Dryer,""Smoke Detector"",""First Aid Kit"",Essentials,Shampoo}","$250.00","$25.00",68,94,9,10,10,10,9,3.45,417
"1425",9031119,"t","Belltown",47.6177359523446,-122.349330311618,"Apartment","Entire home/apt",2,1,1,1,"Real Bed","{TV,Internet,""Wireless Internet"",""Air Conditioning"",Kitchen,Gym,""Elevator in Building"",""Buzzer/Wireless Intercom"",Heating,""Family/Kid Friendly"",Washer,Dryer,""Smoke Detector"",""Carbon Monoxide Detector"",""First Aid Kit"",""Safety Card"",""Fire Extinguisher"",Essentials,Shampoo,""24-Hour Check-in"",Hangers,""Hair Dryer"",Iron,""Laptop Friendly Workspace""}","$139.00","$60.00",1,100,10,10,10,10,10,1,421
"1426",5270886,"f","Belltown",47.6151519353355,-122.342229814743,"Apartment","Entire home/apt",4,1,1,2,"Real Bed","{TV,""Cable TV"",""Wireless Internet"",""Air Conditioning"",""Wheelchair Accessible"",Kitchen,""Free Parking on Premises"",Gym,""Elevator in Building"",Heating,""Family/Kid Friendly"",Washer,Dryer,""Smoke Detector"",Essentials,Shampoo}","$82.00","$75.00",11,98,10,9,10,10,9,1.53,418
"1427",59838,"f","Belltown",47.6141899445197,-122.344957314768,"Apartment","Entire home/apt",6,1,2,3,"Real Bed","{TV,""Cable TV"",Internet,""Wireless Internet"",Kitchen,""Free Parking on Premises"",Gym,""Elevator in Building"",""Buzzer/Wireless Intercom"",Heating,""Family/Kid Friendly"",Washer,Dryer,""Smoke Detector"",""Carbon Monoxide Detector"",""Safety Card"",""Fire Extinguisher"",Essentials,Shampoo}","$147.00","$107.00",70,88,10,10,10,9,9,1.14,407
"1428",7727428,"f","Belltown",47.616512375091,-122.347911802697,"Apartment","Entire home/apt",2,1,1,1,"Real Bed","{TV,Internet,""Wireless Internet"",Kitchen,Gym,""Elevator in Building"",Heating,Washer,Dryer,""Smoke Detector"",""First Aid Kit"",Essentials,Shampoo}","$150.00","",0,NA,NA,NA,NA,NA,NA,NA,420
"1429",59708,"f","Belltown",47.6148323325561,-122.349029124063,"Apartment","Entire home/apt",4,1,1,2,"Real Bed","{TV,""Cable TV"",Internet,""Wireless Internet"",""Air Conditioning"",""Wheelchair Accessible"",Pool,Kitchen,""Free Parking on Premises"",Gym,""Elevator in Building"",""Hot Tub"",""Buzzer/Wireless Intercom"",Heating,""Family/Kid Friendly"",Washer,Dryer,""Smoke Detector"",""Carbon Monoxide Detector"",""Safety Card"",""Fire Extinguisher"",Essentials,Shampoo,Hangers,""Hair Dryer"",Iron}","$187.00","$96.00",6,90,10,10,10,9,10,0.12,412
"1430",1476298,"f","Belltown",47.6150704952699,-122.345918904505,"Apartment","Entire home/apt",2,1,NA,1,"Real Bed","{TV,Internet,""Wireless Internet"",""Wheelchair Accessible"",Kitchen,Gym,""Pets live on this property"",Dog(s),Cat(s),""Elevator in Building"",Heating,""Family/Kid Friendly"",Washer,Dryer,""Smoke Detector"",""Carbon Monoxide Detector"",""First Aid Kit"",""Safety Card"",""Fire Extinguisher"",Essentials}","$80.00","$30.00",170,94,10,10,10,10,9,5.82,414
"1431",6850007,"f","Belltown",47.6126135521857,-122.34404496466,"Apartment","Private room",2,1.5,1,1,"Real Bed","{TV,Internet,""Wireless Internet"",""Air Conditioning"",Kitchen,Gym,""Elevator in Building"",""Hot Tub"",""Indoor Fireplace"",""Buzzer/Wireless Intercom"",Heating,Washer,Dryer,""Smoke Detector"",Shampoo}","$130.00","",0,NA,NA,NA,NA,NA,NA,NA,404
"1432",8922554,"f","Belltown",47.6126742991455,-122.341665345091,"Condominium","Entire home/apt",2,1,1,1,"Real Bed","{TV,Internet,""Wireless Internet"",""Air Conditioning"",Kitchen,Doorman,Gym,""Elevator in Building"",Heating,Washer,Dryer,Essentials,Shampoo}","$130.00","$30.00",1,80,6,10,10,10,10,1,410
"1433",7440415,"f","Belltown",47.6111646796443,-122.347544622502,"Apartment","Entire home/apt",4,1,1,1,"Real Bed","{TV,Internet,""Wireless Internet"",Pool,Kitchen,Gym,""Elevator in Building"",""Hot Tub"",""Indoor Fireplace"",""Buzzer/Wireless Intercom"",Heating,""Family/Kid Friendly"",Washer,Dryer,""Smoke Detector"",""Carbon Monoxide Detector"",Essentials,Shampoo,Hangers,""Hair Dryer"",Iron,""Laptop Friendly Workspace""}","$100.00","$50.00",2,90,10,8,9,9,9,0.41,402
"1434",6490091,"t","Belltown",47.6151784694283,-122.351324813075,"Apartment","Shared room",2,1,1,1,"Real Bed","{TV,Internet,""Wireless Internet"",Pool,Kitchen,Gym,Breakfast,""Elevator in Building"",""Hot Tub"",""Indoor Fireplace"",""Buzzer/Wireless Intercom"",Heating,""Suitable for Events"",Washer,Dryer,""Smoke Detector"",""First Aid Kit"",""Fire Extinguisher"",Essentials,Shampoo}","$95.00","$35.00",1,100,10,8,10,10,10,0.14,408
"1435",9311687,"f","Belltown",47.6174494380792,-122.346156825911,"Apartment","Private room",1,1,1,1,"Futon","{Internet,""Wireless Internet"",""Air Conditioning"",""Wheelchair Accessible"",Kitchen,""Pets Allowed"",Gym,""Elevator in Building"",""Buzzer/Wireless Intercom"",Heating,""Family/Kid Friendly"",Washer,Dryer,""Smoke Detector"",""Carbon Monoxide Detector"",""First Aid Kit"",Essentials,Shampoo}","$68.00","$20.00",9,87,10,9,9,10,9,4.91,423
"1436",8103365,"f","Belltown",47.6170036664374,-122.353979783558,"Apartment","Entire home/apt",2,1,0,1,"Real Bed","{TV,Internet,""Wireless Internet"",Pool,Kitchen,Gym,""Elevator in Building"",""Hot Tub"",""Buzzer/Wireless Intercom"",Heating,Washer,Dryer,""Smoke Detector"",""Carbon Monoxide Detector"",""Fire Extinguisher"",Essentials}","$150.00","$35.00",1,80,10,10,10,10,8,0.39,414
"1437",631445,"t","Belltown",47.6134831119829,-122.348432111383,"Apartment","Entire home/apt",4,1,1,1,"Real Bed","{TV,""Cable TV"",Internet,""Wireless Internet"",""Air Conditioning"",Pool,Kitchen,Gym,""Elevator in Building"",""Hot Tub"",""Buzzer/Wireless Intercom"",Heating,""Family/Kid Friendly"",Washer,Dryer,""Smoke Detector"",""Carbon Monoxide Detector"",""First Aid Kit"",""Fire Extinguisher"",Shampoo}","$165.00","$75.00",38,94,10,10,10,10,9,0.92,401
"1438",6545773,"f","Belltown",47.6128230937901,-122.345553422279,"Apartment","Entire home/apt",3,1,1,2,"Real Bed","{TV,""Cable TV"",Internet,""Wireless Internet"",Kitchen,""Elevator in Building"",Heating,Washer,Dryer,""Smoke Detector"",Essentials}","$117.00","",2,100,10,10,10,10,10,0.34,404
"1439",8036985,"t","Belltown",47.613647026893,-122.34162109575,"Apartment","Entire home/apt",2,1,0,1,"Real Bed","{TV,Internet,""Wireless Internet"",""Wheelchair Accessible"",Kitchen,""Free Parking on Premises"",Gym,""Elevator in Building"",Heating,Washer,Dryer,""Smoke Detector"",""Carbon Monoxide Detector"",""Safety Card"",Essentials,Shampoo}","$168.00","$40.00",37,98,10,10,10,10,10,8.67,411
"1440",9699490,"f","Belltown",47.6171548146513,-122.352589655022,"Apartment","Entire home/apt",3,1,1,1,"Real Bed","{TV,""Cable TV"",Internet,""Wireless Internet"",Kitchen,Heating,Washer,Dryer,""Smoke Detector"",""Carbon Monoxide Detector"",Essentials}","$75.00","$69.00",0,NA,NA,NA,NA,NA,NA,NA,415
"1441",4661374,"f","Belltown",47.6155403093935,-122.343341531146,"Apartment","Entire home/apt",2,1,0,1,"Real Bed","{TV,""Wireless Internet"",""Wheelchair Accessible"",Kitchen,Breakfast,""Elevator in Building"",Heating,Washer,Dryer,""Smoke Detector"",""Carbon Monoxide Detector"",""First Aid Kit"",Essentials,Shampoo}","$79.00","$60.00",2,100,10,10,10,10,10,1.33,415
"1442",365550,"f","International District",47.5990163043883,-122.327079876282,"Loft","Private room",2,1.5,1,1,"Real Bed","{TV,""Cable TV"",Internet,""Wireless Internet"",Kitchen,Heating,""Smoke Detector"",""Carbon Monoxide Detector"",""First Aid Kit"",""Safety Card"",""Fire Extinguisher"",Essentials,Shampoo,""24-Hour Check-in"",Hangers,""Hair Dryer"",Iron,""Laptop Friendly Workspace""}","$89.00","",466,94,10,10,10,9,9,10.12,418
"1443",7777381,"f","International District",47.6013262211795,-122.324640374103,"Apartment","Private room",2,1,1,1,"Real Bed","{TV,Internet,""Wireless Internet"",""Wheelchair Accessible"",Kitchen,Gym,""Pets live on this property"",Dog(s),Cat(s),""Elevator in Building"",Heating,Washer,Dryer,""Smoke Detector"",""Carbon Monoxide Detector"",""Fire Extinguisher"",Essentials,Shampoo}","$80.00","",14,99,10,10,10,10,10,3.5,418
"1444",1778989,"f","International District",47.5977974556908,-122.319859587936,"Apartment","Private room",2,1,1,1,"Real Bed","{Internet,""Wireless Internet"",Kitchen,""Free Parking on Premises"",""Pets Allowed"",""Elevator in Building"",""Buzzer/Wireless Intercom"",Heating,""Family/Kid Friendly"",Washer,Dryer,Shampoo}","$120.00","$25.00",53,95,9,10,10,9,9,2.31,413
"1445",5031285,"f","International District",47.5992485871085,-122.328242670658,"Other","Shared room",1,2,1,1,"Real Bed","{TV,Internet,""Wireless Internet"",""Air Conditioning"",Kitchen,Breakfast,""Pets live on this property"",Dog(s),Cat(s),""Elevator in Building"",""Buzzer/Wireless Intercom"",Heating,""Family/Kid Friendly"",""Suitable for Events"",""Smoke Detector"",""First Aid Kit"",""Safety Card"",""Fire Extinguisher"",Essentials}","$40.00","$10.00",66,93,9,10,10,9,9,8.05,418
"1446",5031383,"f","International District",47.5993129400334,-122.328318218877,"Other","Shared room",1,2,1,1,"Real Bed","{TV,Internet,""Wireless Internet"",Kitchen,Breakfast,""Pets live on this property"",Cat(s),""Elevator in Building"",""Buzzer/Wireless Intercom"",""Smoke Detector"",""First Aid Kit"",""Safety Card"",""Fire Extinguisher""}","$40.00","$10.00",19,94,9,10,10,9,9,3.7,418
"1447",9685856,"f","International District",47.5991250081335,-122.323115399041,"Apartment","Private room",2,0,1,1,"Real Bed","{Internet,Kitchen,Heating,Washer,Dryer,""Smoke Detector""}","$65.00","",0,NA,NA,NA,NA,NA,NA,NA,420
"1448",208356,"f","International District",47.5990807485316,-122.325591261622,"Loft","Private room",2,1.5,1,1,"Real Bed","{TV,""Cable TV"",Internet,""Wireless Internet"",""Air Conditioning"",Kitchen,Heating,""Smoke Detector"",""Carbon Monoxide Detector"",""First Aid Kit"",""Safety Card"",""Fire Extinguisher"",Essentials,Shampoo,""24-Hour Check-in"",Hangers,""Hair Dryer"",Iron,""Laptop Friendly Workspace""}","$89.00","",474,95,10,10,10,9,9,8.98,419
"1449",9449062,"f","International District",47.5991757248338,-122.324660281794,"Apartment","Entire home/apt",2,1,1,1,"Real Bed","{Kitchen,""Elevator in Building"",Heating,Washer,Dryer,Essentials,Shampoo,Hangers}","$79.00","",1,100,10,10,10,8,10,1,419
"1450",3552523,"f","International District",47.6014859554885,-122.325865992873,"Apartment","Entire home/apt",4,2,2,2,"Real Bed","{TV,Internet,""Wireless Internet"",Kitchen,Gym,""Elevator in Building"",""Buzzer/Wireless Intercom"",Heating,Washer,Dryer,""Smoke Detector"",""Carbon Monoxide Detector"",Essentials,Shampoo}","$69.00","$40.00",84,92,10,9,9,9,9,4.67,418
"1451",3487824,"f","International District",47.6006045137528,-122.325734701256,"Apartment","Private room",2,1,1,1,"Real Bed","{TV,Internet,""Wireless Internet"",""Air Conditioning"",Kitchen,Gym,""Elevator in Building"",""Buzzer/Wireless Intercom"",Heating,Washer,Dryer,""Smoke Detector"",""Fire Extinguisher"",Essentials,Shampoo,Hangers,""Hair Dryer"",Iron}","$69.00","$12.00",161,91,10,9,9,9,9,8.94,419
"1452",8501705,"f","International District",47.59939861417,-122.326152014346,"Apartment","Entire home/apt",2,1,1,1,"Real Bed","{TV,""Wireless Internet"",""Elevator in Building"",Washer,Dryer,Essentials,Shampoo}","$74.00","",22,92,10,10,10,9,9,6.53,419
"1453",10140582,"f","International District",47.5989801808583,-122.324733245498,"Apartment","Entire home/apt",2,1,0,2,"Real Bed","{Internet,""Wireless Internet"",Kitchen,""Smoking Allowed"",Heating,Washer,Dryer,""Smoke Detector"",""Fire Extinguisher"",Essentials,Hangers,Iron,""Laptop Friendly Workspace""}","$65.00","$25.00",0,NA,NA,NA,NA,NA,NA,NA,419
"1454",8068232,"f","International District",47.5996408404643,-122.325054069741,"Apartment","Entire home/apt",5,1,2,2,"Real Bed","{TV,""Cable TV"",Internet,""Wireless Internet"",""Air Conditioning"",Kitchen,Gym,""Pets live on this property"",Dog(s),Cat(s),""Elevator in Building"",""Indoor Fireplace"",Heating,""Family/Kid Friendly"",""Suitable for Events"",Washer,Dryer,""Smoke Detector"",""First Aid Kit"",""Safety Card"",""Fire Extinguisher"",Essentials}","$250.00","$100.00",3,100,9,10,10,10,10,0.74,419
"1455",1709737,"f","International District",47.6015033277507,-122.325174440253,"Apartment","Entire home/apt",4,2,2,2,"Real Bed","{Internet,""Wireless Internet"",Kitchen,""Free Parking on Premises"",""Pets Allowed"",""Buzzer/Wireless Intercom"",Heating,""Family/Kid Friendly"",Washer,Dryer}","$250.00","$50.00",24,91,8,10,10,9,9,0.89,418
"1456",9408991,"f","International District",47.6013529647029,-122.327320458253,"Apartment","Entire home/apt",4,2,2,2,"Real Bed","{TV,""Cable TV"",Internet,""Wireless Internet"",""Wheelchair Accessible"",Kitchen,Gym,""Pets live on this property"",Cat(s),""Elevator in Building"",""Buzzer/Wireless Intercom"",Heating,Washer,Dryer,""Smoke Detector"",""Carbon Monoxide Detector"",""First Aid Kit"",""Fire Extinguisher"",Essentials,Shampoo}","$175.00","",0,NA,NA,NA,NA,NA,NA,NA,418
"1457",7110655,"f","International District",47.5992689208717,-122.328472363642,"Apartment","Entire home/apt",2,1,0,1,"Real Bed","{Internet,""Wireless Internet"",""Air Conditioning"",Kitchen,""Elevator in Building"",""Buzzer/Wireless Intercom"",Heating,""Family/Kid Friendly"",""Smoke Detector"",""Carbon Monoxide Detector"",Essentials,Shampoo}","$99.00","",30,94,10,10,10,9,9,5.26,418
"1458",9012948,"f","International District",47.601165476122,-122.326998519134,"Apartment","Entire home/apt",3,1,1,1,"Real Bed","{TV,Internet,""Wireless Internet"",Kitchen,""Pets live on this property"",Dog(s),""Elevator in Building"",Heating,""Smoke Detector"",""Fire Extinguisher"",Essentials,Shampoo,""Hair Dryer""}","$130.00","",1,NA,NA,NA,NA,NA,NA,0.45,419
"1459",8372038,"f","Central Business District",47.6054294141305,-122.331364403788,"Apartment","Entire home/apt",6,1,2,2,"Real Bed","{TV,""Wheelchair Accessible"",Kitchen,""Elevator in Building"",""Buzzer/Wireless Intercom"",Heating,""Family/Kid Friendly"",Washer,Dryer,""Smoke Detector"",""Carbon Monoxide Detector"",""First Aid Kit"",""Fire Extinguisher"",Essentials,Shampoo,""24-Hour Check-in"",Hangers,Iron,""Laptop Friendly Workspace""}","$120.00","$20.00",30,97,10,10,10,10,10,10,423
"1460",2051658,"f","Central Business District",47.6074935046525,-122.339688762489,"Apartment","Entire home/apt",4,1,1,2,"Real Bed","{TV,""Cable TV"",Internet,""Wireless Internet"",Pool,Kitchen,""Free Parking on Premises"",Doorman,Gym,""Elevator in Building"",""Hot Tub"",""Buzzer/Wireless Intercom"",Heating,""Family/Kid Friendly"",Washer,Dryer,""Smoke Detector"",""Carbon Monoxide Detector"",""First Aid Kit"",""Fire Extinguisher"",Essentials,Shampoo}","$190.00","$169.00",4,100,10,10,10,9,9,0.18,418
"1461",7506165,"t","Central Business District",47.6026286669149,-122.336831613936,"Apartment","Entire home/apt",5,1,2,2,"Real Bed","{TV,Internet,""Wireless Internet"",""Air Conditioning"",""Wheelchair Accessible"",Kitchen,Doorman,Gym,""Elevator in Building"",""Buzzer/Wireless Intercom"",Heating,""Family/Kid Friendly"",Washer,Dryer,""Smoke Detector"",""Carbon Monoxide Detector"",""First Aid Kit"",""Safety Card"",""Fire Extinguisher"",Essentials,Shampoo,""24-Hour Check-in"",Hangers,""Hair Dryer"",Iron,""Laptop Friendly Workspace""}","$280.00","$99.00",10,98,10,10,10,10,9,1.84,413
"1462",7311407,"f","Central Business District",47.6073273901169,-122.339377708457,"Condominium","Entire home/apt",4,1,1,2,"Real Bed","{TV,""Cable TV"",Internet,""Wireless Internet"",Kitchen,""Free Parking on Premises"",Gym,""Elevator in Building"",""Buzzer/Wireless Intercom"",Heating,""Family/Kid Friendly"",Washer,Dryer,""Smoke Detector"",""Carbon Monoxide Detector"",""Fire Extinguisher"",Essentials,Shampoo}","$99.00","$75.00",16,95,10,9,9,10,9,2.73,418
"1463",397117,"f","Central Business District",47.6072749806408,-122.331564451507,"Apartment","Entire home/apt",4,1,1,1,"Real Bed","{TV,""Cable TV"",Internet,""Wireless Internet"",Kitchen,""Elevator in Building"",""Buzzer/Wireless Intercom"",Heating,Washer,Dryer,""Smoke Detector"",""Carbon Monoxide Detector"",""First Aid Kit"",""Fire Extinguisher"",Essentials,Shampoo,""24-Hour Check-in"",Hangers,""Hair Dryer"",Iron}","$99.00","$30.00",265,95,9,10,10,10,9,5.79,425
"1464",4516960,"f","Central Business District",47.6097034550125,-122.336260027678,"Apartment","Entire home/apt",3,1,1,2,"Real Bed","{TV,""Cable TV"",Internet,""Wireless Internet"",""Air Conditioning"",Kitchen,Doorman,""Elevator in Building"",""Buzzer/Wireless Intercom"",Heating,Washer,Dryer,""Smoke Detector"",Essentials,Shampoo}","$159.00","$135.00",57,98,10,10,10,10,10,4.44,422
"1465",9089308,"f","Central Business District",47.607612934102,-122.339086087076,"Apartment","Entire home/apt",6,1,1,2,"Real Bed","{TV,""Cable TV"",Internet,""Wireless Internet"",""Wheelchair Accessible"",Pool,Kitchen,""Free Parking on Premises"",""Pets Allowed"",Doorman,Gym,""Elevator in Building"",""Hot Tub"",Heating,""Family/Kid Friendly"",Washer,Dryer,""Smoke Detector"",""Carbon Monoxide Detector"",""First Aid Kit"",""Safety Card"",""Fire Extinguisher"",Essentials,Shampoo}","$150.00","",1,100,10,10,10,10,10,1,418
"1466",934123,"f","Central Business District",47.6069193458126,-122.33971313096,"Apartment","Entire home/apt",6,2,2,3,"Real Bed","{TV,""Cable TV"",Internet,""Wireless Internet"",Pool,Kitchen,""Free Parking on Premises"",Gym,""Elevator in Building"",""Hot Tub"",Heating,""Family/Kid Friendly"",Washer,Dryer,""Smoke Detector"",""Carbon Monoxide Detector"",""Fire Extinguisher"",Essentials,Shampoo,""24-Hour Check-in"",Hangers,""Hair Dryer"",Iron}","$139.00","$99.00",10,90,9,9,10,10,9,0.36,419
"1467",3891695,"t","Central Business District",47.6067301561022,-122.337882076888,"Apartment","Entire home/apt",3,1,1,1,"Real Bed","{TV,Internet,""Wireless Internet"",""Wheelchair Accessible"",Kitchen,Doorman,Gym,""Elevator in Building"",""Buzzer/Wireless Intercom"",Heating,""Family/Kid Friendly"",Washer,Dryer,""Smoke Detector"",""Carbon Monoxide Detector"",""First Aid Kit"",""Safety Card"",""Fire Extinguisher"",Essentials,Shampoo,""24-Hour Check-in"",Hangers,""Hair Dryer"",Iron,""Laptop Friendly Workspace""}","$180.00","$60.00",51,98,10,10,10,10,10,3.08,424
"1468",6514446,"f","Central Business District",47.6116591053752,-122.331087120806,"Apartment","Entire home/apt",5,1,1,3,"Real Bed","{TV,""Cable TV"",Internet,""Wireless Internet"",""Air Conditioning"",Kitchen,""Pets Allowed"",Doorman,""Elevator in Building"",""Buzzer/Wireless Intercom"",Heating,""Family/Kid Friendly"",Washer,Dryer,""Smoke Detector"",""Fire Extinguisher"",Essentials,Shampoo,""24-Hour Check-in"",Hangers,""Hair Dryer"",Iron,""Laptop Friendly Workspace""}","$151.00","$65.00",19,91,10,10,10,9,9,3.7,421
"1469",9863312,"f","Central Business District",47.6144513167981,-122.332745344922,"Apartment","Entire home/apt",3,1,1,1,"Real Bed","{}","$99.00","",0,NA,NA,NA,NA,NA,NA,NA,420
"1470",8805211,"t","Central Business District",47.6141102247502,-122.332481481747,"Apartment","Entire home/apt",3,1,1,1,"Real Bed","{TV,Internet,""Wireless Internet"",""Air Conditioning"",Kitchen,Doorman,Gym,""Elevator in Building"",""Buzzer/Wireless Intercom"",Heating,""Family/Kid Friendly"",Washer,Dryer,""Smoke Detector"",""Carbon Monoxide Detector"",""First Aid Kit"",""Safety Card"",""Fire Extinguisher"",Essentials,Shampoo,""24-Hour Check-in"",Hangers,""Hair Dryer"",Iron,""Laptop Friendly Workspace""}","$219.00","$60.00",1,100,10,10,10,10,10,0.39,420
"1471",7954781,"f","Central Business District",47.6129534450428,-122.334426863117,"Apartment","Entire home/apt",4,1,1,1,"Real Bed","{TV,""Cable TV"",Internet,""Wireless Internet"",Kitchen,""Elevator in Building"",Heating,Shampoo}","$100.00","$25.00",1,100,10,10,10,10,10,0.6,418
"1472",2944021,"f","Central Business District",47.612884237011,-122.330675924801,"Apartment","Entire home/apt",4,1,2,3,"Real Bed","{TV,""Cable TV"",Internet,""Wireless Internet"",""Air Conditioning"",Kitchen,""Elevator in Building"",Heating,""Family/Kid Friendly"",Washer,Dryer,""Smoke Detector"",""Carbon Monoxide Detector"",""Fire Extinguisher"",Essentials}","$175.00","$135.00",17,96,10,10,10,10,10,1.15,423
"1473",4395349,"f","Central Business District",47.6098901041532,-122.337952912715,"Apartment","Entire home/apt",4,1,1,2,"Real Bed","{""Cable TV"",""Wireless Internet"",""Air Conditioning"",Pool,Kitchen,""Free Parking on Premises"",Doorman,""Elevator in Building"",""Hot Tub"",Heating,""Family/Kid Friendly"",Washer,Dryer,""Smoke Detector"",""Carbon Monoxide Detector"",""First Aid Kit"",""Safety Card"",""Fire Extinguisher"",Essentials}","$170.00","$169.00",0,NA,NA,NA,NA,NA,NA,NA,417
"1474",3282000,"t","Central Business District",47.6105786267263,-122.338165374306,"Apartment","Private room",2,1,1,1,"Pull-out Sofa","{TV,Internet,""Wireless Internet"",Pool,Kitchen,Doorman,Gym,""Pets live on this property"",Dog(s),Cat(s),""Elevator in Building"",""Hot Tub"",Heating,Washer,Dryer,""Smoke Detector"",""Carbon Monoxide Detector"",""First Aid Kit"",""Fire Extinguisher"",Essentials,Shampoo,Hangers,""Hair Dryer"",Iron,""Laptop Friendly Workspace""}","$115.00","$35.00",47,97,10,10,10,10,9,2.65,417
"1475",6687939,"t","Central Business District",47.6098358171068,-122.334797029672,"Apartment","Entire home/apt",2,1,1,1,"Real Bed","{TV,Internet,""Wireless Internet"",""Air Conditioning"",Kitchen,Doorman,Gym,""Elevator in Building"",""Buzzer/Wireless Intercom"",Heating,""Family/Kid Friendly"",Washer,Dryer,""Smoke Detector"",""Carbon Monoxide Detector"",""First Aid Kit"",""Safety Card"",""Fire Extinguisher"",Essentials,Shampoo}","$100.00","$55.00",33,99,10,10,10,10,10,4.85,422
"1476",6613192,"f","Central Business District",47.6109300815204,-122.336147903455,"Apartment","Entire home/apt",4,1,1,1,"Real Bed","{TV,Internet,""Wireless Internet"",Kitchen,""Elevator in Building"",""Smoke Detector"",""Carbon Monoxide Detector"",""Fire Extinguisher"",Essentials,Shampoo}","$110.00","$25.00",5,92,9,10,10,10,9,1.14,419
"1477",9900303,"f","Central Business District",47.6060371693482,-122.337475687652,"Apartment","Entire home/apt",1,1,1,1,"Real Bed","{TV,Pool,Kitchen,""Pets Allowed"",Gym,""Pets live on this property"",Dog(s),Cat(s),""Elevator in Building"",""Hot Tub"",""Indoor Fireplace"",Heating,""Family/Kid Friendly"",Washer,Dryer,Essentials,Hangers,Iron,""Laptop Friendly Workspace""}","$59.00","",0,NA,NA,NA,NA,NA,NA,NA,423
"1478",7860710,"f","Central Business District",47.6126658843211,-122.333041986854,"Condominium","Entire home/apt",4,1,1,1,"Real Bed","{TV,""Cable TV"",Internet,""Wireless Internet"",""Wheelchair Accessible"",Kitchen,""Pets Allowed"",""Elevator in Building"",""Buzzer/Wireless Intercom"",Heating,""Family/Kid Friendly"",Washer,Dryer,""Smoke Detector"",""Carbon Monoxide Detector"",""First Aid Kit"",""Safety Card"",""Fire Extinguisher"",Essentials,Shampoo}","$110.00","$35.00",11,95,10,10,9,9,9,2.68,422
"1479",7510776,"t","Central Business District",47.6031828931029,-122.336995537046,"Apartment","Entire home/apt",3,1,1,1,"Real Bed","{TV,Internet,""Wireless Internet"",""Air Conditioning"",""Wheelchair Accessible"",Kitchen,Doorman,Gym,""Elevator in Building"",""Buzzer/Wireless Intercom"",Heating,""Family/Kid Friendly"",Washer,Dryer,""Smoke Detector"",""Carbon Monoxide Detector"",""First Aid Kit"",""Safety Card"",""Fire Extinguisher"",Essentials,Shampoo,""24-Hour Check-in"",Hangers,""Hair Dryer"",Iron,""Laptop Friendly Workspace""}","$199.00","$60.00",9,98,10,10,10,9,9,1.74,416
"1480",6773472,"f","Central Business District",47.6069149357359,-122.329825309262,"Apartment","Entire home/apt",2,1,0,1,"Real Bed","{Internet,""Wireless Internet"",""Air Conditioning"",Kitchen,""Elevator in Building"",""Buzzer/Wireless Intercom"",Heating,""Smoke Detector"",""Carbon Monoxide Detector"",""Fire Extinguisher"",Essentials,Shampoo}","$170.00","$10.00",13,100,10,10,10,10,10,1.96,424
"1481",7965184,"f","Central Business District",47.6141564367159,-122.332949916634,"Apartment","Entire home/apt",3,1,1,1,"Real Bed","{TV,""Cable TV"",Internet,""Wireless Internet"",Kitchen,""Pets Allowed"",""Elevator in Building"",""Buzzer/Wireless Intercom"",Heating,""Family/Kid Friendly"",Washer,Dryer,""Smoke Detector"",""Carbon Monoxide Detector"",""Fire Extinguisher"",Essentials}","$135.00","",5,67,7,7,7,7,7,2.27,420
"1482",9183380,"t","Central Business District",47.6124583436079,-122.332780936157,"Apartment","Entire home/apt",5,2,2,2,"Real Bed","{TV,Internet,""Wireless Internet"",""Air Conditioning"",""Wheelchair Accessible"",Kitchen,Doorman,Gym,""Elevator in Building"",""Buzzer/Wireless Intercom"",Heating,""Family/Kid Friendly"",Washer,Dryer,""Smoke Detector"",""Carbon Monoxide Detector"",""First Aid Kit"",""Safety Card"",""Fire Extinguisher"",Essentials,Shampoo,""24-Hour Check-in"",Hangers,""Hair Dryer"",Iron,""Laptop Friendly Workspace""}","$300.00","$80.00",1,100,10,10,10,10,10,1,422
"1483",9201292,"t","Central Business District",47.614274895423,-122.331165925432,"Apartment","Entire home/apt",3,1,1,1,"Real Bed","{TV,Internet,""Wireless Internet"",""Air Conditioning"",Kitchen,Doorman,Gym,""Elevator in Building"",""Buzzer/Wireless Intercom"",Heating,""Family/Kid Friendly"",Washer,Dryer,""Smoke Detector"",""Carbon Monoxide Detector"",""First Aid Kit"",""Safety Card"",""Fire Extinguisher"",Essentials,Shampoo,""24-Hour Check-in"",Hangers,""Hair Dryer"",Iron,""Laptop Friendly Workspace""}","$219.00","$60.00",2,90,10,10,10,10,8,1.02,421
"1484",7332364,"f","Central Business District",47.6143444047785,-122.332938301128,"Apartment","Entire home/apt",3,1.5,1,1,"Real Bed","{TV,""Wireless Internet"",""Air Conditioning"",Pool,Kitchen,Gym,""Elevator in Building"",""Hot Tub"",""Indoor Fireplace"",Heating,""Family/Kid Friendly"",Washer,Dryer,""Smoke Detector"",""Carbon Monoxide Detector"",Essentials,Shampoo}","$300.00","$100.00",1,100,10,10,10,10,10,0.31,420
"1485",9028315,"f","Central Business District",47.614436045016,-122.333004238222,"Apartment","Entire home/apt",5,2,2,2,"Real Bed","{TV,""Cable TV"",Internet,""Wireless Internet"",""Wheelchair Accessible"",Kitchen,""Elevator in Building"",""Buzzer/Wireless Intercom"",Heating,""Family/Kid Friendly"",Washer,Dryer,Essentials,Shampoo,Hangers,Iron,""Laptop Friendly Workspace""}","$235.00","$150.00",0,NA,NA,NA,NA,NA,NA,NA,420
"1486",9939025,"f","Central Business District",47.6054916638508,-122.337246179597,"Apartment","Entire home/apt",2,1,1,1,"Real Bed","{TV,""Cable TV"",Internet,""Wireless Internet"",Pool,Kitchen,""Pets Allowed"",Gym,""Pets live on this property"",Dog(s),Cat(s),""Elevator in Building"",""Hot Tub"",Heating,""Family/Kid Friendly"",Washer,Dryer,Essentials,""24-Hour Check-in"",Hangers,""Laptop Friendly Workspace""}","$59.00","",0,NA,NA,NA,NA,NA,NA,NA,422
"1487",8100190,"f","Central Business District",47.6135057356412,-122.332786688887,"Apartment","Entire home/apt",5,2,2,2,"Real Bed","{TV,""Cable TV"",Internet,""Wireless Internet"",""Air Conditioning"",Kitchen,Doorman,Gym,""Elevator in Building"",Heating,""Family/Kid Friendly"",Washer,Dryer,""Smoke Detector"",""Carbon Monoxide Detector"",""Fire Extinguisher"",Essentials,Shampoo,""24-Hour Check-in"",Hangers,""Hair Dryer"",Iron,""Laptop Friendly Workspace""}","$156.00","$99.00",7,97,10,10,9,10,10,2.02,421
"1488",935671,"f","Central Business District",47.6057670093157,-122.337570605584,"Apartment","Entire home/apt",6,2,2,3,"Pull-out Sofa","{TV,""Cable TV"",Internet,""Wireless Internet"",Pool,Kitchen,""Free Parking on Premises"",Gym,""Elevator in Building"",""Hot Tub"",Heating,""Family/Kid Friendly"",Washer,Dryer,""Smoke Detector"",""Carbon Monoxide Detector"",""Fire Extinguisher"",Essentials,Shampoo,""24-Hour Check-in"",Hangers,""Hair Dryer"",Iron}","$147.00","$99.00",23,91,9,9,9,10,9,0.95,422
"1489",936177,"f","Central Business District",47.6070075850512,-122.337206440993,"Apartment","Entire home/apt",6,2,2,3,"Real Bed","{TV,""Cable TV"",Internet,""Wireless Internet"",Pool,Kitchen,""Free Parking on Premises"",Gym,""Elevator in Building"",""Hot Tub"",Heating,""Family/Kid Friendly"",Washer,Dryer,""Smoke Detector"",""Carbon Monoxide Detector"",""Fire Extinguisher"",Essentials,Shampoo,""24-Hour Check-in"",Hangers,""Hair Dryer"",Iron}","$135.00","$99.00",17,94,10,10,10,10,9,0.63,424
"1490",922986,"f","Central Business District",47.6060019766779,-122.338612950596,"Apartment","Entire home/apt",6,2,2,3,"Real Bed","{TV,""Cable TV"",Internet,""Wireless Internet"",Pool,Kitchen,""Free Parking on Premises"",Gym,""Elevator in Building"",""Hot Tub"",Heating,""Family/Kid Friendly"",Washer,Dryer,""Smoke Detector"",""Carbon Monoxide Detector"",""Fire Extinguisher"",Essentials,Shampoo,""24-Hour Check-in"",Hangers,""Hair Dryer"",Iron}","$128.00","$99.00",15,88,9,9,9,10,9,0.53,419
"1491",1200083,"f","Central Business District",47.6055570510944,-122.339089477835,"Apartment","Entire home/apt",4,1,1,2,"Real Bed","{TV,""Cable TV"",Internet,""Wireless Internet"",""Air Conditioning"",Pool,Kitchen,""Free Parking on Premises"",Gym,""Elevator in Building"",""Hot Tub"",Heating,""Family/Kid Friendly"",Washer,Dryer,""Smoke Detector"",""Carbon Monoxide Detector"",""Fire Extinguisher"",Essentials,Shampoo,""24-Hour Check-in"",Hangers,""Hair Dryer"",Iron}","$104.00","$99.00",10,94,10,9,10,10,10,0.41,419
"1492",935432,"f","Central Business District",47.6060025416118,-122.338900308689,"Apartment","Entire home/apt",6,2,2,3,"Real Bed","{TV,""Cable TV"",Internet,""Wireless Internet"",Pool,Kitchen,""Free Parking on Premises"",Gym,""Elevator in Building"",""Hot Tub"",Heating,""Family/Kid Friendly"",Washer,Dryer,""Smoke Detector"",""Carbon Monoxide Detector"",""Fire Extinguisher"",Essentials,Shampoo,""24-Hour Check-in"",Hangers,""Hair Dryer"",Iron}","$114.00","$99.00",6,97,10,10,10,10,10,0.21,419
"1493",604600,"f","Central Business District",47.6143636866047,-122.331716188141,"Apartment","Entire home/apt",6,1,NA,1,"Real Bed","{}","$200.00","$50.00",1,100,10,10,10,10,10,0.06,421
"1494",1251763,"f","Central Business District",47.6135604075949,-122.333046487467,"Other","Entire home/apt",4,1,NA,2,"Real Bed","{""Cable TV"",Internet,""Wireless Internet"",Pool,Kitchen,Gym,""Elevator in Building"",""Hot Tub"",""Family/Kid Friendly"",Washer,Dryer}","$132.00","$64.00",1,100,10,10,10,10,10,0.08,420
"1495",7517684,"f","Central Business District",47.6074844597527,-122.339460331967,"Apartment","Private room",2,1,1,1,"Real Bed","{Internet,""Wireless Internet"",""Air Conditioning"",Pool,Kitchen,Gym,""Elevator in Building"",""Hot Tub"",""Buzzer/Wireless Intercom"",Heating,""Family/Kid Friendly"",Washer,Dryer,""Smoke Detector"",""Carbon Monoxide Detector"",Essentials,Shampoo}","$150.00","$38.00",13,98,10,10,9,10,10,3.22,418
"1496",607788,"f","Central Business District",47.6131353604461,-122.331763743364,"Apartment","Private room",6,2,1,3,"Real Bed","{""Cable TV"",""Elevator in Building"",Heating,Washer,Dryer}","$250.00","$50.00",2,83,8,10,10,10,6,0.05,423
"1497",6278361,"t","Central Business District",47.6072497908511,-122.336670798533,"Apartment","Shared room",2,1,1,2,"Real Bed","{Kitchen,Heating,""Smoke Detector"",""Fire Extinguisher"",Essentials,Shampoo,""Hair Dryer"",Iron}","$40.00","",34,98,10,10,10,10,10,4.36,424
"1498",936378,"f","Central Business District",47.6073606462054,-122.339601896646,"Apartment","Private room",4,1,1,2,"Real Bed","{TV,""Cable TV"",Internet,""Wireless Internet"",Pool,Kitchen,""Free Parking on Premises"",Gym,""Elevator in Building"",""Hot Tub"",Heating,""Family/Kid Friendly"",Washer,Dryer,""Smoke Detector"",""Carbon Monoxide Detector"",""Fire Extinguisher"",Essentials,Shampoo,""24-Hour Check-in"",Hangers,""Hair Dryer"",Iron}","$126.00","$99.00",3,93,10,10,10,10,10,0.11,418
"1499",7350870,"f","Central Business District",47.6066236311597,-122.337337330895,"Apartment","Entire home/apt",4,1,1,1,"Real Bed","{TV,Internet,""Wireless Internet"",""Air Conditioning"",""Wheelchair Accessible"",Pool,Kitchen,Doorman,Gym,""Elevator in Building"",""Hot Tub"",""Buzzer/Wireless Intercom"",Heating,""Family/Kid Friendly"",""Suitable for Events"",Washer,Dryer,""Smoke Detector"",""Carbon Monoxide Detector"",""First Aid Kit"",""Safety Card"",Essentials,Shampoo}","$365.00","$45.00",9,100,10,10,10,10,10,1.9,424
"1500",92835,"f","Central Business District",47.6059322535433,-122.330832315317,"Apartment","Entire home/apt",4,1,1,1,"Real Bed","{TV,""Cable TV"",Internet,""Wireless Internet"",Kitchen,""Elevator in Building"",""Buzzer/Wireless Intercom"",Heating,Washer,Dryer,""Smoke Detector"",""Carbon Monoxide Detector"",""First Aid Kit"",""Fire Extinguisher"",Essentials,Shampoo,""24-Hour Check-in"",Hangers,""Hair Dryer"",Iron,""Laptop Friendly Workspace""}","$99.00","$30.00",319,94,9,10,10,9,9,5.68,424
"1501",4009508,"t","Central Business District",47.610875762123,-122.339289084079,"Apartment","Entire home/apt",5,2,2,2,"Real Bed","{TV,Internet,""Wireless Internet"",""Air Conditioning"",Pool,Kitchen,Doorman,Gym,""Elevator in Building"",""Hot Tub"",""Buzzer/Wireless Intercom"",Heating,""Family/Kid Friendly"",Washer,Dryer,""Smoke Detector"",""Carbon Monoxide Detector"",""First Aid Kit"",""Safety Card"",""Fire Extinguisher"",Essentials,Shampoo,""24-Hour Check-in"",Hangers,""Hair Dryer"",Iron,""Laptop Friendly Workspace""}","$350.00","$110.00",38,98,10,10,10,10,9,2.38,416
"1502",935862,"f","Central Business District",47.6067993796497,-122.338191756219,"Apartment","Entire home/apt",6,2,2,3,"Real Bed","{TV,""Cable TV"",Internet,""Wireless Internet"",Pool,Kitchen,""Free Parking on Premises"",Gym,""Elevator in Building"",""Hot Tub"",Heating,""Family/Kid Friendly"",Washer,Dryer,""Smoke Detector"",""Carbon Monoxide Detector"",""Fire Extinguisher"",Essentials,Shampoo,""24-Hour Check-in"",Hangers,""Hair Dryer"",Iron}","$143.00","$99.00",11,94,9,10,10,10,10,0.48,423
"1503",8187537,"f","Central Business District",47.6125473301103,-122.333330571773,"Apartment","Entire home/apt",4,1,1,2,"Real Bed","{TV,""Cable TV"",Internet,""Wireless Internet"",""Air Conditioning"",""Wheelchair Accessible"",Kitchen,Doorman,Gym,""Elevator in Building"",Heating,""Suitable for Events"",Washer,Dryer,""Smoke Detector"",""Carbon Monoxide Detector"",""Fire Extinguisher"",Essentials,Shampoo,""24-Hour Check-in"",Hangers,""Hair Dryer"",Iron,""Laptop Friendly Workspace""}","$110.00","$50.00",18,98,10,10,10,10,10,4.95,422
"1504",10132385,"f","Central Business District",47.6071584400189,-122.333210408073,"Apartment","Entire home/apt",2,1,1,1,"Real Bed","{TV,""Wireless Internet"",Kitchen,Heating,Washer,Dryer,""Smoke Detector"",""Carbon Monoxide Detector"",""First Aid Kit"",""Fire Extinguisher"",Essentials,Shampoo,Hangers,""Hair Dryer"",""Laptop Friendly Workspace""}","$100.00","$50.00",0,NA,NA,NA,NA,NA,NA,NA,426
"1505",9516114,"f","Central Business District",47.6074661133152,-122.338902271882,"Apartment","Entire home/apt",4,1,1,3,"Real Bed","{TV,""Cable TV"",Internet,""Wireless Internet"",""Air Conditioning"",Pool,Kitchen,Gym,""Elevator in Building"",""Hot Tub"",Heating,Dryer,""Smoke Detector"",""Fire Extinguisher"",Essentials,Shampoo,""24-Hour Check-in"",Hangers,""Hair Dryer""}","$149.00","$20.00",0,NA,NA,NA,NA,NA,NA,NA,418
"1506",2749725,"f","Central Business District",47.607354924202,-122.340197967336,"Apartment","Entire home/apt",4,1,1,1,"Real Bed","{Internet,""Wireless Internet"",""Wheelchair Accessible"",Kitchen,""Free Parking on Premises"",""Smoking Allowed"",""Pets Allowed"",Dog(s),Cat(s),""Elevator in Building"",Heating,""Family/Kid Friendly"",Washer,Dryer,Essentials}","$175.00","$100.00",22,94,9,10,10,10,9,1.07,417
"1507",9813231,"f","Central Business District",47.6125146653215,-122.333289297279,"Apartment","Entire home/apt",1,1,1,1,"Real Bed","{TV,Internet,""Wireless Internet"",""Air Conditioning"",Kitchen,Gym,""Elevator in Building"",""Buzzer/Wireless Intercom"",Heating,Washer,Dryer,Essentials,Shampoo}","$150.00","$50.00",0,NA,NA,NA,NA,NA,NA,NA,422
"1508",8101251,"f","Central Business District",47.612078344925,-122.332592214135,"Apartment","Entire home/apt",5,2,2,2,"Real Bed","{TV,""Cable TV"",Internet,""Wireless Internet"",""Air Conditioning"",Kitchen,Doorman,Gym,""Elevator in Building"",Heating,""Family/Kid Friendly"",Washer,Dryer,""Smoke Detector"",""Carbon Monoxide Detector"",""Fire Extinguisher"",Essentials,Shampoo,""24-Hour Check-in"",Hangers,""Hair Dryer"",Iron,""Laptop Friendly Workspace""}","$143.00","$99.00",4,95,9,9,10,10,9,1.1,422
"1509",5201816,"f","Central Business District",47.6130512427081,-122.332437233783,"Other","Entire home/apt",2,1,0,1,"Real Bed","{""Cable TV"",""Wireless Internet"",Pool,Kitchen,Gym,""Elevator in Building"",""Hot Tub"",""Family/Kid Friendly"",Washer,Dryer}","$121.00","$64.00",1,100,10,10,10,10,10,0.16,423
"1510",9329068,"f","Central Business District",47.6139248872342,-122.331454454089,"Apartment","Entire home/apt",3,1,1,1,"Real Bed","{TV,""Wireless Internet"",Kitchen,""Pets Allowed"",""Pets live on this property"",Dog(s),""Elevator in Building"",""Buzzer/Wireless Intercom"",Heating,Washer,Dryer,""Smoke Detector"",Essentials,Shampoo}","$150.00","",4,100,10,10,10,10,10,4,421
"1511",8704438,"f","Central Business District",47.6096735138654,-122.335708282839,"Apartment","Entire home/apt",3,1,1,1,"Real Bed","{TV,Internet,""Wireless Internet"",""Air Conditioning"",Kitchen,""Free Parking on Premises"",Gym,""Elevator in Building"",Heating,Washer,Dryer,""Smoke Detector"",""Carbon Monoxide Detector"",Essentials}","$149.00","$45.00",8,98,10,10,10,10,10,2.64,422
"1512",8052542,"t","Central Business District",47.6073678730967,-122.335081887519,"Apartment","Entire home/apt",4,1,1,3,"Real Bed","{TV,Internet,""Wireless Internet"",""Air Conditioning"",Kitchen,""Free Parking on Premises"",Gym,""Elevator in Building"",Heating,""Family/Kid Friendly"",Washer,Dryer,""Smoke Detector"",""Carbon Monoxide Detector"",Essentials,Shampoo}","$168.00","$40.00",2,100,10,10,10,10,10,0.67,426
"1513",4251426,"f","Central Business District",47.6054199484082,-122.33784289478,"Apartment","Entire home/apt",6,2,2,4,"Real Bed","{""Cable TV"",""Wireless Internet"",Pool,Kitchen,""Free Parking on Premises"",Doorman,Gym,""Elevator in Building"",""Hot Tub"",Heating,""Family/Kid Friendly"",Washer,Dryer,""Smoke Detector"",""Carbon Monoxide Detector"",""First Aid Kit"",""Safety Card"",""Fire Extinguisher"",Essentials}","$245.00","$209.00",3,73,10,10,10,10,7,0.31,419
"1514",6020744,"f","Central Business District",47.6127593345983,-122.332443162032,"Apartment","Entire home/apt",2,1,0,1,"Real Bed","{TV,Internet,""Wireless Internet"",Kitchen,Gym,""Elevator in Building"",Heating,Washer,Dryer,""Smoke Detector"",""Carbon Monoxide Detector"",Essentials}","$129.00","$59.00",32,95,10,10,10,10,9,3.79,422
"1515",4251235,"f","Central Business District",47.6061300527912,-122.337767850771,"Apartment","Entire home/apt",6,2,2,4,"Real Bed","{""Cable TV"",""Wireless Internet"",""Air Conditioning"",Pool,Kitchen,""Free Parking on Premises"",Doorman,Gym,""Elevator in Building"",""Hot Tub"",Heating,""Family/Kid Friendly"",Washer,Dryer,""Smoke Detector"",""Carbon Monoxide Detector"",""First Aid Kit"",""Safety Card"",""Fire Extinguisher"",Essentials}","$245.00","$209.00",8,93,10,10,9,10,9,0.81,423
"1516",8093529,"f","Central Business District",47.6125484959736,-122.33162951941,"Condominium","Entire home/apt",3,1,1,2,"Real Bed","{TV,""Cable TV"",Internet,""Wireless Internet"",""Air Conditioning"",Kitchen,Doorman,Gym,""Elevator in Building"",""Buzzer/Wireless Intercom"",Heating,""Suitable for Events"",Washer,Dryer,""Smoke Detector"",""Carbon Monoxide Detector"",""First Aid Kit"",""Safety Card"",""Fire Extinguisher"",Essentials,Shampoo,""24-Hour Check-in"",Hangers,""Hair Dryer"",Iron,""Laptop Friendly Workspace""}","$89.00","$50.00",3,100,10,10,10,10,10,1.06,423
"1517",654734,"f","Central Business District",47.6131253750515,-122.330717780675,"Apartment","Entire home/apt",4,1,1,2,"Pull-out Sofa","{TV,""Cable TV"",Internet,""Wireless Internet"",""Air Conditioning"",Kitchen,""Elevator in Building"",""Buzzer/Wireless Intercom"",Heating,""Family/Kid Friendly"",Washer,Dryer,""Smoke Detector"",""Carbon Monoxide Detector"",""First Aid Kit"",""Safety Card"",""Fire Extinguisher"",Essentials,Shampoo}","$175.00","$65.00",37,92,9,10,10,10,9,0.94,423
"1518",3489083,"f","Central Business District",47.6035357618454,-122.337122444834,"Apartment","Entire home/apt",5,1,1,3,"Real Bed","{TV,""Cable TV"",Internet,""Wireless Internet"",""Air Conditioning"",Pool,Kitchen,Gym,""Elevator in Building"",""Hot Tub"",Heating,""Family/Kid Friendly"",Washer,Dryer,Essentials,Shampoo}","$144.00","$150.00",5,95,10,10,10,10,10,0.28,416
"1519",8691263,"f","Central Business District",47.6061469317083,-122.334806383022,"Apartment","Entire home/apt",4,1,1,3,"Real Bed","{TV,Internet,""Wireless Internet"",""Air Conditioning"",Kitchen,Gym,""Elevator in Building"",Heating,""Family/Kid Friendly"",Washer,Dryer,Essentials,Shampoo}","$188.00","$50.00",20,96,10,10,10,10,10,7.79,424
"1520",3971934,"t","Central Business District",47.6143258577767,-122.332675959651,"Apartment","Entire home/apt",3,1,1,1,"Real Bed","{TV,""Cable TV"",Internet,""Wireless Internet"",Kitchen,Doorman,Gym,""Elevator in Building"",""Buzzer/Wireless Intercom"",Heating,""Family/Kid Friendly"",Washer,Dryer,""Smoke Detector"",""Carbon Monoxide Detector"",""First Aid Kit"",""Safety Card"",""Fire Extinguisher"",Essentials,Shampoo,""24-Hour Check-in"",Hangers,""Hair Dryer"",Iron,""Laptop Friendly Workspace""}","$179.00","$60.00",48,95,10,10,10,9,9,2.93,420
"1521",7732071,"f","Central Business District",47.6054867900112,-122.338669333282,"Apartment","Entire home/apt",5,2,2,2,"Real Bed","{TV,""Cable TV"",""Wireless Internet"",""Wheelchair Accessible"",Pool,Kitchen,""Pets Allowed"",Gym,""Pets live on this property"",Dog(s),Cat(s),""Elevator in Building"",""Hot Tub"",""Buzzer/Wireless Intercom"",Heating,""Family/Kid Friendly"",Washer,Dryer,""Smoke Detector"",""Carbon Monoxide Detector"",Essentials}","$129.00","",1,60,4,8,10,10,8,0.26,419
"1522",1251813,"f","Central Business District",47.6137618665819,-122.333011009976,"Other","Entire home/apt",4,1,1,2,"Real Bed","{""Cable TV"",Internet,""Wireless Internet"",Pool,Kitchen,Gym,""Elevator in Building"",""Hot Tub"",""Family/Kid Friendly""}","$170.00","$83.00",1,100,10,10,10,10,10,0.04,420
"1523",10247453,"f","Central Business District",47.6101005823784,-122.337660437939,"Apartment","Entire home/apt",2,1,1,1,"Real Bed","{TV,""Cable TV"",Internet,""Wireless Internet"",""Wheelchair Accessible"",Pool,Kitchen,Doorman,Gym,""Elevator in Building"",Heating,""Family/Kid Friendly"",Washer,Dryer,""Smoke Detector"",""Carbon Monoxide Detector"",""First Aid Kit"",""Fire Extinguisher"",Essentials,Shampoo,""24-Hour Check-in"",Hangers,""Hair Dryer"",Iron,""Laptop Friendly Workspace""}","$150.00","$55.00",0,NA,NA,NA,NA,NA,NA,NA,417
"1524",6740521,"f","Central Business District",47.6131485353439,-122.33440216464,"Apartment","Entire home/apt",4,1,1,2,"Real Bed","{TV,""Wireless Internet"",""Air Conditioning"",Kitchen,Gym,""Elevator in Building"",""Buzzer/Wireless Intercom"",Heating,Washer,Dryer,""Smoke Detector"",""First Aid Kit"",Shampoo}","$276.00","$100.00",11,96,10,10,10,10,10,1.73,418
"1525",2955782,"f","Central Business District",47.6093328909088,-122.335474486706,"Apartment","Entire home/apt",4,1,1,2,"Real Bed","{TV,""Cable TV"",Internet,""Wireless Internet"",""Air Conditioning"",Kitchen,Doorman,""Elevator in Building"",""Family/Kid Friendly"",Washer,Dryer,Essentials,Shampoo}","$135.00","$155.00",74,96,10,10,10,10,9,3.77,422
"1526",6691324,"t","Central Business District",47.6063022134567,-122.340527599838,"Apartment","Entire home/apt",2,1,0,1,"Real Bed","{TV,""Cable TV"",Internet,""Wireless Internet"",Pool,Kitchen,""Free Parking on Premises"",Gym,""Elevator in Building"",""Hot Tub"",""Buzzer/Wireless Intercom"",Heating,""Family/Kid Friendly"",Washer,Dryer,""Smoke Detector"",""Carbon Monoxide Detector"",Essentials,Shampoo,Hangers,""Hair Dryer"",Iron,""Laptop Friendly Workspace""}","$150.00","$60.00",29,99,10,10,10,10,10,4.16,419
"1527",8568567,"f","Central Business District",47.6110580187097,-122.334283922473,"Apartment","Entire home/apt",3,1,1,2,"Real Bed","{TV,Internet,""Wireless Internet"",Kitchen,""Elevator in Building"",Heating,""Smoke Detector"",""Carbon Monoxide Detector"",""First Aid Kit"",""Fire Extinguisher"",Essentials,Shampoo}","$140.00","$100.00",3,100,10,10,10,10,9,1.14,420
"1528",1251707,"f","Central Business District",47.6138157269231,-122.331940577718,"Other","Entire home/apt",2,1,0,1,"Real Bed","{""Cable TV"",""Wireless Internet"",Pool,Kitchen,Gym,""Elevator in Building"",""Hot Tub"",""Family/Kid Friendly"",Washer,Dryer}","$121.00","$64.00",2,90,10,10,10,10,10,0.1,421
"1529",10125020,"f","Central Business District",47.6055746048607,-122.330950078861,"Apartment","Entire home/apt",4,1,0,2,"Real Bed","{}","$175.00","",0,NA,NA,NA,NA,NA,NA,NA,424
"1530",931785,"f","Central Business District",47.6060827651349,-122.339434257912,"Apartment","Entire home/apt",6,2,2,3,"Real Bed","{TV,""Cable TV"",Internet,""Wireless Internet"",Pool,Kitchen,""Free Parking on Premises"",Gym,""Elevator in Building"",""Hot Tub"",Heating,""Family/Kid Friendly"",Washer,Dryer,""Smoke Detector"",""Carbon Monoxide Detector"",""Fire Extinguisher"",Essentials,Shampoo,""24-Hour Check-in"",Hangers,""Hair Dryer"",Iron}","$147.00","$99.00",24,96,10,10,9,10,10,0.86,419
"1531",7763613,"f","Central Business District",47.611926794428,-122.331881187696,"Condominium","Entire home/apt",4,1,2,2,"Real Bed","{TV,""Cable TV"",""Wireless Internet"",""Air Conditioning"",""Wheelchair Accessible"",Kitchen,""Free Parking on Premises"",Doorman,""Elevator in Building"",""Buzzer/Wireless Intercom"",Heating,""Family/Kid Friendly"",""Smoke Detector"",""First Aid Kit"",""Fire Extinguisher"",Essentials,Shampoo}","$149.00","$50.00",19,93,10,9,9,10,9,4.71,422
"1532",9574602,"f","Central Business District",47.60822056572,-122.338078061842,"Apartment","Entire home/apt",6,2,2,3,"Real Bed","{TV,""Cable TV"",Internet,""Wireless Internet"",""Wheelchair Accessible"",Pool,Kitchen,""Free Parking on Premises"",Gym,""Elevator in Building"",""Hot Tub"",Heating,""Family/Kid Friendly"",Washer,Dryer,""Smoke Detector"",""Safety Card"",""Fire Extinguisher"",Essentials,Shampoo,""24-Hour Check-in"",Hangers,""Hair Dryer"",Iron}","$150.00","",0,NA,NA,NA,NA,NA,NA,NA,420
"1533",9024838,"t","Central Business District",47.6121364593775,-122.333026431137,"Apartment","Entire home/apt",5,2,2,2,"Real Bed","{TV,Internet,""Wireless Internet"",""Air Conditioning"",Kitchen,Doorman,Gym,""Elevator in Building"",""Buzzer/Wireless Intercom"",Heating,""Family/Kid Friendly"",Washer,Dryer,""Smoke Detector"",""Carbon Monoxide Detector"",""First Aid Kit"",""Safety Card"",""Fire Extinguisher"",Essentials,Shampoo,""24-Hour Check-in"",Hangers,""Hair Dryer"",Iron,""Laptop Friendly Workspace""}","$300.00","$80.00",4,95,10,10,10,10,10,2.07,422
"1534",8427227,"f","Central Business District",47.6136944940828,-122.331779370937,"Condominium","Entire home/apt",4,1,1,2,"Real Bed","{TV,""Cable TV"",Internet,""Wireless Internet"",""Air Conditioning"",Kitchen,""Pets Allowed"",Doorman,Gym,""Pets live on this property"",""Elevator in Building"",""Buzzer/Wireless Intercom"",Heating,""Family/Kid Friendly"",""Suitable for Events"",Washer,Dryer,""Smoke Detector"",""Carbon Monoxide Detector"",Essentials,Shampoo,""24-Hour Check-in"",Hangers,""Hair Dryer"",Iron,""Laptop Friendly Workspace""}","$115.00","$45.00",5,90,10,9,9,10,9,2.27,421
"1535",6993019,"f","Central Business District",47.6085525758505,-122.338009638892,"Condominium","Entire home/apt",4,2,2,2,"Real Bed","{TV,""Wireless Internet"",""Wheelchair Accessible"",Pool,Kitchen,Doorman,Gym,""Elevator in Building"",""Hot Tub"",""Family/Kid Friendly"",Washer,Dryer,""Smoke Detector"",""Fire Extinguisher"",Essentials}","$290.00","$100.00",2,100,10,10,10,10,10,0.37,419
"1536",6746826,"t","Central Business District",47.6072457976987,-122.339129271642,"Apartment","Entire home/apt",4,1,1,1,"Real Bed","{Internet,""Wireless Internet"",Pool,Kitchen,Gym,""Elevator in Building"",""Hot Tub"",""Buzzer/Wireless Intercom"",Heating,""Family/Kid Friendly"",Washer,Dryer,""Smoke Detector"",""Carbon Monoxide Detector"",""First Aid Kit"",""Fire Extinguisher"",Essentials,Shampoo}","$129.00","$70.00",18,97,10,10,10,10,10,4.32,418
"1537",3592838,"f","Central Business District",47.6103793336516,-122.338677952694,"Apartment","Entire home/apt",3,1,1,2,"Real Bed","{TV,Internet,""Wireless Internet"",""Wheelchair Accessible"",Kitchen,""Free Parking on Premises"",Gym,""Elevator in Building"",Heating,""Family/Kid Friendly"",Washer,Dryer,""Smoke Detector"",""Carbon Monoxide Detector"",""Fire Extinguisher"",Essentials,Shampoo}","$175.00","",114,93,9,9,10,10,9,6.68,416
"1538",1954452,"t","Central Business District",47.6123881868832,-122.330841650341,"Apartment","Entire home/apt",2,1,1,1,"Real Bed","{TV,Internet,""Wireless Internet"",""Air Conditioning"",Kitchen,""Elevator in Building"",""Buzzer/Wireless Intercom"",Heating,""Family/Kid Friendly"",Washer,Dryer,""Smoke Detector"",""Carbon Monoxide Detector"",""First Aid Kit"",""Safety Card"",""Fire Extinguisher"",Essentials,Shampoo,""24-Hour Check-in"",Hangers,Iron}","$220.00","$60.00",71,96,10,10,10,10,9,3.03,422
"1539",1651324,"f","Central Business District",47.6069905518335,-122.333865069548,"Apartment","Entire home/apt",2,1,1,1,"Real Bed","{Internet,""Wireless Internet"",""Wheelchair Accessible"",Kitchen,""Elevator in Building"",""Buzzer/Wireless Intercom"",Heating,""Family/Kid Friendly"",Washer,Dryer,""Smoke Detector"",""Carbon Monoxide Detector"",Essentials,Shampoo}","$90.00","$20.00",88,89,9,10,10,9,9,3.37,426
"1540",8016646,"f","Central Business District",47.6074526720766,-122.339060027874,"Apartment","Private room",2,1,1,1,"Real Bed","{Internet,""Wireless Internet"",Pool,Kitchen,Doorman,Gym,""Elevator in Building"",""Hot Tub"",""Buzzer/Wireless Intercom"",Heating,""Suitable for Events"",Washer,Dryer,""Smoke Detector"",""Fire Extinguisher"",Essentials,Shampoo}","$120.00","$60.00",3,100,10,9,10,10,10,0.71,418
"1541",6115704,"f","Central Business District",47.6100074875004,-122.33801632747,"Apartment","Entire home/apt",4,2,2,2,"Real Bed","{TV,""Cable TV"",Internet,""Wireless Internet"",Pool,Kitchen,""Free Parking on Premises"",Doorman,Gym,""Elevator in Building"",""Hot Tub"",Heating,""Family/Kid Friendly"",Washer,Dryer,""Smoke Detector"",""Fire Extinguisher"",Essentials,Shampoo}","$325.00","$110.00",19,92,10,9,9,10,9,2.45,417
"1542",9237535,"f","Central Business District",47.6136631069394,-122.331734320682,"Apartment","Entire home/apt",3,1.5,2,2,"Real Bed","{TV,""Wireless Internet"",""Air Conditioning"",Kitchen,Doorman,Gym,""Elevator in Building"",Heating,Washer,Dryer,Essentials,Shampoo,""24-Hour Check-in"",""Hair Dryer""}","$230.00","$75.00",0,NA,NA,NA,NA,NA,NA,NA,421
"1543",2191633,"f","Central Business District",47.6074118751676,-122.339166876307,"Apartment","Entire home/apt",6,2,2,3,"Real Bed","{TV,""Cable TV"",Internet,""Wireless Internet"",Pool,Kitchen,""Free Parking on Premises"",Gym,""Elevator in Building"",""Hot Tub"",Heating,""Family/Kid Friendly"",Washer,Dryer,""Smoke Detector"",""Carbon Monoxide Detector"",""Fire Extinguisher"",Essentials,Shampoo,""24-Hour Check-in"",Hangers,""Hair Dryer"",Iron}","$127.00","$99.00",6,90,9,10,10,10,9,0.27,418
"1544",7451624,"f","Central Business District",47.6058074804795,-122.338554925934,"Apartment","Entire home/apt",4,2,2,2,"Real Bed","{TV,""Cable TV"",Internet,""Wireless Internet"",""Air Conditioning"",Pool,Kitchen,Gym,""Elevator in Building"",""Hot Tub"",Heating,""Family/Kid Friendly"",Washer,Dryer,""Smoke Detector"",""Carbon Monoxide Detector"",Essentials,Shampoo}","$168.00","$25.00",29,100,10,10,10,10,10,5.27,419
"1545",8311242,"f","Central Business District",47.6069270341798,-122.339242172314,"Apartment","Entire home/apt",3,1,1,2,"Real Bed","{TV,Internet,""Wireless Internet"",Pool,Kitchen,Doorman,Gym,""Elevator in Building"",""Hot Tub"",Heating,""Family/Kid Friendly"",Washer,Dryer,""Smoke Detector"",""Carbon Monoxide Detector"",Essentials,Shampoo}","$117.00","$30.00",7,97,10,9,10,10,9,3.89,419
"1546",3977605,"f","Central Business District",47.6052106722907,-122.329943087498,"Apartment","Entire home/apt",2,1,0,1,"Real Bed","{Internet,""Wireless Internet"",Kitchen,""Buzzer/Wireless Intercom"",Heating,""Smoke Detector"",""Carbon Monoxide Detector"",Essentials,Shampoo}","$85.00","$45.00",102,88,9,10,9,9,9,6.47,423
"1547",6344566,"f","Central Business District",47.6104834297297,-122.337029064277,"Apartment","Entire home/apt",3,1,0,1,"Real Bed","{TV,Internet,""Wireless Internet"",""Air Conditioning"",Kitchen,""Elevator in Building"",Heating,Washer,Dryer,""Smoke Detector"",""Carbon Monoxide Detector"",Essentials,Shampoo}","$122.00","$45.00",64,98,10,9,10,10,9,8.17,419
"1548",2191169,"f","Central Business District",47.6073605749932,-122.337607265796,"Apartment","Entire home/apt",6,2,2,3,"Real Bed","{TV,""Cable TV"",Internet,""Wireless Internet"",Pool,Kitchen,""Free Parking on Premises"",Gym,""Elevator in Building"",""Hot Tub"",Heating,""Family/Kid Friendly"",Washer,Dryer,""Smoke Detector"",""Carbon Monoxide Detector"",""Fire Extinguisher"",Shampoo,""24-Hour Check-in"",Hangers,""Hair Dryer"",Iron}","$142.00","$99.00",18,94,10,10,10,10,9,0.76,423
"1549",5213468,"t","Central Business District",47.6113163159443,-122.339920299974,"Apartment","Entire home/apt",3,1.5,1,1,"Real Bed","{TV,Internet,""Wireless Internet"",""Air Conditioning"",""Wheelchair Accessible"",Kitchen,Doorman,Gym,""Elevator in Building"",""Buzzer/Wireless Intercom"",Heating,""Family/Kid Friendly"",Washer,Dryer,""Smoke Detector"",""Carbon Monoxide Detector"",""First Aid Kit"",""Safety Card"",""Fire Extinguisher"",Essentials,Shampoo,""24-Hour Check-in"",Hangers,""Hair Dryer"",Iron,""Laptop Friendly Workspace""}","$237.00","$80.00",30,99,10,10,10,10,10,2.87,413
"1550",9822759,"f","Central Business District",47.6123743480063,-122.335125467985,"Apartment","Entire home/apt",4,2,2,2,"Real Bed","{TV,""Cable TV"",Internet,""Wireless Internet"",""Air Conditioning"",Kitchen,Gym,""Pets live on this property"",Cat(s),""Elevator in Building"",""Indoor Fireplace"",Heating,""Family/Kid Friendly"",Washer,Dryer,""Smoke Detector"",""Fire Extinguisher"",Essentials,Shampoo,Hangers,""Hair Dryer"",""Laptop Friendly Workspace""}","$350.00","$99.00",0,NA,NA,NA,NA,NA,NA,NA,421
"1551",945645,"f","Central Business District",47.606881766836,-122.340595713881,"Apartment","Entire home/apt",4,1,1,2,"Real Bed","{""Cable TV"",""Wireless Internet"",""Wheelchair Accessible"",Kitchen,""Free Parking on Premises"",Gym,""Elevator in Building"",""Buzzer/Wireless Intercom"",Heating,""Family/Kid Friendly"",Washer,Dryer,""Smoke Detector"",""Carbon Monoxide Detector"",Essentials,Shampoo,""24-Hour Check-in"",Hangers,""Hair Dryer"",Iron,""Laptop Friendly Workspace""}","$99.00","$75.00",9,97,9,9,9,10,9,0.78,417
"1552",8193241,"f","Central Business District",47.6124653771956,-122.33263410623,"Apartment","Entire home/apt",4,1,1,2,"Real Bed","{TV,""Cable TV"",""Wireless Internet"",""Air Conditioning"",""Wheelchair Accessible"",Kitchen,Doorman,Gym,""Elevator in Building"",""Indoor Fireplace"",""Buzzer/Wireless Intercom"",Heating,""Suitable for Events"",Washer,Dryer,""Smoke Detector"",""Carbon Monoxide Detector"",""Fire Extinguisher"",Essentials,Shampoo,""24-Hour Check-in"",Hangers,""Hair Dryer"",Iron,""Laptop Friendly Workspace""}","$110.00","$50.00",16,96,10,10,10,10,10,4.17,422
"1553",6916167,"f","Central Business District",47.6065557091068,-122.338829229033,"Apartment","Entire home/apt",2,1,1,1,"Real Bed","{TV,""Cable TV"",""Wireless Internet"",Kitchen,Gym,""Pets live on this property"",Dog(s),Cat(s),""Elevator in Building"",""Family/Kid Friendly"",Washer,Dryer,""Smoke Detector"",""Carbon Monoxide Detector"",""Fire Extinguisher"",Essentials,Shampoo,""Hair Dryer"",""Laptop Friendly Workspace""}","$300.00","",0,NA,NA,NA,NA,NA,NA,NA,420
"1554",6941113,"t","Central Business District",47.6130631112727,-122.330651754924,"Apartment","Entire home/apt",7,2,2,5,"Real Bed","{TV,""Cable TV"",Internet,""Wireless Internet"",""Air Conditioning"",Kitchen,""Elevator in Building"",""Buzzer/Wireless Intercom"",Heating,""Family/Kid Friendly"",Washer,Dryer,""Smoke Detector"",""Carbon Monoxide Detector"",""First Aid Kit"",""Fire Extinguisher"",Essentials,Shampoo}","$225.00","$90.00",18,97,10,10,10,9,9,2.95,423
"1555",2621746,"f","Central Business District",47.6118625958174,-122.338781667898,"Apartment","Entire home/apt",4,1,1,1,"Real Bed","{TV,Internet,""Wireless Internet"",""Air Conditioning"",""Wheelchair Accessible"",Pool,Kitchen,Gym,""Elevator in Building"",""Buzzer/Wireless Intercom"",Heating,""Family/Kid Friendly"",""Suitable for Events"",Washer,Dryer,""Smoke Detector"",""Carbon Monoxide Detector"",""First Aid Kit"",Essentials,Shampoo}","$99.00","$35.00",106,93,10,10,10,10,9,4.92,413
"1556",449602,"t","Central Business District",47.6081758131719,-122.337654707531,"Apartment","Shared room",6,1,1,3,"Real Bed","{TV,Internet,""Wireless Internet"",""Air Conditioning"",Kitchen,""Elevator in Building"",""Buzzer/Wireless Intercom"",Heating,Washer,Dryer,""Smoke Detector"",""Carbon Monoxide Detector"",""First Aid Kit"",Essentials,Shampoo,Hangers,""Hair Dryer"",Iron}","$65.00","",108,98,10,10,10,10,10,2.42,421
"1557",1724849,"f","Central Business District",47.6075817890256,-122.338842259616,"Apartment","Entire home/apt",2,1,0,1,"Real Bed","{TV,""Cable TV"",Internet,""Wireless Internet"",""Wheelchair Accessible"",Pool,Kitchen,""Free Parking on Premises"",""Smoking Allowed"",""Pets Allowed"",Doorman,Gym,""Elevator in Building"",""Hot Tub"",""Buzzer/Wireless Intercom"",Heating,""Family/Kid Friendly"",""Suitable for Events"",Washer,Dryer}","$275.00","",11,93,8,9,10,10,10,0.43,421
"1558",3868138,"t","Central Business District",47.6026623413494,-122.337537166849,"Apartment","Entire home/apt",3,1,1,1,"Real Bed","{TV,Internet,""Wireless Internet"",""Air Conditioning"",""Wheelchair Accessible"",Kitchen,Doorman,Gym,""Elevator in Building"",Heating,""Family/Kid Friendly"",Washer,Dryer,""Smoke Detector"",""Carbon Monoxide Detector"",""First Aid Kit"",""Safety Card"",""Fire Extinguisher"",Essentials,Shampoo,""24-Hour Check-in"",Hangers,""Hair Dryer"",Iron,""Laptop Friendly Workspace""}","$183.00","$60.00",46,98,10,10,10,10,10,2.73,413
"1559",8193054,"f","Central Business District",47.6120669290215,-122.333212611905,"Apartment","Entire home/apt",4,1,1,2,"Real Bed","{""Cable TV"",Internet,""Wireless Internet"",""Air Conditioning"",""Wheelchair Accessible"",Kitchen,Doorman,Gym,""Elevator in Building"",""Indoor Fireplace"",Heating,""Suitable for Events"",Washer,Dryer,""Smoke Detector"",""Carbon Monoxide Detector"",""Fire Extinguisher"",Essentials,Shampoo,""24-Hour Check-in"",Hangers,""Hair Dryer"",Iron,""Laptop Friendly Workspace""}","$110.00","$50.00",10,98,10,10,10,10,10,2.83,422
"1560",6807981,"t","Central Business District",47.6068972022856,-122.340683766795,"Apartment","Entire home/apt",3,1,1,1,"Real Bed","{TV,Internet,""Wireless Internet"",Kitchen,""Elevator in Building"",""Buzzer/Wireless Intercom"",Heating,""Family/Kid Friendly"",Washer,Dryer,""Smoke Detector"",""Carbon Monoxide Detector"",""First Aid Kit"",""Safety Card"",""Fire Extinguisher"",Essentials,Shampoo,""24-Hour Check-in"",Hangers,""Hair Dryer"",Iron,""Laptop Friendly Workspace""}","$156.00","$60.00",18,96,10,10,10,10,9,2.83,417
"1561",1163345,"f","Central Business District",47.6056720512327,-122.331493992023,"Apartment","Entire home/apt",3,1,1,1,"Real Bed","{TV,""Cable TV"",""Wireless Internet"",Kitchen,Heating,Washer,Dryer,""Smoke Detector"",""Safety Card"",""Fire Extinguisher"",Essentials}","$169.00","",107,88,9,9,9,9,9,3.4,424
"1562",6436727,"f","First Hill",47.6110017651266,-122.328586124557,"Apartment","Entire home/apt",2,1,1,1,"Real Bed","{TV,""Wireless Internet"",Kitchen,""Elevator in Building"",Heating,""Smoke Detector"",""Carbon Monoxide Detector"",""Fire Extinguisher""}","$150.00","",14,94,10,10,10,10,9,1.86,424
"1563",8553556,"f","First Hill",47.6113344183571,-122.32604789144,"Apartment","Entire home/apt",2,1,1,1,"Real Bed","{TV,""Wireless Internet"",Kitchen,""Free Parking on Premises"",""Elevator in Building"",Heating,""Family/Kid Friendly"",Dryer,Essentials,Shampoo}","$125.00","",12,91,8,9,10,10,9,3.79,424
"1564",7389483,"f","First Hill",47.6122573724213,-122.326365625533,"Apartment","Entire home/apt",2,1,1,1,"Real Bed","{TV,""Cable TV"",Internet,""Wireless Internet"",Kitchen,Gym,""Elevator in Building"",Heating,Washer,Dryer,""Smoke Detector"",""Carbon Monoxide Detector"",Essentials,Shampoo}","$175.00","$100.00",1,100,10,10,10,10,10,0.26,423
"1565",1901706,"f","First Hill",47.6132097848112,-122.323277626419,"Apartment","Entire home/apt",2,1,0,1,"Real Bed","{TV,""Cable TV"",Internet,""Wireless Internet"",""Air Conditioning"",Kitchen,""Buzzer/Wireless Intercom"",Heating,""Family/Kid Friendly"",Washer,Dryer,""Smoke Detector"",""Carbon Monoxide Detector"",""First Aid Kit"",""Fire Extinguisher"",Essentials,Shampoo}","$155.00","$60.00",15,96,9,10,10,10,9,0.8,422
"1566",4137114,"f","First Hill",47.6109653996198,-122.329072473025,"Apartment","Entire home/apt",6,1,1,4,"Real Bed","{TV,""Cable TV"",Internet,""Wireless Internet"",""Air Conditioning"",Kitchen,""Pets Allowed"",Doorman,""Elevator in Building"",""Buzzer/Wireless Intercom"",Heating,""Family/Kid Friendly"",Washer,Dryer,""Smoke Detector"",""Carbon Monoxide Detector"",""First Aid Kit"",""Fire Extinguisher"",Essentials,Shampoo,""24-Hour Check-in"",Hangers,""Hair Dryer"",Iron,""Laptop Friendly Workspace""}","$151.00","$65.00",54,94,10,9,10,10,9,3.58,424
"1567",5249093,"f","First Hill",47.6131762263525,-122.329084036688,"Apartment","Entire home/apt",6,2,2,4,"Real Bed","{""Cable TV"",""Wireless Internet"",""Air Conditioning"",Kitchen,""Elevator in Building"",Heating,""Family/Kid Friendly"",Washer,Dryer,""Smoke Detector"",""Carbon Monoxide Detector"",""Fire Extinguisher"",Essentials}","$175.00","$135.00",27,90,9,10,10,10,9,2.88,422
"1568",356608,"f","First Hill",47.6130430105466,-122.323214212941,"Apartment","Entire home/apt",6,2,2,2,"Real Bed","{TV,""Cable TV"",Internet,""Wireless Internet"",""Air Conditioning"",Kitchen,""Buzzer/Wireless Intercom"",Heating,""Family/Kid Friendly"",Washer,Dryer,""Smoke Detector"",""Carbon Monoxide Detector"",""First Aid Kit"",""Fire Extinguisher"",Essentials,Shampoo}","$196.00","$60.00",40,96,10,10,10,9,9,0.92,422
"1569",5270223,"f","First Hill",47.6109618237854,-122.330321190829,"Apartment","Entire home/apt",2,1,0,1,"Real Bed","{TV,""Cable TV"",Kitchen,""Elevator in Building"",Heating,""Smoke Detector"",""Carbon Monoxide Detector"",Essentials}","$110.00","",0,NA,NA,NA,NA,NA,NA,NA,422
"1570",7824870,"f","First Hill",47.613456476085,-122.324979534031,"Apartment","Entire home/apt",2,1,0,1,"Real Bed","{Internet,""Wireless Internet"",Kitchen,Heating,""Family/Kid Friendly"",Washer,Dryer,""Smoke Detector"",""Carbon Monoxide Detector"",Essentials,Shampoo}","$140.00","$10.00",0,NA,NA,NA,NA,NA,NA,NA,422
"1571",828298,"f","First Hill",47.611855354434,-122.330490948673,"Apartment","Entire home/apt",5,1,2,3,"Real Bed","{TV,""Cable TV"",Internet,""Wireless Internet"",""Air Conditioning"",Kitchen,""Free Parking on Premises"",""Elevator in Building"",""Buzzer/Wireless Intercom"",Heating,""Family/Kid Friendly"",Washer,Dryer,""Smoke Detector"",""Carbon Monoxide Detector"",""Safety Card"",""Fire Extinguisher"",Essentials,Shampoo,Hangers,""Hair Dryer"",Iron}","$175.00","$107.00",14,92,10,10,10,10,10,0.39,422
"1572",8446347,"f","First Hill",47.6101624890202,-122.323571632966,"Apartment","Entire home/apt",4,1,1,2,"Real Bed","{""Wireless Internet"",Kitchen,Breakfast,""Buzzer/Wireless Intercom"",Heating,Essentials,Shampoo}","$250.00","$45.00",0,NA,NA,NA,NA,NA,NA,NA,422
"1573",5989894,"f","First Hill",47.6088719974891,-122.328105766658,"Apartment","Entire home/apt",4,1,1,1,"Real Bed","{Internet,""Wireless Internet"",Pool,Kitchen,Gym,""Elevator in Building"",""Hot Tub"",""Buzzer/Wireless Intercom"",Heating,""Family/Kid Friendly"",Washer,Dryer,""Smoke Detector"",Essentials,Shampoo,""24-Hour Check-in"",Hangers}","$90.00","$50.00",11,95,10,10,10,10,9,1.27,422
"1574",7699495,"t","First Hill",47.6081559771523,-122.329198404256,"Apartment","Entire home/apt",2,1,1,1,"Real Bed","{TV,Internet,""Wireless Internet"",""Wheelchair Accessible"",Kitchen,""Free Parking on Premises"",""Elevator in Building"",Heating,""Family/Kid Friendly"",Washer,Dryer,""Smoke Detector"",""Carbon Monoxide Detector"",""First Aid Kit"",""Safety Card"",""Fire Extinguisher"",Essentials,Shampoo}","$105.00","$60.00",6,100,10,10,10,10,10,2.73,424
"1575",3270492,"f","First Hill",47.6110914977577,-122.330733425151,"Apartment","Private room",2,1,1,1,"Real Bed","{TV,""Cable TV"",Internet,""Wireless Internet"",Kitchen,""Elevator in Building"",Heating,Washer,Dryer,Essentials,Shampoo}","$95.00","$30.00",62,97,9,10,10,10,10,3.41,422
"1576",5372156,"t","First Hill",47.6083483127357,-122.328674120045,"Apartment","Entire home/apt",3,1,1,1,"Real Bed","{TV,Internet,""Wireless Internet"",Kitchen,""Elevator in Building"",Heating,""Family/Kid Friendly"",Washer,Dryer,""Smoke Detector"",""Carbon Monoxide Detector"",""First Aid Kit"",""Safety Card"",""Fire Extinguisher"",Essentials,Shampoo,""24-Hour Check-in"",Hangers,""Hair Dryer"",Iron,""Laptop Friendly Workspace""}","$139.00","$60.00",15,96,10,10,10,10,10,1.93,424
"1577",2933877,"f","First Hill",47.6126332726356,-122.329441992394,"Apartment","Entire home/apt",2,1,0,1,"Real Bed","{TV,""Cable TV"",Internet,""Wireless Internet"",""Air Conditioning"",Kitchen,""Elevator in Building"",Heating,""Family/Kid Friendly"",Washer,Dryer,""Smoke Detector"",""Carbon Monoxide Detector"",""Fire Extinguisher"",Essentials}","$115.00","$135.00",9,91,10,9,9,10,9,0.5,422
"1578",4943016,"f","First Hill",47.611327641772,-122.330600102029,"Apartment","Entire home/apt",4,1,1,1,"Real Bed","{TV,""Cable TV"",Internet,""Wireless Internet"",""Air Conditioning"",Kitchen,""Elevator in Building"",Heating,""Family/Kid Friendly"",Washer,Dryer,""Smoke Detector"",""Carbon Monoxide Detector"",""First Aid Kit"",""Safety Card"",""Fire Extinguisher"",Essentials,Shampoo}","$185.00","$65.00",4,90,10,10,10,10,9,0.37,422
"1579",3624990,"f","First Hill",47.6113687393697,-122.328852549505,"Apartment","Entire home/apt",6,1,2,4,"Real Bed","{TV,""Cable TV"",Internet,""Wireless Internet"",""Air Conditioning"",Kitchen,""Elevator in Building"",Heating,""Family/Kid Friendly"",Washer,Dryer,""Smoke Detector"",""Carbon Monoxide Detector"",""Fire Extinguisher"",Essentials}","$175.00","$135.00",18,90,9,10,10,9,9,1.15,423
"1580",7391003,"f","First Hill",47.6095383549856,-122.330178476109,"Apartment","Entire home/apt",2,1,0,1,"Real Bed","{TV,""Wireless Internet"",Kitchen,""Elevator in Building"",Heating,Washer,Dryer,""Smoke Detector"",Essentials,Shampoo}","$75.00","$20.00",43,85,9,9,10,10,9,7.63,423
"1581",9922140,"t","First Hill",47.6094070448877,-122.329115028382,"Apartment","Entire home/apt",3,1,1,1,"Real Bed","{TV,""Cable TV"",Internet,""Wireless Internet"",""Air Conditioning"",Kitchen,""Free Parking on Premises"",""Pets Allowed"",Doorman,Gym,""Elevator in Building"",""Buzzer/Wireless Intercom"",Heating,""Family/Kid Friendly"",Washer,Dryer,""Smoke Detector"",""Carbon Monoxide Detector"",""First Aid Kit"",""Safety Card"",""Fire Extinguisher"",Essentials,Shampoo,""24-Hour Check-in"",Hangers,""Hair Dryer"",Iron,""Laptop Friendly Workspace""}","$85.00","$20.00",0,NA,NA,NA,NA,NA,NA,NA,424
"1582",10126199,"t","First Hill",47.6097020053612,-122.328862846201,"Apartment","Entire home/apt",3,1,1,1,"Real Bed","{Internet,""Wireless Internet"",Pool,Kitchen,""Free Parking on Premises"",Gym,""Elevator in Building"",""Hot Tub"",""Buzzer/Wireless Intercom"",Heating,""Family/Kid Friendly"",Washer,Dryer,""Smoke Detector"",""Carbon Monoxide Detector"",""First Aid Kit"",""Fire Extinguisher"",Essentials,Shampoo,""24-Hour Check-in"",Hangers,""Hair Dryer"",Iron,""Laptop Friendly Workspace""}","$129.00","$65.00",0,NA,NA,NA,NA,NA,NA,NA,424
"1583",6752031,"f","First Hill",47.6084489654819,-122.328811209669,"Apartment","Private room",2,1,1,1,"Airbed","{TV,""Cable TV"",Internet,""Wireless Internet"",Pool,Kitchen,Gym,""Elevator in Building"",""Hot Tub"",Heating,Washer,Dryer,""Smoke Detector"",""Carbon Monoxide Detector"",Essentials,Shampoo,Hangers,Iron,""Laptop Friendly Workspace""}","$70.00","$10.00",18,91,10,10,10,10,9,2.95,423
"1584",1815304,"f","First Hill",47.6128184925771,-122.327614694988,"Apartment","Private room",2,1,1,1,"Pull-out Sofa","{TV,Internet,""Wireless Internet"",Kitchen,""Smoking Allowed"",""Pets live on this property"",Dog(s),""Elevator in Building"",""Buzzer/Wireless Intercom"",Heating,Washer,Dryer,""Smoke Detector"",""First Aid Kit"",Essentials,""Laptop Friendly Workspace""}","$79.00","",139,91,8,10,10,10,9,5.29,422
"1585",10211716,"f","First Hill",47.6098066059309,-122.324424446591,"Apartment","Entire home/apt",6,2,2,2,"Real Bed","{TV,Internet,Kitchen,Doorman,Gym,""Elevator in Building"",""Buzzer/Wireless Intercom"",Heating,Washer,Dryer,Essentials,Shampoo,""24-Hour Check-in"",Hangers,""Hair Dryer"",Iron}","$109.00","$60.00",0,NA,NA,NA,NA,NA,NA,NA,423
"1586",3793047,"f","First Hill",47.6139980178247,-122.326395990964,"Apartment","Entire home/apt",2,1,0,1,"Real Bed","{TV,Internet,""Wireless Internet"",Kitchen,""Elevator in Building"",""Buzzer/Wireless Intercom"",Heating,Dryer,""Smoke Detector"",""Carbon Monoxide Detector"",""First Aid Kit"",Essentials}","$100.00","$15.00",37,92,9,9,10,10,9,2.17,423
"1587",353039,"f","First Hill",47.6136745639169,-122.322028272143,"Apartment","Entire home/apt",4,1,1,1,"Real Bed","{TV,""Cable TV"",Internet,""Wireless Internet"",""Air Conditioning"",Kitchen,""Buzzer/Wireless Intercom"",Heating,""Family/Kid Friendly"",Washer,Dryer,""Smoke Detector"",""Carbon Monoxide Detector"",""First Aid Kit"",""Fire Extinguisher"",Essentials,Shampoo}","$155.00","$60.00",18,93,10,9,9,9,9,0.42,422
"1588",5218550,"f","First Hill",47.6108999494745,-122.325208825744,"Apartment","Private room",2,1,1,1,"Real Bed","{""Cable TV"",""Wireless Internet"",""Buzzer/Wireless Intercom"",Heating,Washer,Dryer,""Smoke Detector"",""Carbon Monoxide Detector"",""First Aid Kit"",""Safety Card"",""Fire Extinguisher"",Essentials,Shampoo}","$87.00","$10.00",71,98,10,10,10,10,10,6.7,423
"1589",7809494,"f","First Hill",47.6069227176524,-122.325263945718,"Apartment","Entire home/apt",3,1,1,1,"Real Bed","{TV,Internet,""Wireless Internet"",Kitchen,""Elevator in Building"",Heating,Washer,Dryer,""Smoke Detector"",""Carbon Monoxide Detector"",Essentials,Hangers,""Hair Dryer"",Iron,""Laptop Friendly Workspace""}","$165.00","$10.00",18,98,9,10,10,10,9,3.72,422
"1590",6627403,"f","First Hill",47.6131741436707,-122.324490437496,"Condominium","Private room",2,1.5,1,1,"Real Bed","{TV,""Cable TV"",Internet,""Wireless Internet"",""Air Conditioning"",Kitchen,""Pets live on this property"",Dog(s),""Elevator in Building"",""Buzzer/Wireless Intercom"",Heating,Washer,Dryer,""Smoke Detector"",""Carbon Monoxide Detector"",""First Aid Kit"",""Safety Card"",""Fire Extinguisher"",Essentials,Shampoo}","$100.00","$25.00",6,100,10,10,10,10,10,2.31,422
"1591",8065715,"f","First Hill",47.6129264391055,-122.328671711494,"Apartment","Private room",2,1,1,1,"Real Bed","{TV,Internet,""Wireless Internet"",""Wheelchair Accessible"",Kitchen,""Free Parking on Premises"",""Smoking Allowed"",Gym,Breakfast,""Elevator in Building"",Heating,""Family/Kid Friendly"",Washer,Dryer,""Smoke Detector"",""Carbon Monoxide Detector"",Essentials,Shampoo}","$78.00","$20.00",14,99,9,10,10,10,9,3.31,422
"1592",7431247,"f","First Hill",47.6136548476651,-122.323203009128,"Apartment","Entire home/apt",2,1,0,1,"Real Bed","{TV,Internet,""Wireless Internet"",Kitchen,""Smoke Detector"",""Carbon Monoxide Detector"",Essentials}","$150.00","",1,100,10,10,10,8,8,0.21,422
"1593",9460,"t","First Hill",47.6080099819182,-122.328738669951,"Bed & Breakfast","Private room",2,1,1,1,"Real Bed","{TV,""Cable TV"",Internet,""Wireless Internet"",""Air Conditioning"",Kitchen,""Free Parking on Premises"",Doorman,Breakfast,""Elevator in Building"",""Buzzer/Wireless Intercom"",Heating,Washer,Dryer,""Smoke Detector"",""Carbon Monoxide Detector"",""First Aid Kit"",""Safety Card"",""Fire Extinguisher"",Essentials,Shampoo,""Lock on Bedroom Door"",""24-Hour Check-in"",Hangers,""Hair Dryer"",Iron,""Laptop Friendly Workspace""}","$99.00","",240,98,10,10,10,10,10,3.11,424
"1594",6993978,"f","First Hill",47.6101356152931,-122.326520077897,"Apartment","Shared room",2,1,1,1,"Real Bed","{TV,Internet,""Wireless Internet"",Kitchen,""Pets live on this property"",Cat(s),""Elevator in Building"",""Buzzer/Wireless Intercom"",Heating,Washer,Dryer,""Smoke Detector"",""Carbon Monoxide Detector"",""First Aid Kit"",""Fire Extinguisher"",Essentials,Shampoo,""24-Hour Check-in"",Hangers,""Hair Dryer"",Iron,""Laptop Friendly Workspace""}","$80.00","$30.00",13,100,10,10,10,10,9,2.25,423
"1595",9979329,"f","First Hill",47.6090731882998,-122.323576911277,"Apartment","Entire home/apt",6,2,2,2,"Real Bed","{TV,Internet,""Wireless Internet"",Doorman,Gym,""Elevator in Building"",""Buzzer/Wireless Intercom"",Heating,Washer,Dryer,Essentials,Shampoo}","$185.00","$75.00",0,NA,NA,NA,NA,NA,NA,NA,422
"1596",9061868,"f","First Hill",47.6124467867418,-122.330340016957,"Condominium","Entire home/apt",4,1,2,3,"Real Bed","{TV,""Cable TV"",Internet,""Wireless Internet"",""Air Conditioning"",Kitchen,""Elevator in Building"",""Buzzer/Wireless Intercom"",Heating,Washer,Dryer,""Smoke Detector"",""Carbon Monoxide Detector"",""First Aid Kit"",""Safety Card"",""Fire Extinguisher"",Essentials,Shampoo,""24-Hour Check-in"",Hangers,""Hair Dryer"",Iron,""Laptop Friendly Workspace""}","$169.00","$100.00",2,90,10,10,10,10,9,2,422
"1597",1246769,"f","First Hill",47.6124562645795,-122.330141388352,"Apartment","Entire home/apt",3,1,1,2,"Real Bed","{TV,""Cable TV"",Internet,""Wireless Internet"",""Air Conditioning"",Kitchen,""Elevator in Building"",Heating,""Family/Kid Friendly"",Washer,Dryer,""Smoke Detector"",""Carbon Monoxide Detector"",""First Aid Kit"",""Safety Card"",""Fire Extinguisher"",Essentials,Shampoo,""24-Hour Check-in"",Hangers,""Hair Dryer"",Iron,""Laptop Friendly Workspace""}","$129.00","$50.00",154,96,10,10,10,10,9,4.98,422
"1598",1107845,"t","First Hill",47.6139286662749,-122.326351626306,"Apartment","Entire home/apt",3,1,1,1,"Real Bed","{TV,Internet,""Wireless Internet"",""Wheelchair Accessible"",Kitchen,""Elevator in Building"",Heating,""Family/Kid Friendly"",Washer,Dryer,""Smoke Detector"",Essentials,Shampoo}","$80.00","",55,93,8,10,10,10,9,1.84,423
"1599",1583047,"f","First Hill",47.6134528723885,-122.323451437292,"Apartment","Entire home/apt",4,1,1,1,"Real Bed","{""Wireless Internet"",""Wheelchair Accessible"",Kitchen,""Free Parking on Premises"",""Elevator in Building"",""Buzzer/Wireless Intercom"",Heating,""Family/Kid Friendly"",Washer,Dryer,""Smoke Detector"",""Fire Extinguisher""}","$77.00","$25.00",6,87,9,9,9,10,8,0.22,422
"1600",7735282,"t","First Hill",47.6117596382842,-122.321415963905,"Apartment","Entire home/apt",3,1,0,1,"Real Bed","{TV,Internet,""Wireless Internet"",""Air Conditioning"",Kitchen,Heating,""Smoke Detector"",""Carbon Monoxide Detector"",Essentials,Shampoo}","$99.00","$50.00",9,98,10,10,10,10,10,7.94,421
"1601",7710713,"t","First Hill",47.6062375932532,-122.327306508387,"Apartment","Entire home/apt",2,1,1,1,"Real Bed","{TV,Internet,""Wireless Internet"",""Wheelchair Accessible"",Kitchen,""Free Parking on Premises"",""Elevator in Building"",Heating,""Family/Kid Friendly"",Washer,Dryer,""Smoke Detector"",""Carbon Monoxide Detector"",""First Aid Kit"",""Safety Card"",""Fire Extinguisher"",Essentials,Shampoo}","$119.00","$60.00",8,100,10,10,10,10,10,2.2,423
"1602",7735313,"t","First Hill",47.6117139299484,-122.328601971782,"Apartment","Entire home/apt",3,1,0,1,"Real Bed","{TV,Internet,""Wireless Internet"",""Air Conditioning"",Kitchen,""Elevator in Building"",Heating,Washer,Dryer,""Smoke Detector"",""Carbon Monoxide Detector"",Essentials,Shampoo,""24-Hour Check-in"",Hangers,""Hair Dryer"",Iron,""Laptop Friendly Workspace""}","$129.00","$50.00",31,97,10,10,10,10,9,6.33,423
"1603",8869027,"f","First Hill",47.6066613017669,-122.327792174324,"Apartment","Entire home/apt",3,1,1,1,"Real Bed","{TV,""Wireless Internet"",Kitchen,""Elevator in Building"",Heating,Washer,Dryer,""Smoke Detector"",""Carbon Monoxide Detector"",Essentials,Shampoo,Hangers,Iron}","$145.00","$40.00",10,100,10,10,10,10,10,3.85,425
"1604",9781881,"f","First Hill",47.6095665722939,-122.327712432842,"Condominium","Private room",1,0.5,1,1,"Real Bed","{""Cable TV"",Internet,""Wireless Internet"",""Air Conditioning"",Pool,Kitchen,""Pets Allowed"",Gym,""Pets live on this property"",Dog(s),""Elevator in Building"",""Hot Tub"",""Indoor Fireplace"",Heating,Washer,Dryer,""Smoke Detector"",""Carbon Monoxide Detector"",""First Aid Kit"",""Safety Card"",""Fire Extinguisher"",Essentials,""Lock on Bedroom Door"",""24-Hour Check-in"",Hangers,""Laptop Friendly Workspace""}","$250.00","",0,NA,NA,NA,NA,NA,NA,NA,424
"1605",6239907,"t","First Hill",47.6067370360352,-122.325903915882,"Apartment","Private room",2,1,1,1,"Real Bed","{TV,""Wireless Internet"",""Pets live on this property"",Dog(s),""Buzzer/Wireless Intercom"",Heating,""Family/Kid Friendly"",Washer,Dryer,""Smoke Detector"",""Carbon Monoxide Detector"",""First Aid Kit"",""Safety Card"",Essentials,Shampoo}","$99.00","",46,97,10,10,10,10,10,6.16,423
"1606",6315269,"f","First Hill",47.6118123941539,-122.329244462309,"Apartment","Entire home/apt",4,1,1,2,"Real Bed","{TV,""Cable TV"",Internet,""Wireless Internet"",""Air Conditioning"",Kitchen,""Elevator in Building"",""Buzzer/Wireless Intercom"",Heating,""Family/Kid Friendly"",""Smoke Detector"",""Carbon Monoxide Detector"",""Fire Extinguisher"",Essentials,Shampoo,Hangers,""Hair Dryer"",Iron,""Laptop Friendly Workspace""}","$230.00","$95.00",2,100,10,10,10,10,10,0.27,423
"1607",9318524,"t","First Hill",47.6108853271327,-122.324883255243,"Apartment","Entire home/apt",3,1,1,1,"Real Bed","{TV,Internet,""Wireless Internet"",""Air Conditioning"",""Wheelchair Accessible"",Kitchen,Gym,""Elevator in Building"",""Buzzer/Wireless Intercom"",Heating,""Family/Kid Friendly"",Washer,Dryer,""Smoke Detector"",""Carbon Monoxide Detector"",""First Aid Kit"",""Safety Card"",""Fire Extinguisher"",Essentials,Shampoo,""24-Hour Check-in"",Hangers,""Hair Dryer"",Iron,""Laptop Friendly Workspace""}","$109.00","$60.00",1,100,10,10,10,10,10,0.65,423
"1608",6812415,"f","First Hill",47.6084187928326,-122.324200517844,"Apartment","Shared room",2,1,1,1,"Real Bed","{TV,Internet,""Wireless Internet"",""Wheelchair Accessible"",Kitchen,""Elevator in Building"",Heating,Washer,Dryer,""Smoke Detector"",""Carbon Monoxide Detector"",""First Aid Kit"",""Safety Card"",Essentials,Shampoo}","$85.00","$15.00",16,95,10,10,10,10,10,2.44,423
"1609",7118258,"f","First Hill",47.6116569135803,-122.323198832417,"Apartment","Entire home/apt",2,1,1,1,"Real Bed","{TV,""Wireless Internet"",Kitchen,""Smoke Detector"",""Carbon Monoxide Detector"",""Fire Extinguisher"",Essentials}","$120.00","",1,100,10,10,10,10,10,0.19,422
"1610",8505421,"f","First Hill",47.6077942276406,-122.32746298526,"Apartment","Entire home/apt",4,1,1,2,"Real Bed","{""Wireless Internet"",Kitchen,""Buzzer/Wireless Intercom"",Heating,""Family/Kid Friendly"",Essentials,Shampoo}","$150.00","$60.00",1,80,NA,NA,10,10,8,0.3,423
"1611",6246861,"t","First Hill",47.6138697498246,-122.326550137426,"Apartment","Entire home/apt",3,1,0,1,"Real Bed","{TV,Internet,""Wireless Internet"",""Air Conditioning"",Kitchen,Heating,Washer,Dryer,""Smoke Detector"",""Carbon Monoxide Detector"",Essentials,Shampoo,""24-Hour Check-in"",Hangers,""Hair Dryer"",Iron,""Laptop Friendly Workspace""}","$115.00","$50.00",71,94,10,10,10,10,9,8.95,423
"1612",7828222,"f","First Hill",47.6094177497795,-122.328688545258,"Apartment","Entire home/apt",4,1,1,1,"Real Bed","{Internet,""Wireless Internet"",Pool,Kitchen,Gym,""Elevator in Building"",""Hot Tub"",""Buzzer/Wireless Intercom"",""Family/Kid Friendly"",Washer,Dryer,Shampoo}","$130.00","$50.00",3,93,9,9,10,10,10,0.67,424
"1613",7533901,"f","First Hill",47.612294184513,-122.329654246492,"Condominium","Entire home/apt",4,1,1,1,"Real Bed","{TV,""Cable TV"",Internet,""Wireless Internet"",""Air Conditioning"",Kitchen,""Elevator in Building"",""Buzzer/Wireless Intercom"",Heating,Washer,Dryer,""Smoke Detector"",""Carbon Monoxide Detector"",""First Aid Kit"",""Fire Extinguisher"",Essentials,Shampoo}","$129.00","$100.00",3,87,10,10,10,9,9,0.94,422
"1614",3803947,"t","First Hill",47.6078908054944,-122.327808377326,"Apartment","Entire home/apt",2,1,1,1,"Real Bed","{TV,Internet,""Wireless Internet"",Kitchen,""Elevator in Building"",""Buzzer/Wireless Intercom"",Heating,""Family/Kid Friendly"",Washer,Dryer,""Smoke Detector"",""Carbon Monoxide Detector"",""First Aid Kit"",""Safety Card"",""Fire Extinguisher"",Essentials,Shampoo,""24-Hour Check-in"",Hangers,""Hair Dryer"",Iron,""Laptop Friendly Workspace""}","$129.00","$60.00",55,98,10,10,10,10,10,3.33,424
"1615",2943860,"f","First Hill",47.6117200313104,-122.330425246996,"Apartment","Entire home/apt",6,2,1,4,"Real Bed","{TV,""Cable TV"",Internet,""Wireless Internet"",""Air Conditioning"",Kitchen,""Elevator in Building"",Heating,""Family/Kid Friendly"",Washer,Dryer,""Smoke Detector"",""Carbon Monoxide Detector"",""Fire Extinguisher"",Essentials}","$195.00","$135.00",14,90,10,10,10,9,9,0.71,422
"1616",7388225,"f","First Hill",47.6116034066668,-122.317229401149,"Apartment","Entire home/apt",4,2,2,2,"Real Bed","{Internet,""Wireless Internet"",Kitchen,Doorman,""Elevator in Building"",""Indoor Fireplace"",""Buzzer/Wireless Intercom"",Heating,Washer,Dryer,""Smoke Detector"",""Carbon Monoxide Detector"",""First Aid Kit"",""Safety Card"",""Fire Extinguisher"",Essentials,Shampoo}","$500.00","",1,100,10,10,10,10,10,0.2,417
"1617",2620429,"t","First Hill",47.6119194080044,-122.330334556665,"Apartment","Entire home/apt",5,2,2,3,"Real Bed","{TV,""Cable TV"",Internet,""Wireless Internet"",""Air Conditioning"",Kitchen,Doorman,""Elevator in Building"",""Buzzer/Wireless Intercom"",Heating,""Family/Kid Friendly"",Washer,Dryer,""Smoke Detector"",""Carbon Monoxide Detector"",Essentials,Shampoo,""24-Hour Check-in"",Hangers,""Hair Dryer"",Iron,""Laptop Friendly Workspace""}","$195.00","",84,98,10,10,10,10,10,4.21,422
"1618",5036739,"f","First Hill",47.6118283866314,-122.329413970863,"Apartment","Entire home/apt",4,1,0,1,"Real Bed","{Kitchen,""Elevator in Building"",Heating,""Family/Kid Friendly"",Washer,Dryer,""Smoke Detector"",""Carbon Monoxide Detector"",""Fire Extinguisher""}","$250.00","",0,NA,NA,NA,NA,NA,NA,NA,422
"1619",2978929,"f","First Hill",47.6079512606605,-122.328237482279,"Apartment","Entire home/apt",3,1,0,1,"Real Bed","{Internet,""Wireless Internet"",Kitchen,""Free Parking on Premises"",Heating,Washer,Dryer,""Smoke Detector"",""Carbon Monoxide Detector"",""Fire Extinguisher"",Essentials,Shampoo,""24-Hour Check-in""}","$100.00","$60.00",45,89,9,9,9,9,8,2.3,424
"1620",7699096,"t","First Hill",47.6068077172655,-122.328980002961,"Apartment","Entire home/apt",2,1,1,1,"Real Bed","{TV,Internet,""Wireless Internet"",""Wheelchair Accessible"",Kitchen,""Free Parking on Premises"",""Elevator in Building"",Heating,""Family/Kid Friendly"",Washer,Dryer,""Smoke Detector"",""Carbon Monoxide Detector"",""First Aid Kit"",""Safety Card"",""Fire Extinguisher"",Essentials,Shampoo}","$110.00","$60.00",16,100,10,10,10,10,10,3.31,424
"1621",4439293,"f","First Hill",47.6118661992765,-122.328552021792,"Apartment","Entire home/apt",4,1,0,2,"Real Bed","{TV,""Cable TV"",Internet,""Wireless Internet"",""Air Conditioning"",Kitchen,""Pets Allowed"",Doorman,""Elevator in Building"",""Buzzer/Wireless Intercom"",Heating,Washer,Dryer,""Smoke Detector"",""Carbon Monoxide Detector"",""First Aid Kit"",""Fire Extinguisher"",Essentials,Shampoo,""24-Hour Check-in"",Hangers,""Hair Dryer"",Iron,""Laptop Friendly Workspace""}","$121.00","$60.00",66,95,10,9,10,10,10,4.64,423
"1622",580815,"f","First Hill",47.6135485751974,-122.321305398887,"Apartment","Entire home/apt",2,1,1,1,"Real Bed","{TV,""Cable TV"",Internet,""Wireless Internet"",""Air Conditioning"",Kitchen,""Buzzer/Wireless Intercom"",Heating,""Family/Kid Friendly"",Washer,Dryer,""Smoke Detector"",""Carbon Monoxide Detector"",""First Aid Kit"",""Fire Extinguisher"",Essentials,Shampoo}","$139.00","$60.00",11,98,9,9,10,10,10,0.35,422
"1623",5315169,"f","First Hill",47.6131383960529,-122.325161600191,"Apartment","Entire home/apt",4,1,1,2,"Real Bed","{TV,Internet,""Wireless Internet"",Kitchen,""Free Parking on Premises"",""Buzzer/Wireless Intercom"",Heating,""Family/Kid Friendly"",Washer,Dryer,""Smoke Detector"",""Carbon Monoxide Detector"",""First Aid Kit"",""Fire Extinguisher"",Essentials,Shampoo}","$120.00","$20.00",26,94,9,10,10,10,10,2.84,422
"1624",3906076,"t","First Hill",47.6114504859177,-122.331083961427,"Apartment","Entire home/apt",2,1,1,1,"Real Bed","{TV,""Cable TV"",""Wireless Internet"",Kitchen,""Elevator in Building"",Heating,""Smoke Detector"",""Carbon Monoxide Detector"",""First Aid Kit"",""Fire Extinguisher"",Essentials}","$110.00","$50.00",53,98,10,10,10,10,10,3.25,421
"1625",4566609,"f","First Hill",47.6132258766034,-122.323600942751,"Apartment","Entire home/apt",2,1,0,1,"Real Bed","{Internet,""Wireless Internet"",Kitchen,""Buzzer/Wireless Intercom"",Heating,Washer,Dryer,""Smoke Detector"",""Carbon Monoxide Detector"",""First Aid Kit"",Essentials,Shampoo}","$69.00","$69.00",25,78,8,9,8,9,8,1.88,422
"1626",9304465,"f","First Hill",47.6104894339631,-122.325329293859,"Apartment","Entire home/apt",2,1,1,2,"Real Bed","{""Wireless Internet"",Kitchen,""Elevator in Building"",Heating,""Family/Kid Friendly"",Washer,Dryer,""Smoke Detector"",""Carbon Monoxide Detector"",Essentials,Shampoo,Hangers,""Laptop Friendly Workspace""}","$100.00","",0,NA,NA,NA,NA,NA,NA,NA,423
"1627",1136984,"f","First Hill",47.6115954155097,-122.330762164045,"Apartment","Entire home/apt",4,1,1,2,"Real Bed","{TV,""Cable TV"",Internet,""Wireless Internet"",Kitchen,""Elevator in Building"",Heating,Washer,Dryer,""Smoke Detector"",""Carbon Monoxide Detector"",Essentials,Shampoo}","$150.00","$50.00",65,94,9,9,10,10,9,2.4,421
"1628",6494181,"f","First Hill",47.6124683496974,-122.330053114695,"Condominium","Entire home/apt",6,1.5,2,4,"Real Bed","{TV,""Cable TV"",Internet,""Wireless Internet"",""Air Conditioning"",Kitchen,""Elevator in Building"",Heating,""Family/Kid Friendly"",Washer,Dryer,""Smoke Detector"",""Carbon Monoxide Detector"",""Fire Extinguisher"",Essentials}","$215.00","$135.00",12,97,10,10,10,10,10,1.84,422
"1629",4494947,"t","First Hill",47.6097164547189,-122.324724625599,"Apartment","Shared room",2,1,1,1,"Couch","{TV,Internet,""Wireless Internet"",""Air Conditioning"",Kitchen,""Elevator in Building"",""Buzzer/Wireless Intercom"",Heating,""Family/Kid Friendly"",Washer,Dryer,""Smoke Detector"",""Carbon Monoxide Detector"",""First Aid Kit"",""Fire Extinguisher"",Essentials,Shampoo,""24-Hour Check-in"",""Hair Dryer"",Iron,""Laptop Friendly Workspace""}","$40.00","",0,NA,NA,NA,NA,NA,NA,NA,425
"1630",9533648,"f","First Hill",47.6126278453007,-122.324580513278,"Apartment","Entire home/apt",3,1,0,1,"Real Bed","{TV,Internet,""Wireless Internet"",Kitchen,""Elevator in Building"",Heating,""Family/Kid Friendly"",""Suitable for Events"",Washer,Dryer,""Smoke Detector"",""Carbon Monoxide Detector"",""First Aid Kit"",""Fire Extinguisher"",Essentials,Shampoo}","$103.00","",7,91,10,9,10,10,10,6,423
"1631",284087,"f","First Hill",47.6114811166588,-122.329121063674,"Apartment","Entire home/apt",6,1,2,3,"Real Bed","{TV,""Cable TV"",Internet,""Wireless Internet"",Kitchen,""Free Parking on Premises"",Doorman,""Elevator in Building"",""Buzzer/Wireless Intercom"",Heating,""Family/Kid Friendly"",Washer,Dryer,""Smoke Detector"",""First Aid Kit"",Essentials}","$175.00","$95.00",75,94,9,9,10,10,9,1.6,423
"1632",2825852,"t","First Hill",47.6090750673019,-122.323050028563,"Apartment","Entire home/apt",3,1,1,1,"Real Bed","{TV,Internet,""Wireless Internet"",Pool,Kitchen,Doorman,Gym,""Elevator in Building"",""Hot Tub"",""Buzzer/Wireless Intercom"",Heating,""Family/Kid Friendly"",Dryer,""Smoke Detector"",""Carbon Monoxide Detector"",""First Aid Kit"",""Safety Card"",""Fire Extinguisher"",Essentials,Shampoo,""24-Hour Check-in"",Hangers,""Hair Dryer"",Iron,""Laptop Friendly Workspace""}","$139.00","$60.00",68,95,10,10,10,10,9,3.68,421
"1633",8817033,"f","First Hill",47.6088494052239,-122.32175366243,"Condominium","Private room",2,1,1,1,"Real Bed","{TV,Internet,""Wireless Internet"",""Wheelchair Accessible"",Kitchen,""Free Parking on Premises"",Gym,""Elevator in Building"",Heating,Washer,Dryer,""Smoke Detector"",""Carbon Monoxide Detector"",Essentials,Shampoo}","$66.00","",11,96,10,10,10,10,9,4.02,422
"1634",9097503,"f","First Hill",47.6124791346092,-122.323747123473,"Apartment","Entire home/apt",2,1,1,2,"Real Bed","{Internet,""Wireless Internet"",Kitchen,""Elevator in Building"",Heating,""Family/Kid Friendly"",Essentials,""24-Hour Check-in"",Hangers,Iron,""Laptop Friendly Workspace""}","$85.00","",7,83,8,10,9,10,8,3.13,423
"1635",10211609,"f","First Hill",47.6096701499558,-122.322925691538,"Apartment","Private room",2,1,1,1,"Real Bed","{Internet,""Wireless Internet"",Kitchen,Gym,""Elevator in Building"",Heating,Washer,Dryer,Essentials,Shampoo,""24-Hour Check-in""}","$65.00","$30.00",0,NA,NA,NA,NA,NA,NA,NA,421
"1636",1684236,"t","First Hill",47.6110026510201,-122.32880399937,"Apartment","Entire home/apt",2,1,1,1,"Real Bed","{TV,""Cable TV"",Internet,""Wireless Internet"",Kitchen,""Elevator in Building"",Heating}","$100.00","$50.00",49,98,10,10,10,10,10,1.82,424
"1637",1159226,"f","First Hill",47.6132737590339,-122.322237585858,"Apartment","Entire home/apt",4,1,2,3,"Real Bed","{TV,""Cable TV"",Internet,""Wireless Internet"",""Air Conditioning"",Kitchen,""Buzzer/Wireless Intercom"",Heating,""Family/Kid Friendly"",Washer,Dryer,""Smoke Detector"",""Carbon Monoxide Detector"",""First Aid Kit"",""Fire Extinguisher"",Essentials,Shampoo}","$174.00","$60.00",14,96,10,10,10,9,9,0.66,422
"1638",9318440,"t","First Hill",47.6092252573754,-122.323101369616,"Apartment","Entire home/apt",5,2,2,2,"Real Bed","{TV,Internet,""Wireless Internet"",""Air Conditioning"",Kitchen,Doorman,Gym,""Elevator in Building"",""Buzzer/Wireless Intercom"",Heating,""Family/Kid Friendly"",Washer,Dryer,""Smoke Detector"",""Carbon Monoxide Detector"",""First Aid Kit"",""Safety Card"",""Fire Extinguisher"",Essentials,Shampoo,""24-Hour Check-in"",Hangers,""Hair Dryer"",Iron,""Laptop Friendly Workspace""}","$200.00","$110.00",2,100,10,10,10,10,9,1.2,421
"1639",7884782,"t","First Hill",47.6136505359974,-122.321014641324,"Apartment","Entire home/apt",3,1,1,1,"Real Bed","{TV,Internet,""Wireless Internet"",Kitchen,Gym,""Elevator in Building"",Heating,Washer,Dryer,""Smoke Detector"",""Carbon Monoxide Detector"",Essentials,Shampoo,""24-Hour Check-in"",Hangers,""Hair Dryer"",Iron,""Laptop Friendly Workspace""}","$120.00","$50.00",36,98,10,10,10,10,10,7.61,422
"1640",9236961,"f","First Hill",47.6112900220838,-122.328942501031,"Apartment","Entire home/apt",4,2,2,2,"Real Bed","{TV,Internet,""Wireless Internet"",Kitchen,""Free Parking on Premises"",""Elevator in Building"",""Buzzer/Wireless Intercom"",Heating,Washer,Dryer,""Smoke Detector"",""Carbon Monoxide Detector"",Essentials}","$90.00","$101.00",1,100,10,10,10,10,10,0.81,423
"1641",8065531,"f","First Hill",47.6115426415781,-122.328681979542,"Apartment","Private room",2,1,1,1,"Real Bed","{TV,Internet,""Wireless Internet"",""Wheelchair Accessible"",Kitchen,""Free Parking on Premises"",""Smoking Allowed"",Gym,Breakfast,""Elevator in Building"",Heating,Washer,Dryer,""Smoke Detector"",""Carbon Monoxide Detector"",Essentials,Shampoo}","$78.00","$20.00",12,97,10,10,10,10,10,2.86,423
"1642",8342429,"f","First Hill",47.6122790415226,-122.330464532067,"Apartment","Entire home/apt",3,1,0,1,"Real Bed","{TV,Internet,""Wireless Internet"",Kitchen,""Pets Allowed"",Dog(s),Cat(s),""Elevator in Building"",""Buzzer/Wireless Intercom"",Heating,Washer,Dryer,""Smoke Detector"",""Carbon Monoxide Detector"",Essentials,Shampoo}","$99.00","$10.00",8,100,9,10,10,10,10,3.69,422
"1643",2149219,"f","First Hill",47.6128194445564,-122.321286277007,"Apartment","Entire home/apt",4,1,1,2,"Real Bed","{TV,""Cable TV"",Internet,""Wireless Internet"",""Air Conditioning"",Kitchen,""Buzzer/Wireless Intercom"",Heating,""Family/Kid Friendly"",Washer,Dryer,""Smoke Detector"",""Carbon Monoxide Detector"",""First Aid Kit"",""Fire Extinguisher"",Essentials,Shampoo}","$174.00","$60.00",13,92,10,10,10,9,9,0.74,423
"1644",7678814,"f","First Hill",47.6118560784523,-122.324753685062,"Apartment","Entire home/apt",2,1,1,1,"Real Bed","{TV,Internet,""Wireless Internet"",""Air Conditioning"",Kitchen,""Free Parking on Premises"",Heating,Washer,Dryer,""Smoke Detector"",""Carbon Monoxide Detector"",""First Aid Kit"",""Fire Extinguisher"",Essentials}","$110.00","$61.00",3,93,10,10,10,10,10,0.71,423
"1645",9432322,"f","First Hill",47.6080860837282,-122.327991508483,"Apartment","Entire home/apt",1,1,0,1,"Airbed","{TV,Internet,""Wireless Internet"",Kitchen,""Elevator in Building"",Heating,Washer,Dryer,""Smoke Detector"",""Carbon Monoxide Detector"",Essentials,Hangers,""Hair Dryer"",""Laptop Friendly Workspace""}","$72.00","$20.00",0,NA,NA,NA,NA,NA,NA,NA,424
"1646",4410544,"t","First Hill",47.606839745352,-122.327754122728,"Apartment","Entire home/apt",4,1,2,2,"Real Bed","{TV,Internet,""Wireless Internet"",Kitchen,""Elevator in Building"",""Buzzer/Wireless Intercom"",Heating,""Family/Kid Friendly"",Washer,Dryer,""Smoke Detector"",""Carbon Monoxide Detector"",""First Aid Kit"",""Safety Card"",""Fire Extinguisher"",Essentials,Shampoo,""24-Hour Check-in"",Hangers,""Hair Dryer"",Iron,""Laptop Friendly Workspace""}","$190.00","$80.00",39,96,10,10,10,10,9,2.77,424
"1647",8129676,"f","First Hill",47.6083221732831,-122.329995669164,"Apartment","Entire home/apt",4,1,0,1,"Futon","{Internet,""Wireless Internet"",Kitchen,""Elevator in Building"",Heating,""Family/Kid Friendly"",Washer,Dryer,""Smoke Detector"",""Carbon Monoxide Detector"",Essentials}","$100.00","$10.00",6,93,9,9,10,9,9,1.57,425
"1648",4614955,"f","First Hill",47.6125970157293,-122.329875650508,"Apartment","Entire home/apt",5,1,1,3,"Real Bed","{TV,""Cable TV"",Internet,""Wireless Internet"",""Air Conditioning"",Kitchen,""Pets Allowed"",Doorman,""Elevator in Building"",""Indoor Fireplace"",""Buzzer/Wireless Intercom"",Heating,""Family/Kid Friendly"",Washer,Dryer,""Smoke Detector"",""Carbon Monoxide Detector"",""First Aid Kit"",""Fire Extinguisher"",Essentials,Shampoo,""24-Hour Check-in"",Hangers,""Hair Dryer"",Iron,""Laptop Friendly Workspace""}","$151.00","$65.00",39,93,9,10,10,10,9,3.04,422
"1649",1043194,"f","First Hill",47.6128854882843,-122.32924135213,"Apartment","Entire home/apt",4,1,1,1,"Real Bed","{TV,""Cable TV"",Internet,""Wireless Internet"",""Air Conditioning"",Kitchen,""Elevator in Building"",""Buzzer/Wireless Intercom"",Heating,""Family/Kid Friendly"",Washer,Dryer,""Smoke Detector"",""Carbon Monoxide Detector"",""Safety Card"",""Fire Extinguisher"",Essentials,Shampoo}","$175.00","$65.00",21,98,10,10,10,10,9,0.72,422
"1650",8385687,"f","First Hill",47.6098434161686,-122.321199821884,"Apartment","Entire home/apt",7,2,2,3,"Real Bed","{Internet,""Wireless Internet"",""Wheelchair Accessible"",Kitchen,""Free Parking on Premises"",Gym,""Elevator in Building"",Heating,""Family/Kid Friendly"",Washer,Dryer,""Smoke Detector"",""Carbon Monoxide Detector"",Essentials}","$250.00","",8,95,10,10,10,10,10,2.26,419
"1651",8579782,"f","First Hill",47.6115812111408,-122.329383459784,"Condominium","Entire home/apt",4,1,1,2,"Real Bed","{TV,""Cable TV"",Internet,""Wireless Internet"",""Air Conditioning"",Kitchen,""Elevator in Building"",Heating,""Family/Kid Friendly"",Washer,Dryer,""Smoke Detector"",""Carbon Monoxide Detector"",""Safety Card"",""Fire Extinguisher"",Essentials}","$140.00","$135.00",3,93,9,9,10,10,9,0.99,423
"1652",9908825,"f","First Hill",47.6098849075609,-122.32694834841,"Apartment","Entire home/apt",1,1,0,1,"Real Bed","{""Cable TV"",Internet,""Wireless Internet"",Kitchen,Gym,""Elevator in Building"",""Buzzer/Wireless Intercom"",Heating,Washer,Dryer,Essentials,Shampoo}","$120.00","$45.00",0,NA,NA,NA,NA,NA,NA,NA,426
"1653",9530877,"t","First Hill",47.611230808408,-122.325102001886,"Apartment","Entire home/apt",2,1,0,1,"Real Bed","{TV,Internet,""Wireless Internet"",""Air Conditioning"",""Wheelchair Accessible"",Kitchen,Doorman,Gym,""Elevator in Building"",""Buzzer/Wireless Intercom"",Heating,""Family/Kid Friendly"",Washer,Dryer,""Smoke Detector"",""Carbon Monoxide Detector"",""First Aid Kit"",""Safety Card"",""Fire Extinguisher"",Essentials,Shampoo,""24-Hour Check-in"",Hangers,""Hair Dryer"",Iron,""Laptop Friendly Workspace""}","$99.00","$60.00",0,NA,NA,NA,NA,NA,NA,NA,423
"1654",8441263,"f","First Hill",47.6126509882332,-122.323922144818,"Apartment","Entire home/apt",4,1,1,2,"Real Bed","{TV,Internet,""Wireless Internet"",""Air Conditioning"",Kitchen,""Elevator in Building"",""Buzzer/Wireless Intercom"",Heating,Washer,Dryer,""Smoke Detector"",""Carbon Monoxide Detector"",""First Aid Kit"",""Safety Card"",""Fire Extinguisher"",Essentials,Shampoo}","$180.00","$30.00",0,NA,NA,NA,NA,NA,NA,NA,423
"1655",9530788,"t","First Hill",47.6097100626415,-122.323617113815,"Apartment","Entire home/apt",3,1,1,1,"Real Bed","{TV,Internet,""Wireless Internet"",""Air Conditioning"",""Wheelchair Accessible"",Kitchen,Gym,""Elevator in Building"",""Buzzer/Wireless Intercom"",Heating,""Family/Kid Friendly"",Washer,Dryer,""Smoke Detector"",""Carbon Monoxide Detector"",""First Aid Kit"",""Safety Card"",""Fire Extinguisher"",Essentials,Shampoo,""24-Hour Check-in"",Hangers,""Hair Dryer"",Iron,""Laptop Friendly Workspace""}","$109.00","$60.00",0,NA,NA,NA,NA,NA,NA,NA,422
"1656",3394936,"f","First Hill",47.6114372927842,-122.328766691741,"Condominium","Entire home/apt",4,1,1,2,"Real Bed","{TV,""Cable TV"",Internet,""Wireless Internet"",""Air Conditioning"",Kitchen,""Elevator in Building"",Heating,""Family/Kid Friendly"",Washer,Dryer,""Smoke Detector"",""Carbon Monoxide Detector"",""Safety Card"",""Fire Extinguisher"",Essentials}","$140.00","$135.00",8,98,9,10,10,10,9,0.49,423
"1657",6882518,"f","First Hill",47.6087859773597,-122.325808615214,"Apartment","Entire home/apt",2,1,1,2,"Real Bed","{Internet,""Wireless Internet"",Kitchen,""Pets live on this property"",""Elevator in Building"",""Buzzer/Wireless Intercom"",Heating,Washer,Dryer,""Smoke Detector"",""Carbon Monoxide Detector"",""First Aid Kit"",""Fire Extinguisher"",Essentials}","$75.00","$72.00",16,94,9,10,10,10,10,3.58,422
"1658",4031625,"t","First Hill",47.6067010000524,-122.328702692705,"Apartment","Entire home/apt",3,1,1,1,"Real Bed","{TV,Internet,""Wireless Internet"",Kitchen,""Elevator in Building"",""Buzzer/Wireless Intercom"",Heating,""Family/Kid Friendly"",Washer,Dryer,""Smoke Detector"",""Carbon Monoxide Detector"",""First Aid Kit"",""Safety Card"",""Fire Extinguisher"",Essentials,Shampoo,""24-Hour Check-in"",Hangers,""Hair Dryer"",Iron,""Laptop Friendly Workspace""}","$129.00","$60.00",36,97,10,10,10,9,9,2.25,424
"1659",4494948,"t","First Hill",47.6106998576314,-122.324176553269,"Apartment","Entire home/apt",2,1,1,1,"Real Bed","{TV,Internet,""Wireless Internet"",Kitchen,""Elevator in Building"",Heating,""Family/Kid Friendly"",Washer,Dryer,""Smoke Detector"",""Carbon Monoxide Detector"",""First Aid Kit"",""Fire Extinguisher"",Essentials,Shampoo,""24-Hour Check-in"",Hangers,""Hair Dryer"",Iron,""Laptop Friendly Workspace""}","$135.00","",33,99,10,10,10,10,9,2.43,422
"1660",4616695,"t","First Hill",47.6094471477392,-122.325856648605,"Apartment","Entire home/apt",2,1,1,1,"Real Bed","{TV,Internet,""Wireless Internet"",Kitchen,""Elevator in Building"",""Buzzer/Wireless Intercom"",Heating,Washer,Dryer,""Smoke Detector"",""Carbon Monoxide Detector"",""First Aid Kit"",""Fire Extinguisher"",Essentials,Shampoo}","$150.00","$30.00",19,99,10,10,10,10,10,1.53,424
"1661",4106041,"t","First Hill",47.6076875036273,-122.328749988387,"Apartment","Entire home/apt",3,1,1,1,"Real Bed","{TV,Internet,""Wireless Internet"",Kitchen,""Elevator in Building"",Heating,Washer,Dryer,""Smoke Detector"",""Carbon Monoxide Detector"",""First Aid Kit"",""Safety Card"",""Fire Extinguisher"",Essentials,Shampoo}","$139.00","$60.00",20,94,10,10,10,9,9,1.3,424
"1662",2532879,"t","First Hill",47.6139677899228,-122.325826430886,"Apartment","Entire home/apt",2,1,0,2,"Real Bed","{Internet,""Wireless Internet"",Kitchen,""Elevator in Building"",""Buzzer/Wireless Intercom"",Heating,Washer,Dryer,""Smoke Detector"",Essentials,Shampoo}","$110.00","",54,97,9,10,10,10,9,2.48,423
"1663",4752817,"f","First Hill",47.6116831226093,-122.328737827912,"Apartment","Entire home/apt",6,1,2,3,"Real Bed","{TV,""Cable TV"",Internet,""Wireless Internet"",""Air Conditioning"",Kitchen,""Elevator in Building"",""Buzzer/Wireless Intercom"",Heating,""Family/Kid Friendly"",Washer,Dryer,""Smoke Detector"",""Carbon Monoxide Detector"",""First Aid Kit"",""Safety Card"",Essentials,Shampoo}","$179.00","$90.00",57,94,10,10,10,10,9,4.63,423
"1664",6808970,"f","First Hill",47.6104185765552,-122.325452398408,"Apartment","Entire home/apt",3,1,0,2,"Real Bed","{TV,Internet,""Wireless Internet"",""Wheelchair Accessible"",Kitchen,""Elevator in Building"",Heating,""Smoke Detector"",""Carbon Monoxide Detector"",""First Aid Kit"",""Safety Card"",Essentials,Shampoo}","$120.00","$30.00",1,100,10,8,10,10,10,0.25,423
"1665",1157083,"f","First Hill",47.6116962224259,-122.329294143675,"Apartment","Entire home/apt",6,2,2,3,"Real Bed","{TV,""Cable TV"",Internet,""Wireless Internet"",""Air Conditioning"",Kitchen,""Elevator in Building"",""Indoor Fireplace"",""Buzzer/Wireless Intercom"",Heating,""Family/Kid Friendly"",""Smoke Detector"",""Carbon Monoxide Detector"",""First Aid Kit"",""Safety Card"",""Fire Extinguisher"",Essentials,Shampoo}","$245.00","$75.00",18,98,9,10,10,10,10,0.58,423
"1666",6226666,"f","First Hill",47.6107177190508,-122.325583922795,"Apartment","Entire home/apt",3,1,1,1,"Real Bed","{TV,""Cable TV"",Internet,""Wireless Internet"",Kitchen,""Elevator in Building"",Heating,""Family/Kid Friendly"",Washer,Dryer,""Smoke Detector"",""Carbon Monoxide Detector"",Essentials}","$150.00","$82.00",2,90,9,9,9,8,9,0.31,423
"1667",9151374,"f","First Hill",47.6097714068516,-122.324133374883,"Apartment","Entire home/apt",2,1,1,1,"Real Bed","{TV,Internet,""Wireless Internet"",""Wheelchair Accessible"",Kitchen,Gym,""Elevator in Building"",Heating,""Family/Kid Friendly"",Washer,Dryer,""Smoke Detector"",""Carbon Monoxide Detector"",""Fire Extinguisher"",Essentials}","$105.00","",3,40,6,8,2,8,4,1.58,423
"1668",6807884,"t","First Hill",47.6135938043505,-122.327840094589,"Apartment","Entire home/apt",3,1,1,1,"Real Bed","{TV,Internet,""Wireless Internet"",Kitchen,""Elevator in Building"",""Buzzer/Wireless Intercom"",Heating,Washer,Dryer,""Smoke Detector"",""Carbon Monoxide Detector"",""First Aid Kit"",""Safety Card"",""Fire Extinguisher"",Essentials,Shampoo}","$209.00","$60.00",16,96,10,10,10,10,9,2.39,423
"1669",1761870,"f","First Hill",47.6123292222687,-122.327265501594,"Apartment","Entire home/apt",2,1,1,1,"Real Bed","{TV,""Wireless Internet"",Kitchen,""Free Parking on Premises"",""Elevator in Building"",Washer,Dryer}","$125.00","$35.00",0,NA,NA,NA,NA,NA,NA,NA,422
"1670",6949900,"f","Yesler Terrace",47.6071263040048,-122.320031981955,"Apartment","Entire home/apt",4,1,0,2,"Real Bed","{TV,Internet,""Wireless Internet"",""Air Conditioning"",""Wheelchair Accessible"",Kitchen,""Smoking Allowed"",Gym,""Elevator in Building"",Heating,""Family/Kid Friendly"",""Suitable for Events"",Washer,Dryer,""Smoke Detector"",""Carbon Monoxide Detector"",Essentials,Shampoo}","$145.00","$25.00",11,96,9,10,10,9,9,1.85,421
"1671",5126446,"f","Yesler Terrace",47.6065618717361,-122.321297742914,"Apartment","Entire home/apt",2,1,0,1,"Real Bed","{""Wireless Internet"",Kitchen,Gym,""Elevator in Building"",Heating,""Family/Kid Friendly"",Washer,Dryer,""Smoke Detector"",""Carbon Monoxide Detector"",Essentials,Shampoo}","$115.00","$75.00",2,100,10,10,10,10,9,0.18,419
"1672",8341720,"f","Yesler Terrace",47.6044053189551,-122.318010296628,"Apartment","Private room",2,1,1,1,"Real Bed","{TV,""Cable TV"",Internet,""Wireless Internet"",Kitchen,""Elevator in Building"",""Buzzer/Wireless Intercom"",Heating,""Family/Kid Friendly"",Washer,Dryer,""Smoke Detector"",""Carbon Monoxide Detector"",""First Aid Kit"",""Safety Card"",""Fire Extinguisher"",Essentials,Shampoo,""Lock on Bedroom Door"",""24-Hour Check-in"",Hangers,""Hair Dryer"",Iron,""Laptop Friendly Workspace""}","$89.00","$20.00",3,100,8,10,10,9,10,1.11,420
"1673",8355276,"f","Yesler Terrace",47.6048786282568,-122.322308151905,"Apartment","Entire home/apt",3,1,0,1,"Real Bed","{TV,Internet,""Wireless Internet"",Kitchen,""Free Parking on Premises"",""Pets Allowed"",""Pets live on this property"",Dog(s),Heating,""Smoke Detector"",""First Aid Kit"",""Safety Card"",""Fire Extinguisher"",Essentials}","$65.00","$40.00",14,87,8,10,10,9,8,4.62,418
"1674",7920539,"f","Yesler Terrace",47.6032755913022,-122.320389928356,"Apartment","Entire home/apt",6,1,3,3,"Real Bed","{""Wireless Internet"",Kitchen,""Free Parking on Premises"",Heating,""Family/Kid Friendly"",Washer,Dryer,""Smoke Detector"",""Carbon Monoxide Detector"",""First Aid Kit"",""Fire Extinguisher"",Shampoo}","$165.00","$75.00",5,100,10,10,10,10,10,1.26,419
"1675",7598743,"f","Yesler Terrace",47.6052882679328,-122.320878188961,"Condominium","Entire home/apt",4,1,1,1,"Real Bed","{TV,Internet,""Wireless Internet"",Kitchen,""Free Parking on Premises"",Gym,""Elevator in Building"",Heating,Washer,Dryer,""Smoke Detector"",""Carbon Monoxide Detector"",Essentials,Shampoo}","$180.00","$45.00",16,98,10,10,10,10,10,3.31,418
"1676",7916754,"f","Yesler Terrace",47.6048131665093,-122.318803718177,"Apartment","Entire home/apt",2,1,1,1,"Real Bed","{TV,Internet,""Wireless Internet"",Kitchen,""Elevator in Building"",""Indoor Fireplace"",""Buzzer/Wireless Intercom"",Heating,Washer,Dryer,""Smoke Detector"",""Carbon Monoxide Detector"",Essentials,Shampoo}","$140.00","",1,100,10,10,10,10,10,0.33,419
"1677",7956227,"f","Yesler Terrace",47.6059321651716,-122.320001314297,"Apartment","Entire home/apt",2,1,0,1,"Futon","{Internet,""Wireless Internet"",Kitchen,""Pets Allowed"",Heating,""Family/Kid Friendly"",""Suitable for Events"",Washer,Dryer,""Smoke Detector"",""Carbon Monoxide Detector"",Shampoo,""24-Hour Check-in"",Hangers,Iron,""Laptop Friendly Workspace""}","$100.00","",7,97,9,10,10,9,10,1.59,419
"1678",4706111,"f","Yesler Terrace",47.6053285315192,-122.319426292112,"House","Entire home/apt",4,1.5,2,2,"Real Bed","{TV,Internet,""Wireless Internet"",Kitchen,""Free Parking on Premises"",""Pets Allowed"",""Indoor Fireplace"",Heating,""Family/Kid Friendly"",Washer,Dryer,""Smoke Detector"",""Carbon Monoxide Detector"",""First Aid Kit"",""Fire Extinguisher"",Essentials,Shampoo}","$179.00","$99.00",2,100,10,10,10,9,10,0.16,418
"1679",8016309,"f","Yesler Terrace",47.6069887816311,-122.319700896196,"Apartment","Shared room",2,1,1,1,"Real Bed","{Internet,""Wireless Internet"",""Wheelchair Accessible"",Kitchen,Gym,""Elevator in Building"",""Buzzer/Wireless Intercom"",Heating,Washer,Dryer,""Smoke Detector"",Essentials}","$65.00","",16,93,9,10,10,10,10,3.78,420
"1680",5793477,"f","Yesler Terrace",47.6039304767284,-122.323019147268,"Apartment","Private room",1,1,1,1,"Real Bed","{Internet,""Wireless Internet"",Kitchen,""Elevator in Building"",""Buzzer/Wireless Intercom"",Heating,Washer,Dryer,""Smoke Detector"",Essentials,Shampoo}","$75.00","",19,89,9,9,9,9,9,2.13,419
"1681",2926776,"f","Yesler Terrace",47.604051040476,-122.322642579751,"Apartment","Entire home/apt",4,1,1,2,"Real Bed","{}","$150.00","$25.00",7,94,9,10,10,9,9,0.5,419
"1682",8443258,"f","Yesler Terrace",47.6038697788113,-122.318980784922,"Apartment","Entire home/apt",5,2,2,2,"Real Bed","{TV,""Cable TV"",Internet,""Wireless Internet"",Kitchen,""Elevator in Building"",""Buzzer/Wireless Intercom"",Heating,""Family/Kid Friendly"",Washer,Dryer,""Smoke Detector"",""Carbon Monoxide Detector"",""First Aid Kit"",""Safety Card"",""Fire Extinguisher"",Essentials,Shampoo,""24-Hour Check-in"",Hangers,""Hair Dryer"",Iron,""Laptop Friendly Workspace""}","$169.00","$20.00",4,95,10,10,10,10,10,1.56,420
"1683",7577073,"f","Yesler Terrace",47.6057103293775,-122.318085893622,"Apartment","Entire home/apt",2,1,1,1,"Real Bed","{TV,""Cable TV"",Internet,""Wireless Internet"",Kitchen,""Free Parking on Premises"",Gym,""Elevator in Building"",Heating,Washer,Dryer,""Smoke Detector"",Essentials}","$112.00","$75.00",0,NA,NA,NA,NA,NA,NA,NA,419
"1684",6838418,"f","Yesler Terrace",47.6047979028967,-122.317382076762,"Apartment","Private room",2,1,1,1,"Real Bed","{TV,""Cable TV"",Internet,""Wireless Internet"",Kitchen,Gym,Breakfast,""Elevator in Building"",""Buzzer/Wireless Intercom"",Heating,Washer,Dryer,""Smoke Detector"",""Carbon Monoxide Detector"",""Safety Card"",""Fire Extinguisher"",Essentials,Shampoo}","$68.00","",40,93,9,9,9,9,9,7.79,420
"1685",6852243,"f","Yesler Terrace",47.6023364487856,-122.318667920612,"Apartment","Private room",2,1,1,1,"Real Bed","{TV,""Cable TV"",Internet,""Wireless Internet"",Kitchen,""Elevator in Building"",""Buzzer/Wireless Intercom"",Heating,""Family/Kid Friendly"",Washer,Dryer,""Smoke Detector"",""Carbon Monoxide Detector"",""First Aid Kit"",""Safety Card"",""Fire Extinguisher"",Essentials,Shampoo,""Lock on Bedroom Door"",""24-Hour Check-in"",Hangers,""Hair Dryer"",Iron,""Laptop Friendly Workspace""}","$89.00","$20.00",6,97,9,10,10,10,10,1.8,418
"1686",9317101,"f","Yesler Terrace",47.6055902301256,-122.321055259194,"Condominium","Private room",2,1,1,1,"Real Bed","{TV,Internet,""Wireless Internet"",""Wheelchair Accessible"",Kitchen,Gym,""Elevator in Building"",Heating,Washer,Dryer,Essentials,Shampoo,""Laptop Friendly Workspace""}","$70.00","",1,100,10,10,10,10,10,1,419
"1687",6555128,"f","Pioneer Square",47.6020255904607,-122.326882585232,"Apartment","Entire home/apt",4,1,1,2,"Real Bed","{TV,Internet,""Wireless Internet"",Kitchen,""Elevator in Building"",""Buzzer/Wireless Intercom"",Heating,Washer,Dryer,""Smoke Detector"",""Carbon Monoxide Detector"",Essentials,Shampoo}","$160.00","",32,91,10,9,10,9,9,4.38,417
"1688",6228959,"f","Pioneer Square",47.6020906933254,-122.325436908016,"Apartment","Entire home/apt",4,1,1,2,"Real Bed","{TV,Internet,""Wireless Internet"",Kitchen,""Elevator in Building"",""Buzzer/Wireless Intercom"",Heating,""Family/Kid Friendly"",Washer,Dryer,""Smoke Detector"",""Carbon Monoxide Detector"",Essentials,Shampoo}","$128.00","",22,78,8,9,9,9,8,2.89,418
"1689",8446689,"t","Pioneer Square",47.6006875555657,-122.334693897733,"Apartment","Entire home/apt",2,1,1,1,"Real Bed","{TV,Internet,""Wireless Internet"",Kitchen,""Pets Allowed"",""Elevator in Building"",""Buzzer/Wireless Intercom"",Heating,""Suitable for Events"",""Smoke Detector"",""Carbon Monoxide Detector"",""First Aid Kit"",""Fire Extinguisher"",Essentials,Shampoo,Hangers,""Hair Dryer"",Iron,""Laptop Friendly Workspace""}","$249.00","$70.00",4,95,9,10,10,9,10,1.21,414
"1690",8064351,"f","Pioneer Square",47.600573215824,-122.330865417445,"Apartment","Shared room",1,1,1,1,"Airbed","{TV,Internet,""Wireless Internet"",Kitchen,Gym,""Elevator in Building"",Heating,Washer,Dryer,""Smoke Detector"",""Carbon Monoxide Detector"",Essentials}","$50.00","",14,94,9,10,10,9,9,3.31,417
"1691",6662639,"f","Pioneer Square",47.6008952670204,-122.335589776691,"Apartment","Entire home/apt",2,1,1,1,"Real Bed","{TV,Kitchen,""Pets live on this property"",Dog(s),""Elevator in Building"",Washer,Dryer,""Smoke Detector"",""Carbon Monoxide Detector"",Essentials}","$175.00","$25.00",4,95,9,10,10,10,9,0.6,415
"1692",3273240,"t","Pioneer Square",47.6005668436914,-122.334305114411,"Apartment","Entire home/apt",2,1,0,1,"Real Bed","{TV,Internet,""Wireless Internet"",Kitchen,Heating,Washer,Dryer,""Smoke Detector"",""Carbon Monoxide Detector"",Essentials,Shampoo,""24-Hour Check-in"",Hangers,""Hair Dryer"",Iron,""Laptop Friendly Workspace""}","$250.00","$100.00",35,99,10,10,10,9,9,1.89,415
"1693",5957039,"f","Pioneer Square",47.6017771359451,-122.332765726715,"Apartment","Entire home/apt",2,1,0,1,"Real Bed","{Internet,""Wireless Internet"",Kitchen,""Elevator in Building"",Washer,Dryer,""Smoke Detector"",""Carbon Monoxide Detector"",Essentials}","$110.00","$35.00",14,94,10,10,10,10,10,1.62,417
"1694",3449059,"f","Pioneer Square",47.6000089196189,-122.33528130278,"Apartment","Entire home/apt",4,1,1,2,"Real Bed","{TV,""Cable TV"",Internet,""Wireless Internet"",Kitchen,Heating,Washer,Dryer,""Smoke Detector"",""Safety Card"",""Fire Extinguisher"",Essentials}","$144.00","",92,85,9,9,9,8,9,5.12,416
"1695",789229,"f","Pioneer Square",47.5958284970153,-122.332346110948,"Apartment","Entire home/apt",4,1,1,1,"Real Bed","{TV,""Cable TV"",Internet,""Wireless Internet"",Kitchen,""Elevator in Building"",Heating,""Suitable for Events"",Essentials}","$149.00","$150.00",45,94,9,10,10,9,9,1.34,413
"1696",4008373,"t","Pioneer Square",47.6022223340727,-122.334900502763,"Apartment","Entire home/apt",5,1,2,2,"Real Bed","{TV,Internet,""Wireless Internet"",""Air Conditioning"",""Wheelchair Accessible"",Kitchen,Gym,""Elevator in Building"",""Buzzer/Wireless Intercom"",Heating,""Family/Kid Friendly"",Washer,Dryer,""Smoke Detector"",""Carbon Monoxide Detector"",""First Aid Kit"",""Safety Card"",""Fire Extinguisher"",Essentials,Shampoo,""24-Hour Check-in"",Hangers,""Hair Dryer"",Iron,""Laptop Friendly Workspace""}","$350.00","$110.00",26,98,10,10,10,10,9,1.62,414
"1697",5913611,"f","Pioneer Square",47.6022023969175,-122.335062786212,"Apartment","Entire home/apt",2,1.5,0,1,"Real Bed","{TV,""Wireless Internet"",Kitchen,""Elevator in Building"",Heating,Washer,Dryer,""Smoke Detector"",""Carbon Monoxide Detector"",""Safety Card"",Essentials,Shampoo}","$95.00","$15.00",11,91,9,10,10,9,9,1.23,414
"1698",8310576,"f","Pioneer Square",47.5988934859812,-122.333492775591,"Condominium","Private room",2,1,1,1,"Real Bed","{TV,""Cable TV"",Internet,""Wireless Internet"",Kitchen,""Buzzer/Wireless Intercom"",Heating,Washer,Dryer,""Smoke Detector"",""Carbon Monoxide Detector"",""First Aid Kit"",""Fire Extinguisher"",Essentials,Shampoo,Hangers,Iron}","$120.00","",10,100,10,10,10,10,9,3.23,414
"1699",4811583,"f","Pioneer Square",47.6022565774714,-122.335051342801,"Apartment","Entire home/apt",4,1,1,2,"Real Bed","{TV,Internet,""Wireless Internet"",""Air Conditioning"",Kitchen,""Elevator in Building"",""Hot Tub"",Heating,Washer,Dryer,Essentials,Shampoo}","$199.00","$120.00",4,80,10,7,8,10,10,0.32,414
"1700",3333971,"f","Pioneer Square",47.6009283721081,-122.332262717498,"Apartment","Entire home/apt",2,1,1,1,"Real Bed","{TV,""Cable TV"",""Wireless Internet"",Kitchen,Heating,Washer,Dryer,""Smoke Detector"",""Safety Card"",""Fire Extinguisher"",Essentials,Shampoo}","$145.00","",99,87,9,9,9,9,9,5.28,417
"1701",4226386,"t","Pioneer Square",47.6016425659826,-122.333577232615,"Condominium","Shared room",1,1,1,1,"Pull-out Sofa","{Internet,""Wireless Internet"",""Air Conditioning"",Kitchen,""Pets live on this property"",Cat(s),""Elevator in Building"",Heating,""Family/Kid Friendly"",Washer,Dryer,""Smoke Detector"",""Carbon Monoxide Detector"",""Fire Extinguisher"",Essentials,Shampoo,""24-Hour Check-in"",""Hair Dryer"",Iron,""Laptop Friendly Workspace""}","$75.00","",2,100,10,10,10,10,10,2,417
"1702",3497530,"f","Pioneer Square",47.6027942040436,-122.3356437893,"Apartment","Entire home/apt",4,1,1,3,"Real Bed","{TV,""Cable TV"",Internet,""Wireless Internet"",""Air Conditioning"",Pool,Kitchen,Doorman,Gym,""Elevator in Building"",""Hot Tub"",Heating,Washer,Dryer,Essentials,Shampoo}","$350.00","$150.00",1,100,10,4,6,10,10,0.08,414
"1703",8338155,"f","Pioneer Square",47.6048046015502,-122.328060409843,"Apartment","Entire home/apt",2,1,0,1,"Real Bed","{""Wireless Internet"",Kitchen,Heating,Washer,Dryer,""Smoke Detector"",""Carbon Monoxide Detector"",Essentials,Shampoo,""24-Hour Check-in"",Hangers,""Laptop Friendly Workspace""}","$65.00","$35.00",1,NA,NA,NA,NA,NA,NA,0.77,420
"1704",1080097,"f","Pioneer Square",47.5938624232896,-122.334495255824,"Loft","Private room",5,1,1,3,"Pull-out Sofa","{TV,""Cable TV"",""Wireless Internet"",""Air Conditioning"",Kitchen,Heating,""Suitable for Events"",""Smoke Detector"",""Fire Extinguisher""}","$149.00","$75.00",100,93,10,10,10,9,9,3.03,413
"1705",4593740,"t","Pioneer Square",47.6022706034814,-122.336238596403,"Apartment","Entire home/apt",3,1,1,1,"Real Bed","{TV,""Cable TV"",Internet,""Wireless Internet"",""Air Conditioning"",""Wheelchair Accessible"",Kitchen,""Free Parking on Premises"",Doorman,Gym,""Elevator in Building"",""Buzzer/Wireless Intercom"",Heating,""Family/Kid Friendly"",Washer,Dryer,""Smoke Detector"",""Carbon Monoxide Detector"",""First Aid Kit"",""Safety Card"",""Fire Extinguisher"",Essentials,Shampoo,Hangers,""Hair Dryer"",Iron,""Laptop Friendly Workspace""}","$150.00","$60.00",80,98,10,10,10,10,10,6.37,412
"1706",6747473,"t","Pioneer Square",47.602729335491,-122.334546688467,"Apartment","Entire home/apt",3,1,1,2,"Real Bed","{TV,""Cable TV"",Internet,""Wireless Internet"",""Air Conditioning"",""Wheelchair Accessible"",Kitchen,""Free Parking on Premises"",Gym,""Elevator in Building"",Heating,""Family/Kid Friendly"",Washer,Dryer,""Smoke Detector"",""Carbon Monoxide Detector"",Essentials,Shampoo,Hangers,""Hair Dryer"",Iron,""Laptop Friendly Workspace""}","$150.00","$60.00",40,96,10,10,10,10,10,5.88,419
"1707",3821663,"f","Pioneer Square",47.6024653643664,-122.333783687267,"Apartment","Entire home/apt",2,1,1,1,"Real Bed","{TV,""Cable TV"",Internet,""Wireless Internet"",Kitchen,Heating,Washer,Dryer,""Smoke Detector"",""Carbon Monoxide Detector"",""Safety Card"",""Fire Extinguisher"",Essentials,Shampoo}","$160.00","",74,88,9,9,9,9,9,4.41,417
"1708",5021969,"f","Pioneer Square",47.6010278740693,-122.334601458508,"Apartment","Entire home/apt",3,1,1,2,"Real Bed","{TV,""Cable TV"",""Wireless Internet"",Kitchen,Heating,Washer,Dryer,""Smoke Detector"",""Safety Card"",""Fire Extinguisher"",Essentials}","$170.00","",42,87,9,9,9,8,8,4.3,415
"1709",4574039,"t","Pioneer Square",47.5989423302317,-122.336936326434,"Loft","Entire home/apt",3,1,1,2,"Real Bed","{TV,""Cable TV"",""Wireless Internet"",""Wheelchair Accessible"",Kitchen,""Pets Allowed"",""Elevator in Building"",""Buzzer/Wireless Intercom"",Heating,""Family/Kid Friendly"",""Suitable for Events"",""Smoke Detector"",""First Aid Kit"",Essentials,Shampoo,Hangers,""Hair Dryer"",Iron,""Laptop Friendly Workspace""}","$300.00","$70.00",44,95,9,10,10,9,9,3.38,415
"1710",4105164,"t","Gatewood",47.544301321548,-122.385983166281,"House","Private room",2,1,1,1,"Real Bed","{TV,Internet,""Wireless Internet"",""Air Conditioning"",Kitchen,""Free Parking on Premises"",Heating,Washer,Dryer,""Smoke Detector"",""Carbon Monoxide Detector"",""First Aid Kit"",""Fire Extinguisher"",Essentials,Shampoo}","$59.00","",53,98,10,10,10,10,10,3.36,41
"1711",2865992,"t","Gatewood",47.5397402439512,-122.38232059438,"House","Private room",2,1,1,1,"Real Bed","{""Cable TV"",Internet,""Wireless Internet"",""Free Parking on Premises"",Heating,""Smoke Detector"",""Carbon Monoxide Detector"",""Fire Extinguisher"",Essentials,Shampoo}","$88.00","",55,99,10,10,10,10,10,2.85,41
"1712",1205666,"t","Gatewood",47.5289552904142,-122.385943778728,"House","Private room",2,1.5,1,1,"Real Bed","{TV,Internet,""Wireless Internet"",Kitchen,""Free Parking on Premises"",""Pets Allowed"",""Indoor Fireplace"",Heating,""Family/Kid Friendly"",Washer,Dryer,""Smoke Detector"",""Carbon Monoxide Detector"",""First Aid Kit"",""Safety Card"",""Fire Extinguisher"",Essentials,Shampoo}","$75.00","",146,98,10,10,10,10,10,4.62,31
"1713",5651254,"f","Gatewood",47.5423325617997,-122.390628885363,"House","Private room",2,1,1,1,"Real Bed","{""Cable TV"",""Wireless Internet"",Kitchen,""Indoor Fireplace"",Washer,Dryer,Essentials}","$95.00","",3,100,10,10,10,10,10,0.34,38
"1714",1594412,"f","Gatewood",47.5374249870235,-122.377866226225,"House","Private room",2,1,1,1,"Real Bed","{TV,""Cable TV"",""Wireless Internet"",Kitchen,""Free Parking on Premises"",Heating,Washer,Dryer}","$125.00","",2,90,10,10,10,10,10,0.3,44
"1715",7717653,"f","Gatewood",47.5335755387737,-122.381202722726,"House","Entire home/apt",6,1,4,4,"Real Bed","{TV,Internet,""Wireless Internet"",Kitchen,""Free Parking on Premises"",Heating,""Family/Kid Friendly"",Washer,Dryer,""Smoke Detector"",""Carbon Monoxide Detector"",""First Aid Kit"",""Safety Card"",""Fire Extinguisher"",Essentials,Shampoo}","$245.00","$100.00",0,NA,NA,NA,NA,NA,NA,NA,35
"1716",4808896,"f","Gatewood",47.545932069381,-122.382621266669,"House","Entire home/apt",6,1.5,2,3,"Real Bed","{""Cable TV"",Internet,""Wireless Internet"",Kitchen,""Free Parking on Premises"",""Pets Allowed"",""Hot Tub"",Heating,""Family/Kid Friendly"",""Suitable for Events"",Washer,Dryer,""Smoke Detector"",""Carbon Monoxide Detector"",""First Aid Kit"",""Fire Extinguisher"",Shampoo}","$153.00","$200.00",8,95,10,10,10,10,10,0.65,43
"1717",7533537,"f","Gatewood",47.5292000902954,-122.385640039243,"Apartment","Entire home/apt",2,1,0,1,"Real Bed","{TV,""Cable TV"",Internet,""Wireless Internet"",Kitchen,""Free Parking on Premises"",""Pets live on this property"",Dog(s),""Indoor Fireplace"",Heating,""Family/Kid Friendly"",Dryer,""Smoke Detector"",""Carbon Monoxide Detector"",""First Aid Kit"",""Safety Card"",""Fire Extinguisher"",Essentials,Shampoo}","$85.00","$30.00",9,100,10,10,10,10,10,3.18,31
"1718",5978216,"f","Gatewood",47.5457068534631,-122.381804153124,"House","Private room",5,2,1,2,"Real Bed","{TV,""Wireless Internet"",Kitchen,""Free Parking on Premises"",""Smoking Allowed"",""Indoor Fireplace"",Heating,""Family/Kid Friendly"",Washer,Dryer,""Smoke Detector"",""Carbon Monoxide Detector"",""First Aid Kit"",""Safety Card"",""Fire Extinguisher"",Essentials,Shampoo,Hangers,""Hair Dryer"",Iron,""Laptop Friendly Workspace""}","$65.00","$5.00",33,95,9,10,10,9,9,3.84,43
"1719",6134382,"t","Gatewood",47.5435105303058,-122.384719408772,"House","Private room",2,1,1,1,"Real Bed","{TV,Internet,""Wireless Internet"",""Air Conditioning"",Kitchen,""Free Parking on Premises"",Heating,Washer,Dryer,""Smoke Detector"",""Carbon Monoxide Detector"",""First Aid Kit"",""Fire Extinguisher"",Essentials,Shampoo}","$59.00","",36,98,10,10,10,10,10,4.34,42
"1720",9813684,"f","Gatewood",47.5371649472752,-122.394132763451,"Townhouse","Private room",2,2,1,1,"Real Bed","{TV,Internet,""Wireless Internet"",Kitchen,""Free Parking on Premises"",Heating,Washer,Dryer,""Smoke Detector"",""Carbon Monoxide Detector"",""First Aid Kit"",""Fire Extinguisher"",Essentials,Shampoo,""Lock on Bedroom Door"",Hangers,Iron}","$45.00","",0,NA,NA,NA,NA,NA,NA,NA,34
"1721",9846066,"f","Gatewood",47.5446206010773,-122.381054342184,"House","Entire home/apt",4,2,2,2,"Real Bed","{TV,""Cable TV"",Internet,""Wireless Internet"",Kitchen,""Free Parking on Premises"",""Pets Allowed"",Heating,""Family/Kid Friendly"",""Smoke Detector"",""Carbon Monoxide Detector"",""Fire Extinguisher"",Essentials}","$150.00","$90.00",0,NA,NA,NA,NA,NA,NA,NA,44
"1722",10122924,"f","Gatewood",47.5402394063988,-122.38747402071,"Apartment","Entire home/apt",1,1,1,1,"Real Bed","{Internet,""Wireless Internet"",Kitchen,""Elevator in Building"",""Indoor Fireplace"",Heating,Washer,""Carbon Monoxide Detector"",""Fire Extinguisher"",""Hair Dryer"",Iron,""Laptop Friendly Workspace""}","$75.00","",0,NA,NA,NA,NA,NA,NA,NA,39
"1723",1259305,"f","Gatewood",47.5292829531157,-122.381590155818,"House","Entire home/apt",4,1,3,2,"Real Bed","{TV,""Wireless Internet"",Kitchen,""Free Parking on Premises"",""Indoor Fireplace"",Heating,""Family/Kid Friendly"",Washer,Dryer}","$250.00","$80.00",1,100,10,10,10,10,10,0.17,31
"1724",7452021,"f","Gatewood",47.5380869314922,-122.39311722812,"House","Entire home/apt",3,1,2,1,"Real Bed","{TV,""Cable TV"",Kitchen,""Free Parking on Premises"",""Indoor Fireplace"",Heating,""Family/Kid Friendly"",Washer,Dryer,""Smoke Detector"",""Carbon Monoxide Detector"",""First Aid Kit"",""Safety Card"",""Fire Extinguisher"",Essentials,Shampoo,""Hair Dryer"",Iron}","$125.00","$30.00",6,100,10,10,10,10,10,1.33,35
"1725",193836,"f","Gatewood",47.5357006475623,-122.386312408207,"House","Entire home/apt",5,1,0,1,"Real Bed","{TV,""Cable TV"",Internet,""Wireless Internet"",""Wheelchair Accessible"",Kitchen,""Free Parking on Premises"",""Pets live on this property"",Cat(s),Heating,""Family/Kid Friendly"",Washer,Dryer,Essentials,Shampoo}","$80.00","$50.00",92,93,9,10,10,9,9,1.72,35
"1726",7902229,"f","Gatewood",47.5428341650778,-122.377758614213,"House","Private room",2,1,1,1,"Real Bed","{TV,""Cable TV"",""Wireless Internet"",""Free Parking on Premises"",""Pets live on this property"",Dog(s),""Hot Tub"",Heating,Washer,Dryer,""Smoke Detector"",""Carbon Monoxide Detector"",""Fire Extinguisher"",Essentials,Shampoo}","$150.00","",0,NA,NA,NA,NA,NA,NA,NA,48
"1727",3994397,"t","Gatewood",47.5355640092361,-122.379975499356,"House","Private room",2,1.5,1,1,"Real Bed","{TV,""Cable TV"",Internet,""Wireless Internet"",Kitchen,""Free Parking on Premises"",""Pets live on this property"",Dog(s),Cat(s),Heating,""Family/Kid Friendly"",Washer,Dryer,""Smoke Detector"",""Carbon Monoxide Detector"",""First Aid Kit"",""Fire Extinguisher"",Shampoo}","$75.00","",12,98,10,10,10,10,10,1.68,38
"1728",6744143,"f","Gatewood",47.5392388755409,-122.395704431215,"House","Entire home/apt",2,1,1,1,"Real Bed","{TV,""Cable TV"",Internet,""Wireless Internet"",Kitchen,Heating,Washer,Dryer,""Smoke Detector"",""Carbon Monoxide Detector"",""First Aid Kit"",""Fire Extinguisher"",Essentials}","$195.00","$67.00",13,87,9,10,9,10,9,2.01,34
"1729",6554352,"f","Gatewood",47.5405753824439,-122.386540969296,"House","Private room",4,1,1,2,"Real Bed","{TV,""Cable TV"",Internet,""Wireless Internet"",Kitchen,""Pets live on this property"",Dog(s),Heating,""Family/Kid Friendly"",""Smoke Detector"",""Carbon Monoxide Detector"",""Fire Extinguisher"",Essentials,Shampoo,Hangers,""Hair Dryer"",Iron,""Laptop Friendly Workspace""}","$57.00","$20.00",15,97,10,10,10,10,10,2.13,39
"1730",9186256,"f","Gatewood",47.5439424467348,-122.386236564464,"House","Entire home/apt",5,1,3,3,"Real Bed","{TV,Internet,""Wireless Internet"",Kitchen,""Free Parking on Premises"",""Pets Allowed"",""Indoor Fireplace"",Heating,""Family/Kid Friendly"",Washer,Dryer,""Smoke Detector"",""Carbon Monoxide Detector"",""First Aid Kit"",""Fire Extinguisher"",Essentials,Shampoo}","$159.00","$95.00",1,80,8,10,10,8,10,0.68,40
"1731",9219567,"f","Gatewood",47.544058299825,-122.382541884509,"House","Entire home/apt",11,4,5,6,"Real Bed","{TV,""Cable TV"",Internet,""Wireless Internet"",Kitchen,""Free Parking on Premises"",""Indoor Fireplace"",Heating,""Family/Kid Friendly"",""Suitable for Events"",Washer,Dryer,""Smoke Detector"",""Carbon Monoxide Detector"",""First Aid Kit"",""Safety Card"",""Fire Extinguisher"",Essentials,Shampoo,Hangers,""Hair Dryer"",Iron,""Laptop Friendly Workspace""}","$325.00","$175.00",0,NA,NA,NA,NA,NA,NA,NA,43
"1732",6278680,"t","Arbor Heights",47.5128649202566,-122.379033449569,"House","Entire home/apt",2,1,0,1,"Real Bed","{TV,""Cable TV"",""Wireless Internet"",Kitchen,""Free Parking on Premises"",""Pets live on this property"",Dog(s),Heating,""Smoke Detector"",""Carbon Monoxide Detector"",""First Aid Kit"",""Fire Extinguisher"",Essentials}","$100.00","$69.00",11,98,10,10,10,9,10,1.61,14
"1733",5252543,"f","Arbor Heights",47.5124817847296,-122.387146723168,"House","Private room",2,1.5,1,1,"Real Bed","{Internet,""Wireless Internet"",Kitchen,""Free Parking on Premises"",""Pets live on this property"",Dog(s),Heating,""Family/Kid Friendly"",Washer,Dryer,""Smoke Detector"",""Carbon Monoxide Detector"",""First Aid Kit"",""Safety Card"",""Fire Extinguisher"",Essentials,Shampoo}","$54.00","$15.00",6,100,10,10,10,8,9,0.85,13
"1734",9296887,"f","Arbor Heights",47.5054694684394,-122.380636158009,"Treehouse","Private room",1,1,1,1,"Real Bed","{}","$55.00","",0,NA,NA,NA,NA,NA,NA,NA,12
"1735",8431178,"f","Arbor Heights",47.5162426258807,-122.384599597044,"House","Entire home/apt",6,2,3,4,"Real Bed","{TV,Kitchen,""Free Parking on Premises"",""Indoor Fireplace"",Heating,""Family/Kid Friendly"",Washer,Dryer,""Smoke Detector"",""Carbon Monoxide Detector"",""First Aid Kit"",""Fire Extinguisher"",Essentials,Shampoo}","$225.00","$75.00",0,NA,NA,NA,NA,NA,NA,NA,17
"1736",353347,"f","Arbor Heights",47.5050883436901,-122.378238815746,"House","Entire home/apt",8,1,2,3,"Real Bed","{TV,""Cable TV"",Internet,""Wireless Internet"",Kitchen,""Free Parking on Premises"",""Hot Tub"",""Indoor Fireplace"",Heating,""Family/Kid Friendly"",Dryer,""Smoke Detector"",""Carbon Monoxide Detector"",""First Aid Kit"",""Safety Card"",""Fire Extinguisher"",Essentials,Shampoo}","$200.00","$75.00",29,96,9,10,10,9,9,0.63,12
"1737",838764,"f","Alki",47.5770079374053,-122.411667002681,"House","Entire home/apt",8,2,2,4,"Real Bed","{TV,""Cable TV"",Internet,""Wireless Internet"",Kitchen,""Free Parking on Premises"",Heating,""Family/Kid Friendly"",Washer,Dryer,""Smoke Detector"",""Carbon Monoxide Detector"",""Fire Extinguisher"",Essentials,Shampoo}","$240.00","$60.00",17,96,10,10,10,10,10,0.5,30
"1738",7349029,"t","Alki",47.5718911519566,-122.407390569235,"Apartment","Entire home/apt",3,1,0,1,"Real Bed","{TV,Internet,""Wireless Internet"",Kitchen,""Free Parking on Premises"",""Pets Allowed"",""Hot Tub"",""Indoor Fireplace"",Heating,""Family/Kid Friendly"",""Smoke Detector"",""Carbon Monoxide Detector"",""First Aid Kit"",""Safety Card"",""Fire Extinguisher"",Essentials,Shampoo,""24-Hour Check-in"",Hangers,""Hair Dryer"",Iron,""Laptop Friendly Workspace""}","$100.00","$25.00",27,99,10,10,10,10,10,4.74,34
"1739",8194782,"f","Alki",47.5737082583164,-122.4150250206,"Apartment","Entire home/apt",2,1,1,1,"Real Bed","{TV,""Cable TV"",""Wireless Internet"",Kitchen,""Free Parking on Premises"",""Pets live on this property"",Dog(s),Heating,""Smoke Detector"",""Carbon Monoxide Detector"",""First Aid Kit"",""Safety Card"",""Fire Extinguisher"",Essentials,Shampoo}","$100.00","$50.00",7,100,10,10,10,10,10,1.84,29
"1740",8703208,"t","Alki",47.5782227487654,-122.412975094835,"House","Entire home/apt",2,1,1,1,"Real Bed","{TV,Internet,""Wireless Internet"",Kitchen,""Free Parking on Premises"",""Pets Allowed"",Heating,""Family/Kid Friendly"",""Smoke Detector"",Essentials}","$119.00","",4,100,10,10,10,10,10,1.4,27
"1741",10339145,"f","Alki",47.5741856301276,-122.415417019231,"Apartment","Entire home/apt",5,2,2,2,"Real Bed","{TV,""Cable TV"",Internet,""Wireless Internet"",Kitchen,""Free Parking on Premises"",""Buzzer/Wireless Intercom"",Heating,""Family/Kid Friendly"",Washer,Dryer,""Smoke Detector"",""Carbon Monoxide Detector"",""First Aid Kit"",""Fire Extinguisher"",Essentials,Shampoo,""24-Hour Check-in"",Hangers,""Hair Dryer"",Iron,""Laptop Friendly Workspace""}","$219.00","",0,NA,NA,NA,NA,NA,NA,NA,29
"1742",3251016,"f","Alki",47.5745045162038,-122.412979836768,"House","Entire home/apt",6,1,2,3,"Real Bed","{TV,""Cable TV"",Internet,""Wireless Internet"",Kitchen,Heating,""Family/Kid Friendly"",Washer,Dryer,""Smoke Detector"",""Carbon Monoxide Detector"",""First Aid Kit"",""Fire Extinguisher"",Essentials,Shampoo}","$249.00","$125.00",8,94,10,10,10,9,9,0.44,30
"1743",7513623,"f","Alki",47.5739994461152,-122.411470012917,"House","Entire home/apt",8,1.5,3,5,"Real Bed","{TV,""Cable TV"",""Wireless Internet"",Kitchen,Heating,""Family/Kid Friendly"",Washer,Dryer,""Smoke Detector"",""Carbon Monoxide Detector"",""First Aid Kit"",""Fire Extinguisher"",Essentials,Shampoo}","$265.00","$264.00",0,NA,NA,NA,NA,NA,NA,NA,31
"1744",9521903,"f","Alki",47.5776814548754,-122.411369436942,"Apartment","Entire home/apt",2,1,1,1,"Real Bed","{TV,Internet,""Wireless Internet"",Kitchen,""Free Parking on Premises"",Heating,Washer,Dryer}","$124.00","",0,NA,NA,NA,NA,NA,NA,NA,29
"1745",4379551,"f","Alki",47.576517464414,-122.411085865411,"House","Entire home/apt",4,1,2,2,"Real Bed","{TV,""Cable TV"",Internet,""Wireless Internet"",Kitchen,""Free Parking on Premises"",Heating,""Family/Kid Friendly"",Washer,Dryer,""Smoke Detector"",""Carbon Monoxide Detector"",""First Aid Kit"",""Safety Card"",""Fire Extinguisher""}","$100.00","$100.00",0,NA,NA,NA,NA,NA,NA,NA,30
"1746",803902,"f","Alki",47.5763776490437,-122.408524209006,"House","Entire home/apt",6,1.5,3,2,"Real Bed","{TV,""Cable TV"",Internet,""Wireless Internet"",Kitchen,""Indoor Fireplace"",Heating,""Family/Kid Friendly"",Washer,Dryer}","$250.00","$175.00",7,97,10,9,10,10,10,0.23,31
"1747",5686178,"f","Alki",47.5807389159116,-122.406729086031,"Apartment","Private room",2,1,1,1,"Real Bed","{TV,""Cable TV"",Internet,""Wireless Internet"",Kitchen,""Indoor Fireplace"",Heating,""Family/Kid Friendly"",Washer,Dryer,""Smoke Detector"",""First Aid Kit"",Essentials,Shampoo}","$40.00","$30.00",2,100,9,9,9,10,9,0.22,28
"1748",8617043,"f","Alki",47.5786521478433,-122.405188235654,"House","Private room",2,1,1,1,"Real Bed","{Internet,""Wireless Internet"",Kitchen,""Free Parking on Premises"",""Pets Allowed"",""Pets live on this property"",Dog(s),""Indoor Fireplace"",Heating,""Family/Kid Friendly"",Washer,Dryer,""Smoke Detector"",""Carbon Monoxide Detector"",""First Aid Kit"",""Safety Card"",""Fire Extinguisher"",Essentials,Shampoo,""24-Hour Check-in"",Hangers,""Hair Dryer"",""Laptop Friendly Workspace""}","$100.00","$15.00",3,93,10,10,10,10,9,0.98,30
"1749",9545664,"f","Alki",47.5678493877862,-122.409741891016,"Apartment","Entire home/apt",2,1,1,1,"Real Bed","{Internet,""Wireless Internet"",Kitchen,""Free Parking on Premises"",Heating,""Family/Kid Friendly""}","$99.00","$50.00",0,NA,NA,NA,NA,NA,NA,NA,34
"1750",7096547,"f","Alki",47.5776191601553,-122.413667355239,"House","Entire home/apt",4,2,1,3,"Real Bed","{TV,""Cable TV"",Internet,""Wireless Internet"",Kitchen,""Free Parking on Premises"",""Indoor Fireplace"",Heating,""Family/Kid Friendly"",Washer,Dryer,""Smoke Detector"",""Carbon Monoxide Detector"",""Fire Extinguisher"",Essentials,Shampoo}","$135.00","$90.00",1,100,10,10,10,10,10,0.39,27
"1751",8784239,"f","Alki",47.5673922331892,-122.409683129549,"Apartment","Entire home/apt",4,1,1,1,"Real Bed","{TV,""Wheelchair Accessible"",Kitchen,""Pets Allowed"",Heating,Washer,Dryer,""Smoke Detector"",""Carbon Monoxide Detector"",""Fire Extinguisher"",Essentials,Shampoo}","$90.00","",0,NA,NA,NA,NA,NA,NA,NA,34
"1752",3168651,"f","Alki",47.5815450460836,-122.403708639213,"Apartment","Private room",2,1,1,1,"Real Bed","{TV,""Cable TV"",Internet,""Wireless Internet"",Kitchen,""Pets live on this property"",Cat(s),""Buzzer/Wireless Intercom"",Heating,Washer,Dryer,""Smoke Detector"",""Fire Extinguisher"",Essentials,Shampoo}","$90.00","$75.00",16,91,10,10,10,10,9,0.92,29
"1753",7776701,"f","Alki",47.5768534514448,-122.416361914054,"House","Entire home/apt",4,2,2,2,"Real Bed","{TV,""Cable TV"",Internet,""Wireless Internet"",Kitchen,""Indoor Fireplace"",Heating,""Family/Kid Friendly"",Washer,Dryer,""Smoke Detector"",""Carbon Monoxide Detector"",""First Aid Kit"",""Safety Card"",""Fire Extinguisher"",Essentials,Shampoo}","$269.00","$120.00",2,100,10,10,10,10,10,0.48,25
"1754",5862552,"f","Alki",47.570294358921,-122.402126657043,"House","Entire home/apt",8,1.5,3,5,"Real Bed","{TV,""Cable TV"",Internet,""Wireless Internet"",Kitchen,""Free Parking on Premises"",""Pets Allowed"",""Indoor Fireplace"",Heating,""Family/Kid Friendly"",""Suitable for Events"",Washer,Dryer,""Smoke Detector"",""Carbon Monoxide Detector"",""First Aid Kit"",""Fire Extinguisher"",Essentials,Shampoo}","$325.00","$125.00",19,94,10,10,10,10,9,2.47,36
"1755",9696532,"f","Alki",47.5784186790909,-122.407121436584,"House","Entire home/apt",7,1.5,3,2,"Real Bed","{}","$350.00","$30.00",0,NA,NA,NA,NA,NA,NA,NA,30
"1756",6412566,"f","Alki",47.5693493420583,-122.403345267058,"Apartment","Entire home/apt",3,1,1,2,"Real Bed","{TV,""Cable TV"",Internet,""Wireless Internet"",Kitchen,""Pets Allowed"",""Indoor Fireplace"",Heating,""Family/Kid Friendly"",""Suitable for Events"",Washer,Dryer,""Smoke Detector"",""Carbon Monoxide Detector"",""First Aid Kit"",""Fire Extinguisher"",Essentials,Shampoo}","$95.00","$65.00",17,89,9,9,10,10,9,2.67,36
"1757",6578147,"f","Alki",47.5756885488326,-122.415454574648,"Camper/RV","Private room",3,1,1,2,"Real Bed","{""Cable TV"",Internet,""Wireless Internet"",""Air Conditioning"",Kitchen,""Free Parking on Premises"",""Smoking Allowed"",Heating,""Family/Kid Friendly"",Washer,Dryer,""First Aid Kit"",""Fire Extinguisher""}","$120.00","",2,90,9,10,10,9,9,0.31,26
"1758",4022127,"f","Alki",47.5816043057785,-122.404366200468,"Townhouse","Entire home/apt",4,1,2,2,"Real Bed","{TV,Internet,""Wireless Internet"",Kitchen,Heating,""Family/Kid Friendly"",""Smoke Detector"",""Carbon Monoxide Detector"",""First Aid Kit"",""Fire Extinguisher"",Essentials}","$79.00","$75.00",61,90,9,10,10,10,9,4.92,29
"1759",3265292,"t","Alki",47.5761311634562,-122.412234691638,"House","Entire home/apt",4,1,1,2,"Real Bed","{TV,Internet,""Wireless Internet"",Kitchen,""Free Parking on Premises"",Heating,""Family/Kid Friendly"",""Smoke Detector"",""Carbon Monoxide Detector"",""First Aid Kit"",""Fire Extinguisher"",Essentials,Shampoo,Hangers,""Hair Dryer"",Iron,""Laptop Friendly Workspace""}","$130.00","$100.00",54,97,10,10,10,10,10,2.86,30
"1760",3505739,"t","Alki",47.5740029169479,-122.417218814256,"House","Entire home/apt",2,1,1,1,"Real Bed","{TV,""Cable TV"",Internet,""Wireless Internet"",Kitchen,""Free Parking on Premises"",""Pets Allowed"",Heating,Washer,Dryer,""Smoke Detector"",""Carbon Monoxide Detector"",Essentials,Shampoo,""24-Hour Check-in"",Hangers,""Hair Dryer"",Iron,""Laptop Friendly Workspace""}","$129.00","$85.00",57,94,9,10,10,10,9,3.2,26
"1761",9174507,"f","Alki",47.5749400177391,-122.404550803148,"House","Private room",2,1,1,1,"Real Bed","{Internet,""Wireless Internet"",""Air Conditioning"",Kitchen,Breakfast,""Hot Tub"",Heating,""Family/Kid Friendly"",Washer,Dryer,Essentials,Shampoo,""24-Hour Check-in""}","$399.00","",0,NA,NA,NA,NA,NA,NA,NA,32
"1762",9796540,"f","Alki",47.5734218001826,-122.410963300737,"House","Entire home/apt",6,1.5,3,3,"Real Bed","{TV,""Cable TV"",Internet,""Wireless Internet"",Kitchen,""Free Parking on Premises"",""Indoor Fireplace"",Heating,Washer,Dryer,""Smoke Detector"",""Carbon Monoxide Detector"",""Safety Card"",""Fire Extinguisher"",Essentials,""24-Hour Check-in"",Hangers,""Hair Dryer"",Iron,""Laptop Friendly Workspace""}","$350.00","$240.00",0,NA,NA,NA,NA,NA,NA,NA,31
"1763",3005854,"f","Alki",47.5770407513294,-122.410486719485,"Apartment","Private room",1,1,1,1,"Futon","{Internet,""Wireless Internet"",Kitchen,Heating,""Smoke Detector"",Shampoo}","$42.00","$5.00",5,96,10,10,10,10,10,0.26,30
"1764",3898692,"f","Alki",47.5688983035605,-122.399159271551,"Apartment","Entire home/apt",3,1,1,2,"Real Bed","{TV,""Cable TV"",Internet,""Wireless Internet"",""Wheelchair Accessible"",Kitchen,""Free Parking on Premises"",Heating,""Family/Kid Friendly"",Washer,Dryer,""Smoke Detector"",""Carbon Monoxide Detector"",""Fire Extinguisher"",Essentials}","$95.00","$72.00",34,95,10,10,9,10,10,2.04,36
"1765",7502246,"t","Alki",47.5784541485546,-122.407142694684,"House","Entire home/apt",4,1,2,2,"Real Bed","{TV,Internet,""Wireless Internet"",Kitchen,""Free Parking on Premises"",""Pets Allowed"",Heating,""Family/Kid Friendly"",Washer,Dryer,""Smoke Detector"",""Carbon Monoxide Detector"",Essentials,Shampoo,""24-Hour Check-in"",Hangers,""Hair Dryer"",Iron,""Laptop Friendly Workspace""}","$109.00","$85.00",21,92,10,10,9,10,9,4.04,30
"1766",6002165,"f","Alki",47.5659841883333,-122.399707362286,"House","Entire home/apt",8,2,3,4,"Real Bed","{TV,Internet,""Wireless Internet"",Kitchen,""Free Parking on Premises"",Heating,""Family/Kid Friendly"",Washer,Dryer,""Smoke Detector"",""Fire Extinguisher"",Essentials}","$225.00","$100.00",2,100,10,10,10,9,9,0.3,38
"1767",4887845,"f","Alki",47.577037804013,-122.413801640483,"House","Entire home/apt",8,2,3,5,"Real Bed","{""Cable TV"",Internet,""Wireless Internet"",Kitchen,""Hot Tub"",""Indoor Fireplace"",Heating,""Family/Kid Friendly"",Washer,Dryer,""Smoke Detector"",""Carbon Monoxide Detector"",""Fire Extinguisher"",Essentials,Shampoo}","$235.00","$149.00",1,NA,NA,NA,NA,NA,NA,0.81,27
"1768",8132007,"f","Alki",47.5807667524614,-122.403710357125,"House","Entire home/apt",4,1.5,2,2,"Real Bed","{""Cable TV"",Internet,""Wireless Internet"",Kitchen,""Free Parking on Premises"",Heating,""Family/Kid Friendly"",""Smoke Detector"",""Carbon Monoxide Detector"",""First Aid Kit"",""Fire Extinguisher"",Essentials,Shampoo,Hangers,""Hair Dryer"",Iron,""Laptop Friendly Workspace""}","$85.00","$125.00",10,100,10,10,10,10,10,2.61,29
"1769",10183490,"f","Alki",47.5887603342378,-122.394924542418,"House","Entire home/apt",4,1,2,2,"Real Bed","{""Wireless Internet"",Kitchen,""Free Parking on Premises"",Breakfast,Heating,Washer,Dryer,""Smoke Detector"",""First Aid Kit"",""Fire Extinguisher"",Essentials,Shampoo}","$150.00","$20.00",0,NA,NA,NA,NA,NA,NA,NA,26
"1770",8170683,"f","Alki",47.5746645940586,-122.409822143173,"Townhouse","Entire home/apt",4,1,2,3,"Real Bed","{TV,""Cable TV"",Internet,""Wireless Internet"",Kitchen,""Indoor Fireplace"",Heating,""Family/Kid Friendly"",Washer,Dryer,""Smoke Detector"",""Carbon Monoxide Detector"",""First Aid Kit"",""Safety Card"",""Fire Extinguisher"",Essentials,Shampoo}","$218.00","$100.00",0,NA,NA,NA,NA,NA,NA,NA,31
"1771",5229971,"f","Alki",47.5779331232345,-122.410144789109,"Apartment","Entire home/apt",4,1,2,2,"Real Bed","{Internet,""Wireless Internet"",""Wheelchair Accessible"",""Pets Allowed"",""Elevator in Building"",Heating,""Family/Kid Friendly"",Washer,Dryer,""Smoke Detector"",""Carbon Monoxide Detector"",""First Aid Kit"",Essentials}","$120.00","$15.00",6,93,10,10,10,10,9,0.55,29
"1772",4597013,"f","Alki",47.5612960269122,-122.400261836309,"Loft","Private room",2,2.5,1,1,"Real Bed","{Internet,""Wireless Internet"",Kitchen,""Free Parking on Premises"",""Hot Tub"",""Indoor Fireplace"",Heating,Washer,Dryer,""Smoke Detector"",""Carbon Monoxide Detector"",""First Aid Kit"",""Fire Extinguisher"",Essentials,Shampoo}","$225.00","$100.00",0,NA,NA,NA,NA,NA,NA,NA,40
"1773",3818746,"f","Alki",47.5846465920685,-122.398800123934,"House","Entire home/apt",6,2,3,3,"Real Bed","{TV,""Cable TV"",Internet,""Wireless Internet"",Kitchen,""Free Parking on Premises"",""Indoor Fireplace"",Heating,""Family/Kid Friendly"",Washer,Dryer,""Smoke Detector"",""Carbon Monoxide Detector"",""Fire Extinguisher"",Essentials,Shampoo}","$350.00","$100.00",10,100,10,10,10,10,10,0.85,28
"1774",6644854,"f","Alki",47.5649967795706,-122.406429566044,"Townhouse","Entire home/apt",8,2,3,4,"Real Bed","{TV,""Cable TV"",Internet,""Wireless Internet"",Kitchen,""Free Parking on Premises"",""Pets live on this property"",Dog(s),""Buzzer/Wireless Intercom"",Heating,""Family/Kid Friendly"",Washer,Dryer,""Smoke Detector"",""Fire Extinguisher"",Essentials}","$250.00","$75.00",31,88,9,10,9,10,9,4.6,35
"1775",117165,"f","Alki",47.568419225915,-122.406616507523,"House","Private room",2,1,1,1,"Real Bed","{TV,""Cable TV"",Internet,""Wireless Internet"",Kitchen,""Free Parking on Premises"",""Pets live on this property"",Cat(s),""Indoor Fireplace"",Heating,""Suitable for Events"",Washer,Dryer}","$100.00","$40.00",102,98,10,10,10,10,10,1.91,34
"1776",5015262,"f","Alki",47.5744687350165,-122.403168101563,"House","Private room",2,1,1,1,"Real Bed","{""Wireless Internet"",""Air Conditioning"",Kitchen,""Hot Tub"",Heating,""Family/Kid Friendly"",Washer,Dryer,""Smoke Detector"",""Carbon Monoxide Detector"",Essentials,Shampoo,""Lock on Bedroom Door"",""24-Hour Check-in""}","$79.00","",0,NA,NA,NA,NA,NA,NA,NA,32
"1777",3868844,"f","Alki",47.5689531181249,-122.407597570298,"House","Entire home/apt",5,2,3,3,"Real Bed","{TV,""Cable TV"",Internet,""Wireless Internet"",Kitchen,""Free Parking on Premises"",""Pets live on this property"",Cat(s),""Indoor Fireplace"",Heating,""Suitable for Events"",Washer,Dryer,""Smoke Detector"",""Carbon Monoxide Detector"",""First Aid Kit"",""Safety Card"",""Fire Extinguisher"",Essentials,Shampoo}","$300.00","$150.00",10,100,9,10,10,10,9,0.82,34
"1778",7455068,"f","Alki",47.5812612589056,-122.40581823397,"Apartment","Entire home/apt",2,1,1,1,"Real Bed","{TV,Kitchen,Heating,""Smoke Detector"",""Carbon Monoxide Detector"",""First Aid Kit"",""Fire Extinguisher"",Essentials}","$59.00","$65.00",15,99,10,10,10,10,10,3,28
"1779",8102349,"f","North Admiral",47.5793962117384,-122.392759704725,"House","Private room",2,1,1,1,"Real Bed","{TV,""Wireless Internet"",""Free Parking on Premises"",""Pets live on this property"",Cat(s),""Indoor Fireplace"",Heating,Washer,Dryer,""Smoke Detector"",""Carbon Monoxide Detector"",""First Aid Kit"",""Fire Extinguisher"",Essentials}","$69.00","$25.00",4,95,10,10,10,10,10,1.14,33
"1780",6694276,"f","North Admiral",47.586697478104,-122.387436581415,"House","Entire home/apt",4,1,2,3,"Real Bed","{TV,Internet,""Wireless Internet"",Kitchen,""Free Parking on Premises"",""Pets Allowed"",Heating,""Family/Kid Friendly"",""Smoke Detector"",""Carbon Monoxide Detector"",""First Aid Kit"",""Safety Card"",""Fire Extinguisher"",Essentials,""24-Hour Check-in"",Hangers,""Hair Dryer"",Iron,""Laptop Friendly Workspace""}","$180.00","$40.00",0,NA,NA,NA,NA,NA,NA,NA,32
"1781",8373832,"f","North Admiral",47.5826377767238,-122.399352803763,"House","Entire home/apt",7,2.5,3,3,"Real Bed","{TV,""Cable TV"",Internet,""Wireless Internet"",Kitchen,""Free Parking on Premises"",Heating,Washer,Dryer,""Smoke Detector"",""Carbon Monoxide Detector"",""First Aid Kit"",""Fire Extinguisher"",Essentials,Shampoo}","$450.00","$250.00",0,NA,NA,NA,NA,NA,NA,NA,29
"1782",426089,"f","North Admiral",47.5856344089693,-122.379332954011,"House","Entire home/apt",8,2.5,3,4,"Real Bed","{TV,""Cable TV"",""Wireless Internet"",Kitchen,""Free Parking on Premises"",""Indoor Fireplace"",Heating,""Family/Kid Friendly"",Washer,Dryer}","$219.00","$164.00",29,92,9,10,10,10,9,0.66,130
"1783",7561333,"t","North Admiral",47.5812783964905,-122.385084964739,"Apartment","Private room",2,1,1,1,"Real Bed","{TV,""Cable TV"",Internet,""Wireless Internet"",Kitchen,""Pets live on this property"",Dog(s),""Elevator in Building"",""Indoor Fireplace"",""Buzzer/Wireless Intercom"",Heating,Washer,Dryer,""Smoke Detector"",""Carbon Monoxide Detector"",""Fire Extinguisher"",Essentials}","$70.00","",28,99,10,10,10,10,10,5.32,41
"1784",2638086,"t","North Admiral",47.584239040632,-122.386891562567,"House","Entire home/apt",4,1,1,2,"Real Bed","{TV,""Cable TV"",Internet,""Wireless Internet"",Kitchen,Heating,""Family/Kid Friendly"",Washer,Dryer,Essentials,Shampoo}","$140.00","$80.00",15,97,10,10,10,10,10,0.74,36
"1785",10121329,"f","North Admiral",47.5816842723279,-122.37444525214,"House","Entire home/apt",4,2,1,1,"Real Bed","{TV,""Wireless Internet"",""Air Conditioning"",Kitchen,Heating,Washer,Dryer,""Smoke Detector"",""Carbon Monoxide Detector"",Essentials,Shampoo}","$200.00","",0,NA,NA,NA,NA,NA,NA,NA,145
"1786",5324459,"t","North Admiral",47.5778340523001,-122.389285466844,"House","Private room",2,1,1,1,"Real Bed","{""Cable TV"",Internet,""Wireless Internet"",""Free Parking on Premises"",Washer,Dryer,""Smoke Detector"",""Fire Extinguisher""}","$54.00","",31,95,10,10,10,10,10,2.87,34
"1787",233502,"f","North Admiral",47.5732655582969,-122.37436117068,"House","Private room",4,1,1,2,"Real Bed","{TV,""Wireless Internet"",""Free Parking on Premises"",Heating}","$60.00","$75.00",1,90,8,10,10,10,10,0.02,61
"1788",7651148,"t","North Admiral",47.5728917139894,-122.385854745608,"Bed & Breakfast","Private room",2,1.5,1,2,"Real Bed","{Internet,""Wireless Internet"",Kitchen,Breakfast,""Indoor Fireplace"",Heating,""Family/Kid Friendly"",Washer,Dryer,""Smoke Detector"",""Carbon Monoxide Detector"",""First Aid Kit"",""Safety Card"",""Fire Extinguisher"",Essentials,Shampoo}","$66.00","$10.00",9,100,10,10,10,10,10,1.81,44
"1789",86185,"f","North Admiral",47.5823915479949,-122.39447761316,"House","Private room",2,1,1,1,"Real Bed","{TV,""Wireless Internet"",""Free Parking on Premises"",Breakfast,""Indoor Fireplace"",Heating,Washer,Dryer,Essentials}","$79.00","",36,93,9,10,10,10,10,0.63,30
"1790",2522091,"t","North Admiral",47.5867562713685,-122.391982410734,"Apartment","Entire home/apt",2,1,1,1,"Real Bed","{TV,""Cable TV"",""Wireless Internet"",Kitchen,Heating,""Smoke Detector"",""Carbon Monoxide Detector"",Shampoo}","$195.00","$50.00",33,99,10,10,10,10,10,1.52,28
"1791",7665392,"f","North Admiral",47.5797060278201,-122.379232211366,"House","Entire home/apt",2,1,1,1,"Real Bed","{""Cable TV"",""Wireless Internet"",Kitchen,""Free Parking on Premises"",""Indoor Fireplace"",Heating,Washer,Dryer,""Smoke Detector"",""Carbon Monoxide Detector"",""First Aid Kit"",""Fire Extinguisher"",Essentials,Shampoo}","$105.00","$25.00",12,98,10,10,10,10,10,2.35,55
"1792",1000883,"f","North Admiral",47.5804491793999,-122.396870567523,"House","Entire home/apt",2,1,0,1,"Real Bed","{TV,""Cable TV"",Internet,""Wireless Internet"",Kitchen,""Free Parking on Premises"",Heating,""Family/Kid Friendly"",Washer,Dryer,""Smoke Detector"",Essentials,Shampoo,""24-Hour Check-in"",Hangers,""Hair Dryer"",Iron,""Laptop Friendly Workspace""}","$100.00","$50.00",18,99,10,10,10,10,10,0.59,32
"1793",7563243,"t","North Admiral",47.5840366555721,-122.386670432293,"Yurt","Entire home/apt",3,1,0,2,"Real Bed","{Internet,""Wireless Internet"",Kitchen,Gym,""Pets live on this property"",Cat(s),""Indoor Fireplace"",Heating,""Smoke Detector"",""Carbon Monoxide Detector"",""First Aid Kit"",""Safety Card"",""Fire Extinguisher"",Essentials,Shampoo}","$100.00","$25.00",25,100,10,10,10,10,10,4.75,36
"1794",251922,"t","North Admiral",47.5814326781048,-122.394109027836,"House","Entire home/apt",4,1,2,2,"Real Bed","{TV,""Cable TV"",Internet,""Wireless Internet"",""Air Conditioning"",Kitchen,""Free Parking on Premises"",""Pets live on this property"",Dog(s),Heating,""Smoke Detector"",""First Aid Kit"",""Fire Extinguisher"",Essentials,Shampoo}","$93.00","$90.00",122,95,10,10,10,10,9,2.41,32
"1795",1225820,"t","North Admiral",47.5785560087433,-122.394846406738,"Apartment","Entire home/apt",2,1,1,1,"Real Bed","{TV,Internet,""Wireless Internet"",""Air Conditioning"",Kitchen,""Free Parking on Premises"",""Pets live on this property"",Dog(s),Cat(s),Heating,Washer,Dryer,""Smoke Detector"",""First Aid Kit"",""Fire Extinguisher"",Essentials,Shampoo,""24-Hour Check-in""}","$85.00","$40.00",37,98,10,10,10,10,10,3.32,33
"1796",353110,"f","North Admiral",47.5800288098473,-122.390251091793,"Chalet","Entire home/apt",4,1,1,3,"Real Bed","{TV,Internet,""Wireless Internet"",""Free Parking on Premises"",""Pets Allowed"",Gym,""Indoor Fireplace"",Heating,""Family/Kid Friendly""}","$135.00","$35.00",11,96,10,10,10,10,10,0.24,34
"1797",4384800,"f","North Admiral",47.5825749906123,-122.384954849208,"Apartment","Entire home/apt",7,1,2,7,"Real Bed","{TV,""Cable TV"",Internet,""Wireless Internet"",Kitchen,""Pets Allowed"",Heating,""Family/Kid Friendly"",""Suitable for Events"",Washer,Dryer,""Smoke Detector"",""Carbon Monoxide Detector"",""Fire Extinguisher"",Essentials,Shampoo}","$195.00","$95.00",20,97,10,10,10,10,10,1.38,41
"1798",8538630,"f","North Admiral",47.5829513464959,-122.387011558071,"Apartment","Entire home/apt",4,1,0,3,"Real Bed","{TV,""Cable TV"",Internet,""Wireless Internet"",Kitchen,""Pets Allowed"",Heating,""Family/Kid Friendly"",Washer,Dryer,""Carbon Monoxide Detector"",""First Aid Kit"",""Fire Extinguisher"",Essentials,Shampoo}","$95.00","$50.00",0,NA,NA,NA,NA,NA,NA,NA,35
"1799",5751177,"t","North Admiral",47.5735660706677,-122.387006765678,"Bed & Breakfast","Private room",4,2.5,1,2,"Real Bed","{TV,Internet,""Wireless Internet"",Kitchen,Breakfast,""Indoor Fireplace"",Heating,""Family/Kid Friendly"",""Suitable for Events"",Washer,Dryer,""Smoke Detector"",""First Aid Kit"",""Safety Card"",""Fire Extinguisher"",Essentials,Shampoo}","$129.00","$10.00",8,95,10,10,9,9,9,1.17,43
"1800",3124961,"f","North Admiral",47.574773474973,-122.381852163381,"House","Entire home/apt",8,3,4,5,"Real Bed","{TV,""Cable TV"",Internet,""Wireless Internet"",Kitchen,""Free Parking on Premises"",""Indoor Fireplace"",Heating,""Family/Kid Friendly"",Washer,Dryer,Essentials,Shampoo}","$225.00","$100.00",1,100,10,10,10,10,10,0.05,48
"1801",6436772,"f","North Admiral",47.5712074882074,-122.392048606366,"House","Entire home/apt",8,3,4,4,"Real Bed","{TV,""Cable TV"",Internet,""Wireless Internet"",Kitchen,""Free Parking on Premises"",""Pets live on this property"",Heating,""Family/Kid Friendly"",Washer,Dryer,""Smoke Detector"",""Carbon Monoxide Detector"",""First Aid Kit"",""Safety Card"",""Fire Extinguisher"",Essentials}","$350.00","$137.00",2,80,8,10,10,9,8,0.31,38
"1802",7499506,"f","North Admiral",47.5713534107058,-122.37557989788,"Apartment","Entire home/apt",2,1,1,1,"Real Bed","{""Cable TV"",""Wireless Internet"",Kitchen,""Free Parking on Premises"",""Smoking Allowed"",""Pets live on this property"",Dog(s),""Indoor Fireplace"",Heating,Washer,Dryer,""Smoke Detector"",""Carbon Monoxide Detector"",""First Aid Kit"",""Safety Card"",""Fire Extinguisher""}","$120.00","$60.00",7,100,10,10,10,10,10,1.49,58
"1803",3403858,"f","North Admiral",47.5733244527177,-122.395511007424,"House","Entire home/apt",5,1.5,2,3,"Real Bed","{TV,""Cable TV"",Internet,""Wireless Internet"",Kitchen,""Pets Allowed"",Heating,""Family/Kid Friendly"",Washer,Dryer,Essentials,Shampoo}","$200.00","$50.00",8,95,10,10,10,10,9,0.45,35
"1804",746380,"f","North Admiral",47.5730176154368,-122.387447132713,"Apartment","Private room",3,1,1,2,"Real Bed","{Internet,""Wireless Internet"",Kitchen,Breakfast,Heating,""Family/Kid Friendly"",""Smoke Detector"",""First Aid Kit"",""Fire Extinguisher"",Essentials,Shampoo}","$69.00","$10.00",94,95,10,10,10,9,10,2.45,42
"1805",7229743,"f","North Admiral",47.584682593525,-122.386211854763,"House","Entire home/apt",6,2,2,3,"Real Bed","{TV,""Cable TV"",Internet,""Wireless Internet"",Kitchen,""Free Parking on Premises"",Heating,""Family/Kid Friendly"",Washer,Dryer,""Smoke Detector"",""Carbon Monoxide Detector"",Essentials}","$199.00","$101.00",0,NA,NA,NA,NA,NA,NA,NA,38
"1806",7547611,"f","North Admiral",47.5729002749387,-122.385937712821,"Townhouse","Entire home/apt",6,2.5,3,3,"Real Bed","{TV,""Cable TV"",Internet,""Wireless Internet"",Kitchen,""Free Parking on Premises"",""Indoor Fireplace"",Heating,""Family/Kid Friendly"",Washer,Dryer,""Smoke Detector"",""Carbon Monoxide Detector"",""First Aid Kit"",""Fire Extinguisher"",Essentials,Shampoo,""24-Hour Check-in"",Hangers,""Hair Dryer"",Iron,""Laptop Friendly Workspace""}","$225.00","$100.00",3,87,9,9,9,9,9,0.63,44
"1807",2906694,"f","North Admiral",47.5746380836561,-122.395032681103,"House","Private room",7,1,1,2,"Real Bed","{TV,Internet,""Wireless Internet"",Kitchen,Heating,""Family/Kid Friendly"",Washer,Dryer,""Smoke Detector"",""Carbon Monoxide Detector"",""First Aid Kit"",""Fire Extinguisher"",Essentials,Shampoo}","$81.00","$15.00",58,87,9,10,10,9,9,3.27,34
"1808",7454026,"f","North Admiral",47.5872305560185,-122.380015658406,"Condominium","Entire home/apt",6,2.5,2,3,"Real Bed","{TV,""Cable TV"",Internet,""Wireless Internet"",""Air Conditioning"",Kitchen,""Free Parking on Premises"",""Elevator in Building"",""Indoor Fireplace"",""Buzzer/Wireless Intercom"",Heating,""Family/Kid Friendly"",""Suitable for Events"",Washer,Dryer,""Smoke Detector"",""Fire Extinguisher"",Essentials,Shampoo}","$495.00","$200.00",7,97,9,10,10,10,10,1.29,146
"1809",4651974,"f","North Admiral",47.5761675060778,-122.371580627194,"Apartment","Entire home/apt",2,1,1,1,"Real Bed","{TV,Internet,""Wireless Internet"",Kitchen,""Free Parking on Premises"",""Elevator in Building"",Heating,Washer,Dryer,""Smoke Detector"",""Carbon Monoxide Detector"",Essentials,Shampoo,""24-Hour Check-in"",Hangers,""Hair Dryer"",Iron,""Laptop Friendly Workspace""}","$65.00","$15.00",0,NA,NA,NA,NA,NA,NA,NA,102
"1810",6847052,"t","North Admiral",47.5721133821223,-122.385917051371,"House","Private room",2,1,1,1,"Real Bed","{Internet,""Wireless Internet"",Kitchen,Breakfast,""Indoor Fireplace"",Heating,""Family/Kid Friendly"",Washer,Dryer,""Smoke Detector"",""First Aid Kit"",""Fire Extinguisher"",Essentials}","$101.00","$10.00",8,100,10,10,10,10,10,1.38,44
"1811",1538865,"f","North Admiral",47.5735620394026,-122.390992941121,"House","Entire home/apt",3,1,2,2,"Real Bed","{TV,""Cable TV"",Internet,""Wireless Internet"",Kitchen,""Free Parking on Premises"",""Pets live on this property"",Cat(s),""Other pet(s)"",""Indoor Fireplace"",Heating,""Family/Kid Friendly"",Washer,Dryer,Shampoo}","$90.00","",16,96,9,10,10,10,10,0.58,38
"1812",3061918,"f","North Admiral",47.5719025489516,-122.378931913602,"House","Private room",2,1,1,2,"Real Bed","{TV,""Cable TV"",Internet,""Wireless Internet"",Kitchen,""Free Parking on Premises"",Heating,""Family/Kid Friendly"",Washer,Dryer,""Smoke Detector"",""Carbon Monoxide Detector"",""First Aid Kit"",""Safety Card"",""Fire Extinguisher"",Essentials,Shampoo,Hangers,""Hair Dryer"",Iron,""Laptop Friendly Workspace""}","$90.00","$25.00",20,96,10,10,10,9,9,1.02,52
"1813",7773851,"f","North Admiral",47.572743847733,-122.381833166746,"House","Entire home/apt",4,1,2,2,"Real Bed","{""Wireless Internet"",Kitchen,Heating,""Family/Kid Friendly"",""Smoke Detector"",""Carbon Monoxide Detector"",""First Aid Kit"",""Fire Extinguisher""}","$185.00","$35.00",2,80,10,10,10,10,8,0.44,49
"1814",2536507,"f","North Admiral",47.5827407306068,-122.398084062053,"Apartment","Entire home/apt",2,1,0,1,"Real Bed","{TV,""Cable TV"",Internet,""Wireless Internet"",""Air Conditioning"",""Free Parking on Premises"",Heating,""Smoke Detector"",""Carbon Monoxide Detector"",""First Aid Kit"",""Safety Card"",""Fire Extinguisher"",Essentials,Shampoo}","$99.00","$50.00",105,98,10,10,10,10,9,4.87,29
"1815",8409773,"f","North Admiral",47.5734273284493,-122.371745856957,"Condominium","Entire home/apt",2,1,1,1,"Real Bed","{TV,Internet,""Wireless Internet"",""Wheelchair Accessible"",Kitchen,""Free Parking on Premises"",""Elevator in Building"",""Indoor Fireplace"",""Buzzer/Wireless Intercom"",Heating,""Family/Kid Friendly"",Washer,Dryer,""Smoke Detector"",Essentials,Shampoo}","$99.00","$70.00",0,NA,NA,NA,NA,NA,NA,NA,66
"1816",7131797,"t","North Admiral",47.5765817194805,-122.388675775243,"House","Entire home/apt",3,1,1,1,"Real Bed","{TV,""Cable TV"",Internet,""Wireless Internet"",Kitchen,""Free Parking on Premises"",Heating,""Smoke Detector"",""Safety Card"",""Fire Extinguisher"",Essentials,Shampoo,""24-Hour Check-in"",Hangers,""Hair Dryer"",""Laptop Friendly Workspace""}","$89.00","$65.00",15,100,10,10,10,10,10,2.59,36
"1817",10331249,"f","North Admiral",47.572095417758,-122.391110405131,"House","Private room",1,1,1,1,"Real Bed","{Internet,""Wireless Internet"",""Pets live on this property"",Dog(s),Cat(s),""Hot Tub"",Heating,Dryer,""Laptop Friendly Workspace""}","$45.00","",0,NA,NA,NA,NA,NA,NA,NA,38
"1818",9883943,"f","North Admiral",47.5889377426145,-122.382143540382,"House","Private room",6,1.5,1,3,"Real Bed","{TV,""Cable TV"",Internet,""Wireless Internet"",""Air Conditioning"",Kitchen,""Free Parking on Premises"",Breakfast,""Indoor Fireplace"",Heating,Washer,Dryer,Essentials,""24-Hour Check-in"",Hangers,Iron}","$130.00","$45.00",0,NA,NA,NA,NA,NA,NA,NA,133
"1819",6956938,"t","North Admiral",47.5849509921821,-122.381617176847,"House","Private room",2,1,1,1,"Real Bed","{TV,""Cable TV"",Internet,""Wireless Internet"",Kitchen,Heating,Washer,Dryer,""Smoke Detector"",""Carbon Monoxide Detector"",Essentials,Shampoo,Hangers,""Hair Dryer"",""Laptop Friendly Workspace""}","$90.00","$60.00",23,96,10,9,10,10,10,3.61,74
"1820",7869223,"f","North Admiral",47.5804481733477,-122.397791956468,"House","Entire home/apt",4,2,2,2,"Real Bed","{TV,Internet,""Wireless Internet"",Kitchen,""Free Parking on Premises"",""Pets Allowed"",""Family/Kid Friendly"",Washer,Dryer,""Smoke Detector"",""Carbon Monoxide Detector"",""Fire Extinguisher"",Essentials}","$200.00","",1,100,10,10,10,10,10,0.24,30
"1821",7278583,"f","North Admiral",47.591141132356,-122.386445076062,"House","Entire home/apt",7,2.5,3,4,"Real Bed","{""Cable TV"",Internet,""Wireless Internet"",Kitchen,""Free Parking on Premises"",""Indoor Fireplace"",Heating,""Family/Kid Friendly"",Washer,Dryer,""Smoke Detector"",""Carbon Monoxide Detector"",""Fire Extinguisher"",Essentials}","$225.00","$200.00",2,100,10,10,10,10,10,0.54,75
"1822",6796246,"t","North Admiral",47.5827399507972,-122.381072737226,"House","Entire home/apt",2,1,0,1,"Real Bed","{TV,""Cable TV"",Internet,""Wireless Internet"",Kitchen,Heating,Washer,Dryer,""Smoke Detector"",""Carbon Monoxide Detector"",Essentials,Shampoo,Hangers,""Hair Dryer"",""Laptop Friendly Workspace""}","$90.00","$60.00",34,95,10,10,10,10,9,5.13,60
"1823",5991734,"t","North Admiral",47.5758683199101,-122.398427574867,"Cabin","Entire home/apt",2,1,0,1,"Real Bed","{TV,Internet,""Wireless Internet"",""Free Parking on Premises"",Heating,""Smoke Detector"",""Carbon Monoxide Detector"",""First Aid Kit"",""Safety Card"",""Fire Extinguisher"",Essentials,Shampoo}","$90.00","$50.00",31,97,10,10,10,10,10,4.12,33
"1824",6515046,"f","North Admiral",47.5720440661287,-122.386161916927,"Apartment","Private room",2,1,1,1,"Real Bed","{TV,""Wireless Internet"",Kitchen,Breakfast,Heating,""Family/Kid Friendly"",""Smoke Detector"",""First Aid Kit"",""Fire Extinguisher"",Essentials,Shampoo}","$79.00","$10.00",25,90,10,10,9,10,9,3.44,43
"1825",8538420,"f","North Admiral",47.5730586859058,-122.374399089998,"Apartment","Entire home/apt",4,1,1,2,"Real Bed","{TV,""Cable TV"",Internet,""Wireless Internet"",""Wheelchair Accessible"",Kitchen,""Free Parking on Premises"",Heating,Washer,Dryer,""Smoke Detector"",""Carbon Monoxide Detector"",""First Aid Kit"",""Fire Extinguisher"",Essentials,Shampoo}","$100.00","$75.00",10,98,10,10,10,10,10,3.03,61
"1826",7800143,"f","North Admiral",47.5780585385387,-122.382461307405,"House","Entire home/apt",6,2,4,5,"Real Bed","{TV,Internet,""Wireless Internet"",Kitchen,""Free Parking on Premises"",""Pets live on this property"",Dog(s),Heating,""Family/Kid Friendly"",Washer,Dryer,""Smoke Detector"",""First Aid Kit"",""Fire Extinguisher"",Essentials,Shampoo,Iron}","$225.00","",10,94,9,10,10,10,10,2.08,46
"1827",7651602,"t","North Admiral",47.5722614168042,-122.387898544491,"Bed & Breakfast","Private room",2,1.5,1,1,"Real Bed","{TV,""Cable TV"",Internet,""Wireless Internet"",""Air Conditioning"",Kitchen,Breakfast,Heating,""Family/Kid Friendly"",Washer,Dryer,""Smoke Detector"",""Carbon Monoxide Detector"",""First Aid Kit"",""Safety Card"",""Fire Extinguisher"",Essentials,Shampoo}","$299.00","$20.00",0,NA,NA,NA,NA,NA,NA,NA,41
"1828",461567,"f","Crown Hill",47.6973600413041,-122.376222211819,"Bed & Breakfast","Entire home/apt",3,1,1,2,"Real Bed","{TV,Internet,""Wireless Internet"",""Free Parking on Premises"",""Pets live on this property"",Cat(s),Heating,""Smoke Detector"",""Fire Extinguisher"",Essentials,Shampoo}","$70.00","$30.00",117,94,10,10,10,9,9,2.8,98
"1829",9736940,"f","Crown Hill",47.6985539725014,-122.369271006689,"Townhouse","Private room",2,1.5,1,1,"Real Bed","{TV,Internet,""Wireless Internet"",Kitchen,""Pets Allowed"",""Pets live on this property"",""Indoor Fireplace"",Heating,""Smoke Detector"",""Fire Extinguisher"",Essentials,Shampoo}","$28.00","",3,100,10,8,8,8,10,3,111
"1830",210316,"f","Crown Hill",47.6998983730428,-122.366141804709,"Bed & Breakfast","Private room",2,4.5,1,4,"Real Bed","{TV,Internet,""Wireless Internet"",""Air Conditioning"",Kitchen,""Free Parking on Premises"",""Smoking Allowed"",Breakfast,""Hot Tub"",""Indoor Fireplace"",Heating,""Family/Kid Friendly"",""Suitable for Events"",Washer,Dryer,""Smoke Detector"",""Carbon Monoxide Detector"",""First Aid Kit"",""Safety Card"",""Fire Extinguisher"",Essentials,Shampoo}","$65.00","$35.00",22,91,9,10,10,9,9,1.15,108
"1831",4581124,"t","Crown Hill",47.700060505541,-122.37437155909,"House","Private room",2,1,1,1,"Real Bed","{TV,""Cable TV"",Internet,""Wireless Internet"",Kitchen,""Free Parking on Premises"",""Indoor Fireplace"",""Buzzer/Wireless Intercom"",Heating,Washer,Dryer,""Smoke Detector"",Essentials}","$69.00","$50.00",17,95,9,10,10,9,10,1.72,101
"1832",6403104,"f","Crown Hill",47.6917938822502,-122.368960583995,"House","Private room",2,1,1,1,"Real Bed","{TV,""Cable TV"",Internet,""Wireless Internet"",Kitchen,""Free Parking on Premises"",Breakfast,""Pets live on this property"",Dog(s),Cat(s),""Indoor Fireplace"",Heating,""Family/Kid Friendly"",Washer,Dryer,""Smoke Detector"",""Carbon Monoxide Detector"",""First Aid Kit"",""Fire Extinguisher"",Essentials}","$41.00","",3,100,10,10,10,9,10,0.44,121
"1833",7071331,"f","Crown Hill",47.6931435182186,-122.368078933623,"House","Private room",2,1,1,1,"Real Bed","{Internet,""Wireless Internet"",Kitchen,""Free Parking on Premises"",""Indoor Fireplace"",""Family/Kid Friendly"",Washer,Dryer,Shampoo}","$42.00","",22,90,9,10,10,9,9,3.61,119
"1834",3883137,"f","Crown Hill",47.6933552891806,-122.373175669031,"House","Entire home/apt",6,1,1,3,"Real Bed","{TV,Internet,""Wireless Internet"",Kitchen,""Free Parking on Premises"",""Indoor Fireplace"",Heating,""Family/Kid Friendly"",Washer,Dryer,""Smoke Detector"",""Carbon Monoxide Detector"",""Safety Card"",Essentials,Shampoo}","$100.00","$40.00",80,96,10,10,10,9,10,5.61,107
"1835",9858690,"f","Crown Hill",47.6992059022332,-122.373172166216,"House","Private room",2,1,1,1,"Real Bed","{TV,""Cable TV"",""Wireless Internet"",Kitchen,""Free Parking on Premises"",""Pets live on this property"",Dog(s),Cat(s),Heating,""Family/Kid Friendly"",Washer,Dryer,""Smoke Detector"",""Carbon Monoxide Detector"",""First Aid Kit"",Shampoo,""Lock on Bedroom Door""}","$100.00","",0,NA,NA,NA,NA,NA,NA,NA,103
"1836",6657574,"t","Crown Hill",47.7034816163317,-122.369842087897,"House","Private room",1,1.5,1,1,"Real Bed","{Internet,""Wireless Internet"",Kitchen,""Free Parking on Premises"",""Pets live on this property"",Cat(s),Heating,Washer,Dryer,""Smoke Detector"",""Carbon Monoxide Detector"",""First Aid Kit"",Essentials,Shampoo}","$45.00","$10.00",8,98,10,10,10,10,10,1.55,84
"1837",566435,"f","Crown Hill",47.7015512910741,-122.366511276081,"House","Private room",2,3.5,1,1,"Real Bed","{TV,Internet,""Wireless Internet"",""Air Conditioning"",Kitchen,""Free Parking on Premises"",""Smoking Allowed"",Breakfast,""Hot Tub"",""Indoor Fireplace"",Heating,""Family/Kid Friendly"",""Suitable for Events"",Washer,Dryer,""Smoke Detector"",""Carbon Monoxide Detector"",""First Aid Kit"",""Safety Card"",""Fire Extinguisher"",Essentials,Shampoo}","$65.00","$35.00",37,95,10,10,10,9,9,0.91,102
"1838",226495,"f","Crown Hill",47.691027961687,-122.36815465259,"Apartment","Entire home/apt",6,1,2,3,"Real Bed","{TV,""Cable TV"",Internet,""Wireless Internet"",Kitchen,Heating,""Family/Kid Friendly"",Washer,Dryer,""Smoke Detector"",""Carbon Monoxide Detector"",""First Aid Kit"",Essentials,Shampoo}","$170.00","$65.00",42,89,9,10,9,9,9,0.94,123
"1839",9394485,"f","Crown Hill",47.7051408314449,-122.371213390062,"House","Entire home/apt",4,1,2,3,"Real Bed","{TV,""Cable TV"",Internet,""Wireless Internet"",Kitchen,""Free Parking on Premises"",""Pets Allowed"",""Pets live on this property"",Dog(s),""Indoor Fireplace"",Heating,""Family/Kid Friendly"",Washer,Dryer,""Smoke Detector"",""Carbon Monoxide Detector"",""First Aid Kit"",""Safety Card"",""Fire Extinguisher"",Essentials,Shampoo,""24-Hour Check-in"",Hangers,Iron,""Laptop Friendly Workspace""}","$119.00","$35.00",2,100,10,NA,10,NA,NA,1.36,75
"1840",8116504,"f","Crown Hill",47.6929105322256,-122.37849462852,"House","Entire home/apt",2,1,1,1,"Real Bed","{TV,Internet,""Wireless Internet"",Kitchen,""Free Parking on Premises"",""Pets live on this property"",Cat(s),""Indoor Fireplace"",Heating,""Smoke Detector"",""Carbon Monoxide Detector"",""First Aid Kit"",""Fire Extinguisher""}","$100.00","",0,NA,NA,NA,NA,NA,NA,NA,95
"1841",80188,"t","Crown Hill",47.6975711201508,-122.375875437137,"House","Entire home/apt",3,1,2,2,"Real Bed","{TV,Internet,""Wireless Internet"",Kitchen,""Free Parking on Premises"",""Pets Allowed"",Heating,""Family/Kid Friendly"",Washer,Dryer,""Smoke Detector"",""Carbon Monoxide Detector"",Essentials,Shampoo}","$114.00","$60.00",133,97,10,10,10,9,10,2.33,98
"1842",9696286,"f","Crown Hill",47.6934457554993,-122.366803209227,"House","Entire home/apt",4,1,2,2,"Real Bed","{""Wireless Internet"",Kitchen,""Free Parking on Premises"",Heating,""Family/Kid Friendly"",Washer,Dryer,""Smoke Detector"",""Carbon Monoxide Detector"",Shampoo,""Laptop Friendly Workspace""}","$100.00","",0,NA,NA,NA,NA,NA,NA,NA,120
"1843",7788695,"t","Crown Hill",47.7003632835428,-122.370906489999,"House","Private room",2,1,1,1,"Real Bed","{TV,""Wireless Internet"",""Free Parking on Premises"",Heating,""Family/Kid Friendly"",""Smoke Detector"",""First Aid Kit"",""Fire Extinguisher"",Essentials}","$68.00","$25.00",33,99,10,10,10,9,10,7.39,102
"1844",1289082,"f","Crown Hill",47.6909559036202,-122.369719814679,"Apartment","Entire home/apt",8,2,3,3,"Real Bed","{TV,""Cable TV"",Internet,""Wireless Internet"",Kitchen,""Free Parking on Premises"",Heating,Washer,Dryer,""Smoke Detector"",""Carbon Monoxide Detector"",""First Aid Kit"",Essentials,Shampoo}","$275.00","$80.00",29,87,9,10,9,9,8,0.99,119
"1845",3656508,"f","Crown Hill",47.6939758969693,-122.371653778361,"House","Private room",2,1,1,1,"Real Bed","{TV,Internet,""Wireless Internet"",""Air Conditioning"",Kitchen,""Free Parking on Premises"",Gym,""Hot Tub"",""Indoor Fireplace"",""Buzzer/Wireless Intercom"",Heating,""Family/Kid Friendly"",Washer,Dryer,""Smoke Detector"",""Carbon Monoxide Detector"",Essentials,Shampoo,Hangers,Iron}","$35.00","$25.00",26,94,9,10,10,10,9,1.48,111
"1846",8119192,"f","Crown Hill",47.6930652414976,-122.367350811934,"House","Private room",4,1,1,2,"Real Bed","{TV,""Wireless Internet"",""Free Parking on Premises"",Heating,""Family/Kid Friendly"",Washer,Dryer,""Smoke Detector"",""Carbon Monoxide Detector"",""Fire Extinguisher"",Essentials,Shampoo}","$75.00","$25.00",7,100,10,10,10,10,10,1.69,121
"1847",5487653,"t","Crown Hill",47.6999623874854,-122.375510704983,"House","Entire home/apt",6,2,3,3,"Real Bed","{TV,""Cable TV"",Internet,""Wireless Internet"",Kitchen,""Free Parking on Premises"",""Indoor Fireplace"",Heating,""Family/Kid Friendly"",Washer,Dryer,""Smoke Detector"",""Carbon Monoxide Detector"",Essentials}","$95.00","$50.00",2,90,8,9,8,9,10,0.23,98
"1848",493591,"f","Crown Hill",47.702954396433,-122.368611502213,"Bed & Breakfast","Private room",2,3.5,1,3,"Real Bed","{TV,Internet,""Wireless Internet"",""Air Conditioning"",Kitchen,""Free Parking on Premises"",""Smoking Allowed"",Breakfast,""Indoor Fireplace"",Heating,""Family/Kid Friendly"",""Suitable for Events"",Washer,Dryer,""Smoke Detector"",""Carbon Monoxide Detector"",""First Aid Kit"",""Safety Card"",""Fire Extinguisher"",Essentials,Shampoo}","$65.00","$35.00",74,97,10,10,10,9,10,1.71,91
"1849",9534,"t","Fairmount Park",47.5567006536446,-122.384973506151,"House","Entire home/apt",3,1,2,2,"Real Bed","{TV,""Cable TV"",Internet,""Wireless Internet"",Kitchen,""Free Parking on Premises"",""Pets Allowed"",""Indoor Fireplace"",Heating,Washer,Dryer,""Smoke Detector"",""Carbon Monoxide Detector"",""First Aid Kit"",""Fire Extinguisher"",Essentials,Shampoo}","$125.00","$85.00",14,100,10,10,10,10,10,0.29,48
"1850",6902752,"f","Fairmount Park",47.558044419701,-122.385787989108,"House","Private room",2,1,1,1,"Real Bed","{""Cable TV"",""Wireless Internet"",""Air Conditioning"",Breakfast,""Pets live on this property"",Cat(s),Heating,""Smoke Detector"",""First Aid Kit"",Essentials,Shampoo,Hangers,""Hair Dryer""}","$75.00","",10,98,10,9,9,10,10,1.69,44
"1851",7902569,"t","Fairmount Park",47.5522628490591,-122.381014625761,"House","Private room",3,1,1,2,"Real Bed","{""Cable TV"",Internet,""Wireless Internet"",""Free Parking on Premises"",Heating,""Family/Kid Friendly"",Washer,Dryer,""Smoke Detector"",""Carbon Monoxide Detector"",Essentials,Shampoo}","$72.00","",30,96,10,10,10,9,10,6.57,53
"1852",9531,"t","Fairmount Park",47.5553892557942,-122.38473862707,"House","Entire home/apt",4,1,2,5,"Real Bed","{TV,""Cable TV"",Internet,""Wireless Internet"",""Wheelchair Accessible"",Kitchen,""Pets Allowed"",""Indoor Fireplace"",Heating,""Suitable for Events"",Washer,Dryer,""Smoke Detector"",""Carbon Monoxide Detector"",""First Aid Kit"",""Safety Card"",""Fire Extinguisher"",Essentials,Shampoo}","$165.00","$95.00",26,100,10,10,10,10,10,0.54,48
"1853",5759668,"f","Fairmount Park",47.554482852206,-122.37880454304,"House","Entire home/apt",6,2,2,3,"Real Bed","{TV,""Cable TV"",Internet,""Wireless Internet"",Kitchen,""Free Parking on Premises"",""Pets Allowed"",Heating,""Family/Kid Friendly"",Washer,Dryer,""Smoke Detector"",""Carbon Monoxide Detector"",""First Aid Kit"",""Safety Card"",""Fire Extinguisher"",Essentials,Shampoo}","$125.00","$85.00",17,96,10,9,10,9,9,1.81,56
"1854",17951,"f","Fairmount Park",47.5553817339946,-122.386222631032,"Apartment","Entire home/apt",2,1,NA,1,"Real Bed","{TV,""Cable TV"",Internet,""Wireless Internet"",Kitchen,""Pets live on this property"",Dog(s),Heating,""Family/Kid Friendly"",""Smoke Detector"",""Carbon Monoxide Detector"",""Fire Extinguisher"",Essentials}","$95.00","",21,94,10,10,10,10,10,0.31,47
"1855",4030640,"t","Fairmount Park",47.5530900379907,-122.37871495491,"Apartment","Entire home/apt",2,1,1,1,"Real Bed","{TV,""Cable TV"",Internet,""Wireless Internet"",Kitchen,""Free Parking on Premises"",Heating,""Smoke Detector"",""Fire Extinguisher"",Essentials,Shampoo}","$125.00","$50.00",10,98,10,10,10,10,10,1.69,56
"1856",4395654,"f","Fairmount Park",47.5475568874774,-122.378330506284,"House","Entire home/apt",3,1,0,2,"Real Bed","{""Cable TV"",""Wireless Internet"",Kitchen,""Free Parking on Premises"",""Indoor Fireplace"",Heating,""Family/Kid Friendly"",Washer,Dryer,""Smoke Detector"",""Carbon Monoxide Detector"",""First Aid Kit"",""Safety Card"",""Fire Extinguisher"",Essentials}","$120.00","$134.00",1,80,10,10,10,8,8,0.15,51
"1857",6759046,"f","Fairmount Park",47.5629760622872,-122.378544660753,"House","Private room",2,0.5,1,1,"Real Bed","{TV,""Cable TV"",Internet,Heating,Washer,Dryer,""Smoke Detector"",""Carbon Monoxide Detector"",""First Aid Kit"",""Fire Extinguisher"",Essentials}","$75.00","$25.00",3,93,10,10,10,10,8,0.46,54
"1858",10020782,"f","Fairmount Park",47.5555199781724,-122.385481874714,"House","Entire home/apt",6,2,3,4,"Real Bed","{TV,""Cable TV"",Internet,""Wireless Internet"",""Air Conditioning"",Kitchen,""Free Parking on Premises"",""Pets live on this property"",Dog(s),Heating,""Family/Kid Friendly"",Washer,Dryer,""Smoke Detector"",""First Aid Kit"",""Fire Extinguisher"",Essentials,Shampoo,""24-Hour Check-in"",Hangers,""Laptop Friendly Workspace""}","$299.00","$119.00",0,NA,NA,NA,NA,NA,NA,NA,47
"1859",1252147,"f","Fairmount Park",47.5489952971067,-122.383452051208,"Townhouse","Entire home/apt",4,1.5,1,2,"Real Bed","{TV,""Cable TV"",Internet,""Wireless Internet"",Kitchen,""Free Parking on Premises"",""Pets live on this property"",Dog(s),""Indoor Fireplace"",Heating,Washer,Dryer,""Smoke Detector"",Essentials}","$200.00","$75.00",34,96,10,10,10,9,10,1.13,49
"1860",5652705,"f","Fairmount Park",47.5559690354899,-122.383970829382,"House","Entire home/apt",2,1,1,1,"Real Bed","{TV,""Cable TV"",Internet,""Wireless Internet"",""Air Conditioning"",Kitchen,""Pets live on this property"",Dog(s),Heating,""Family/Kid Friendly"",""Smoke Detector"",""Carbon Monoxide Detector"",""Fire Extinguisher"",Essentials,Shampoo}","$125.00","",5,100,10,10,10,10,10,0.73,49
"1861",9410043,"f","Fairmount Park",47.5517678375025,-122.385842033148,"House","Entire home/apt",8,2.5,4,4,"Real Bed","{TV,Internet,""Wireless Internet"",Kitchen,""Free Parking on Premises"",""Pets live on this property"",Dog(s),""Indoor Fireplace"",Heating,""Family/Kid Friendly"",""Suitable for Events"",Washer,Dryer,""Smoke Detector"",""First Aid Kit"",""Safety Card"",""Fire Extinguisher"",Essentials,Shampoo,""24-Hour Check-in"",Hangers,""Hair Dryer"",Iron,""Laptop Friendly Workspace""}","$250.00","$100.00",0,NA,NA,NA,NA,NA,NA,NA,47
"1862",46022,"f","Fairmount Park",47.55663242156,-122.377203654117,"House","Private room",5,1,1,2,"Real Bed","{TV,""Cable TV"",Internet,""Wireless Internet"",Kitchen,""Free Parking on Premises"",""Indoor Fireplace"",Heating,""Family/Kid Friendly"",Washer,Dryer,""Smoke Detector"",""First Aid Kit"",""Safety Card"",""Fire Extinguisher"",Essentials}","$75.00","$150.00",5,99,10,10,10,10,10,0.08,58
"1863",4996554,"f","Fairmount Park",47.547271360225,-122.378718946532,"House","Entire home/apt",4,1,2,2,"Real Bed","{TV,""Wireless Internet"",Kitchen,""Free Parking on Premises"",Heating,""Family/Kid Friendly"",Washer,Dryer,""Smoke Detector"",""Carbon Monoxide Detector"",""First Aid Kit"",""Fire Extinguisher"",Essentials,Shampoo}","$119.00","$59.00",13,91,9,9,10,10,10,1.11,51
"1864",692080,"f","Fairmount Park",47.5500240899756,-122.381231466407,"House","Entire home/apt",8,2.5,5,1,"Real Bed","{TV,""Cable TV"",""Wireless Internet"",Kitchen,Gym,""Indoor Fireplace"",Heating,""Family/Kid Friendly"",Washer,Dryer}","$370.00","$200.00",1,NA,NA,NA,NA,NA,NA,0.09,53
"1865",153967,"f","Fairmount Park",47.5559436583124,-122.379947447962,"House","Entire home/apt",12,1,2,4,"Real Bed","{TV,""Cable TV"",Internet,""Wireless Internet"",""Air Conditioning"",Kitchen,""Free Parking on Premises"",""Indoor Fireplace"",Heating,""Family/Kid Friendly"",Washer,Dryer,""Smoke Detector"",""Carbon Monoxide Detector"",""First Aid Kit"",""Safety Card"",""Fire Extinguisher"",Essentials,Shampoo}","$117.00","$150.00",54,89,9,10,10,9,9,0.98,55
"1866",9328278,"f","Fairmount Park",47.5533567629696,-122.379001307488,"House","Entire home/apt",2,1,0,2,"Real Bed","{TV,Internet,""Wireless Internet"",Kitchen,""Free Parking on Premises"",Heating,""Family/Kid Friendly"",Washer,Dryer,""Smoke Detector"",""Carbon Monoxide Detector"",""Safety Card"",""Fire Extinguisher"",Essentials,Shampoo,Hangers,""Hair Dryer"",""Laptop Friendly Workspace""}","$85.00","$25.00",6,100,10,10,10,9,9,6,56
"1867",8566242,"f","Fairmount Park",47.5521936170084,-122.377953903005,"House","Entire home/apt",4,1,2,2,"Real Bed","{TV,""Cable TV"",Internet,""Wireless Internet"",""Air Conditioning"",Kitchen,""Free Parking on Premises"",Heating,""Family/Kid Friendly"",Washer,""Smoke Detector"",""Carbon Monoxide Detector"",""First Aid Kit"",Shampoo}","$200.00","$150.00",1,100,10,10,10,10,6,0.86,56
"1868",6567683,"t","Fairmount Park",47.5643276705599,-122.373745809167,"House","Entire home/apt",4,2,2,2,"Real Bed","{TV,Internet,""Wireless Internet"",""Air Conditioning"",Kitchen,""Free Parking on Premises"",""Pets Allowed"",""Indoor Fireplace"",Heating,""Family/Kid Friendly"",""Smoke Detector"",""Carbon Monoxide Detector"",Essentials,Shampoo,""24-Hour Check-in"",Hangers,""Hair Dryer"",Iron,""Laptop Friendly Workspace""}","$129.00","$85.00",19,96,10,10,9,10,9,3.08,63
"1869",6794702,"f","Fairmount Park",47.558903753469,-122.377511133249,"House","Entire home/apt",2,1,1,1,"Real Bed","{Internet,""Wireless Internet"",Kitchen,""Free Parking on Premises"",""Pets Allowed"",Heating,Washer,Dryer,""Smoke Detector"",Essentials}","$70.00","$20.00",4,100,9,10,10,10,10,1.1,53
"1870",7746170,"f","Fairmount Park",47.5573179480092,-122.377782230445,"House","Private room",2,1,1,1,"Real Bed","{""Wireless Internet"",""Free Parking on Premises"",Heating,""Family/Kid Friendly"",Washer,Dryer,""Smoke Detector"",""Fire Extinguisher"",Essentials,Shampoo}","$65.00","",12,83,9,9,10,9,9,2.42,55
"1871",157939,"t","Fairmount Park",47.5477874096676,-122.378001600174,"Apartment","Entire home/apt",2,1,1,1,"Real Bed","{TV,""Cable TV"",Internet,""Wireless Internet"",Kitchen,""Free Parking on Premises"",""Buzzer/Wireless Intercom"",Heating,Washer,Dryer,""Smoke Detector"",""Carbon Monoxide Detector"",""Fire Extinguisher"",Essentials,Shampoo}","$110.00","",22,99,10,10,10,10,10,0.46,51
"1872",7459637,"f","Fairmount Park",47.5483168146443,-122.386458408801,"House","Entire home/apt",2,1.5,1,1,"Real Bed","{TV,Internet,""Wireless Internet"",Kitchen,Breakfast,""Indoor Fireplace"",Heating,""Family/Kid Friendly"",Washer,Dryer,""Smoke Detector"",""Carbon Monoxide Detector"",Essentials}","$109.00","$16.00",4,90,9,9,9,9,9,0.81,48
"1873",6079131,"t","Fairmount Park",47.5562907594656,-122.377002135569,"Apartment","Entire home/apt",2,1,0,1,"Futon","{Internet,""Wireless Internet"",Kitchen,""Free Parking on Premises"",""Pets Allowed"",Heating,""Family/Kid Friendly"",""Smoke Detector"",""Carbon Monoxide Detector"",""First Aid Kit"",""Fire Extinguisher"",Essentials,Shampoo}","$88.00","$30.00",30,97,10,10,10,9,10,3.72,58
"1874",158953,"f","Fairmount Park",47.557669665579,-122.379009814867,"House","Private room",4,1,1,1,"Real Bed","{TV,""Cable TV"",Internet,""Wireless Internet"",""Air Conditioning"",Kitchen,""Free Parking on Premises"",""Indoor Fireplace"",Heating,""Family/Kid Friendly"",Washer,Dryer,""Smoke Detector"",""Carbon Monoxide Detector"",""First Aid Kit"",""Safety Card"",""Fire Extinguisher"",Essentials}","$75.00","$150.00",2,96,10,10,10,9,9,0.04,54
"1875",8342968,"f","Fairmount Park",47.5555651604384,-122.377039928676,"House","Private room",2,1,1,1,"Real Bed","{TV,Internet,""Wireless Internet"",""Air Conditioning"",Kitchen,""Free Parking on Premises"",""Pets live on this property"",Dog(s),Cat(s),""Indoor Fireplace"",Heating,Washer,Dryer,""Smoke Detector"",""Carbon Monoxide Detector"",""First Aid Kit"",""Fire Extinguisher"",Essentials,Shampoo}","$65.00","",2,100,10,10,10,8,8,0.57,58
"1876",6512979,"f","Fairmount Park",47.5555406459668,-122.382754381782,"Apartment","Entire home/apt",2,1,1,1,"Futon","{TV,Internet,""Wireless Internet"",""Wheelchair Accessible"",Kitchen,Heating,Washer,Dryer,""Smoke Detector"",""Carbon Monoxide Detector"",""First Aid Kit"",""Fire Extinguisher"",Essentials,Shampoo}","$75.00","",10,94,10,10,10,10,10,1.47,49
"1877",7886656,"t","Fairmount Park",47.5592558468981,-122.384555757907,"Apartment","Entire home/apt",4,1,2,2,"Real Bed","{TV,""Cable TV"",Internet,""Wireless Internet"",Kitchen,""Free Parking on Premises"",Heating,Washer,Dryer,""Smoke Detector"",""Carbon Monoxide Detector"",""First Aid Kit"",""Fire Extinguisher"",Essentials,Shampoo,""24-Hour Check-in"",Hangers,""Hair Dryer"",Iron,""Laptop Friendly Workspace""}","$136.00","$50.00",12,97,10,10,10,10,10,2.71,46
"1878",4378803,"f","Genesee",47.5663926822465,-122.378146248635,"House","Entire home/apt",5,1,1,3,"Real Bed","{TV,""Cable TV"",Internet,""Wireless Internet"",Kitchen,""Free Parking on Premises"",Heating,""Family/Kid Friendly"",""Smoke Detector"",""Carbon Monoxide Detector"",""First Aid Kit"",""Fire Extinguisher"",Essentials,Shampoo}","$139.00","$65.00",17,93,10,10,10,10,10,1.32,51
"1879",7791010,"f","Genesee",47.5607359474743,-122.382493637133,"Townhouse","Private room",3,1,1,1,"Real Bed","{Internet,""Wireless Internet"",""Wheelchair Accessible"",""Free Parking on Premises"",""Pets live on this property"",Cat(s),Heating,""Family/Kid Friendly"",""Smoke Detector"",""Carbon Monoxide Detector"",""First Aid Kit"",Essentials,Shampoo}","$79.00","",27,96,10,10,10,10,10,5.83,49
"1880",6452927,"f","Genesee",47.5674437654199,-122.386341609879,"House","Private room",2,1,1,1,"Real Bed","{TV,Internet,""Wireless Internet"",Kitchen,""Free Parking on Premises"",Breakfast,Heating,""Family/Kid Friendly"",Washer,Dryer,Essentials}","$95.00","$30.00",2,90,10,10,10,9,9,0.37,43
"1881",8066883,"f","Genesee",47.5609896704681,-122.384932101807,"Apartment","Private room",2,1,1,1,"Real Bed","{Internet,""Wireless Internet"",Kitchen,""Pets Allowed"",Breakfast,""Pets live on this property"",""Elevator in Building"",Heating,""Family/Kid Friendly"",Washer,Dryer,""Smoke Detector"",""First Aid Kit"",""Safety Card"",""Fire Extinguisher"",""Hair Dryer"",Iron,""Laptop Friendly Workspace""}","$55.00","",18,99,10,10,10,10,10,4.15,47
"1882",8209686,"f","Genesee",47.5678162586308,-122.376162405826,"House","Entire home/apt",6,2,3,3,"Real Bed","{TV,Internet,""Wireless Internet"",Kitchen,""Pets Allowed"",Heating,""Family/Kid Friendly"",Washer,Dryer,""Smoke Detector"",""Carbon Monoxide Detector"",""First Aid Kit"",""Fire Extinguisher"",Essentials,Shampoo}","$200.00","",0,NA,NA,NA,NA,NA,NA,NA,54
"1883",8017832,"f","Genesee",47.564839837172,-122.388582476657,"House","Private room",2,1,1,1,"Real Bed","{Internet,""Wireless Internet"",Kitchen,""Free Parking on Premises"",""Indoor Fireplace"",Heating,Washer,Dryer,""Smoke Detector"",""Carbon Monoxide Detector"",""First Aid Kit"",Essentials,Shampoo}","$49.00","$10.00",5,100,10,10,10,10,10,1.74,42
"1884",7988300,"f","Genesee",47.5635530921699,-122.386788806145,"House","Private room",2,1,1,1,"Real Bed","{TV,Internet,""Wireless Internet"",Kitchen,""Free Parking on Premises"",""Indoor Fireplace"",Heating,Washer,Dryer,""Smoke Detector"",""Carbon Monoxide Detector"",""First Aid Kit"",Essentials,Shampoo}","$65.00","",13,100,10,10,10,10,10,4.53,43
"1885",2818292,"f","Genesee",47.5695384309003,-122.392832049476,"House","Private room",2,1,1,1,"Real Bed","{""Cable TV"",""Wireless Internet"",Kitchen,""Free Parking on Premises"",Heating,""Family/Kid Friendly"",Washer,Dryer,""Smoke Detector"",""Carbon Monoxide Detector"",Shampoo}","$85.00","",16,98,10,10,10,9,10,0.88,39
"1886",4910140,"f","Genesee",47.56260533362,-122.396702465722,"House","Private room",1,1,1,1,"Real Bed","{Internet,""Wireless Internet"",Kitchen,""Free Parking on Premises"",""Pets live on this property"",Cat(s),Heating,Washer,Dryer,""Smoke Detector"",""Fire Extinguisher"",Essentials,Shampoo}","$39.00","",20,98,9,10,10,10,10,1.89,40
"1887",9110730,"f","Genesee",47.5668945578805,-122.392134872991,"Apartment","Entire home/apt",2,1,1,1,"Real Bed","{TV,""Wireless Internet"",""Free Parking on Premises"",""Pets Allowed"",""Pets live on this property"",Dog(s),Heating,Washer,Dryer,""Smoke Detector"",""Carbon Monoxide Detector"",Essentials,Shampoo}","$75.00","$35.00",5,96,10,10,10,10,10,2.24,39
"1888",6762958,"f","Genesee",47.5604761416259,-122.393641270922,"House","Entire home/apt",2,1,1,1,"Real Bed","{""Wireless Internet"",""Air Conditioning"",Kitchen,""Free Parking on Premises"",Heating,Washer,Dryer,""Smoke Detector"",""Carbon Monoxide Detector"",""Fire Extinguisher"",Essentials,Shampoo}","$75.00","$35.00",4,100,10,10,10,10,10,0.58,40
"1889",8503556,"f","Genesee",47.5637121243563,-122.381327142101,"House","Entire home/apt",4,1,2,2,"Real Bed","{TV,Internet,""Wireless Internet"",Kitchen,""Free Parking on Premises"",Heating,""Family/Kid Friendly"",Essentials}","$125.00","$85.00",0,NA,NA,NA,NA,NA,NA,NA,48
"1890",6448099,"f","Genesee",47.5672412060218,-122.386386731983,"House","Entire home/apt",5,2.5,3,3,"Real Bed","{TV,Internet,""Wireless Internet"",Kitchen,""Free Parking on Premises"",Breakfast,""Buzzer/Wireless Intercom"",Heating,Washer,Dryer,""Smoke Detector"",""Carbon Monoxide Detector"",Essentials,Shampoo}","$215.00","$70.00",2,100,10,10,10,10,10,0.38,43
"1891",4564730,"f","Genesee",47.5641246529799,-122.378507262061,"Apartment","Entire home/apt",4,1,1,2,"Real Bed","{TV,Internet,""Wireless Internet"",Kitchen,""Free Parking on Premises"",Heating,""Family/Kid Friendly"",Essentials,Shampoo}","$99.00","$25.00",26,95,10,10,10,10,10,1.92,51
"1892",50233,"t","Genesee",47.5664287095614,-122.380842213023,"Apartment","Entire home/apt",4,1,2,2,"Real Bed","{""Cable TV"",""Wireless Internet"",Kitchen,""Free Parking on Premises"",""Pets Allowed"",Breakfast,""Pets live on this property"",Dog(s),Heating,""Family/Kid Friendly"",""Suitable for Events"",Washer,Dryer,""Smoke Detector"",""First Aid Kit"",""Fire Extinguisher"",Essentials,Shampoo}","$165.00","$100.00",20,100,10,10,10,10,10,0.36,49
"1893",3402376,"f","Genesee",47.5627230397222,-122.395238371889,"House","Entire home/apt",4,1,2,2,"Real Bed","{TV,Internet,""Wireless Internet"",Kitchen,""Free Parking on Premises"",""Pets live on this property"",Dog(s),Heating,""Family/Kid Friendly"",Washer,Dryer,Essentials,Shampoo}","$165.00","$75.00",4,100,10,10,10,10,10,0.23,40
"1894",8782852,"f","Genesee",47.5657039802441,-122.375110360632,"House","Private room",2,0.5,1,1,"Futon","{TV,Kitchen,""Free Parking on Premises"",""Pets live on this property"",Dog(s),Heating,""Family/Kid Friendly"",Washer,Dryer,Essentials,""Hair Dryer"",""Laptop Friendly Workspace""}","$55.00","",0,NA,NA,NA,NA,NA,NA,NA,61
"1895",9098494,"f","Genesee",47.5652379259447,-122.387235128545,"Townhouse","Entire home/apt",10,1.5,3,5,"Real Bed","{TV,Internet,""Wireless Internet"",""Wheelchair Accessible"",Kitchen,""Free Parking on Premises"",""Pets Allowed"",""Pets live on this property"",Dog(s),Heating,""Family/Kid Friendly"",Washer,Dryer,""Carbon Monoxide Detector"",""First Aid Kit"",""Fire Extinguisher"",Essentials,Shampoo,""24-Hour Check-in"",Hangers,""Hair Dryer"",Iron,""Laptop Friendly Workspace""}","$150.00","$65.00",5,80,9,9,9,10,10,2.94,42
"1896",6977095,"f","Genesee",47.5646028461045,-122.37704664438,"House","Entire home/apt",10,2,3,6,"Real Bed","{TV,""Cable TV"",Internet,""Wireless Internet"",Kitchen,""Free Parking on Premises"",Heating,""Family/Kid Friendly"",""Smoke Detector"",""Carbon Monoxide Detector"",""First Aid Kit"",""Fire Extinguisher"",Essentials,Shampoo}","$249.00","$100.00",2,100,10,10,10,10,10,0.86,55
"1897",6748502,"f","Genesee",47.5675946451113,-122.381376514988,"House","Private room",2,1.5,1,1,"Airbed","{""Cable TV"",Internet,""Wireless Internet"",""Air Conditioning"",Kitchen,""Free Parking on Premises"",""Pets Allowed"",""Pets live on this property"",Dog(s),Heating,""Family/Kid Friendly"",Washer,Dryer,""Smoke Detector"",""Carbon Monoxide Detector"",""First Aid Kit"",""Fire Extinguisher"",Essentials,Shampoo}","$51.00","$5.00",5,96,10,10,10,10,10,0.89,48
"1898",6823837,"f","Genesee",47.566184539497,-122.379007647709,"House","Entire home/apt",6,1,2,3,"Real Bed","{TV,Internet,""Wireless Internet"",Kitchen,""Free Parking on Premises"",Heating,""Family/Kid Friendly"",""Smoke Detector"",""Carbon Monoxide Detector"",""First Aid Kit"",""Fire Extinguisher"",Essentials,Shampoo}","$129.00","$65.00",14,90,10,10,9,9,9,2.12,50
"1899",9298045,"f","Genesee",47.5700013587852,-122.38590533598,"Townhouse","Private room",2,1,1,1,"Real Bed","{""Cable TV"",Internet,""Wireless Internet"",Kitchen,""Free Parking on Premises"",""Pets live on this property"",Dog(s),Heating,""Family/Kid Friendly"",Washer,Dryer,""Smoke Detector"",""Carbon Monoxide Detector"",Essentials,Shampoo,""Lock on Bedroom Door"",""24-Hour Check-in"",Hangers,""Hair Dryer""}","$79.00","",3,100,10,10,10,10,10,2.31,44
"1900",7988436,"f","Genesee",47.5613643116114,-122.385107047848,"House","Private room",2,1,1,1,"Real Bed","{Internet,""Wireless Internet"",Kitchen,""Free Parking on Premises"",""Indoor Fireplace"",Heating,Washer,Dryer,""Smoke Detector"",""Carbon Monoxide Detector"",""First Aid Kit"",Essentials,Shampoo}","$65.00","",20,98,10,10,10,10,10,6.98,46
"1901",9615941,"f","Genesee",47.5603701012324,-122.3930383048,"House","Private room",2,1,1,1,"Real Bed","{""Wireless Internet"",""Air Conditioning"",Kitchen,""Free Parking on Premises"",Heating,Washer,Dryer,""Smoke Detector"",""Carbon Monoxide Detector"",""Fire Extinguisher"",Essentials,Shampoo}","$49.00","$15.00",1,100,10,10,10,10,10,1,40
"1902",8631419,"f","Genesee",47.5672579891321,-122.38221291496,"House","Entire home/apt",7,2.5,3,3,"Real Bed","{TV,""Cable TV"",Internet,""Wireless Internet"",Kitchen,""Free Parking on Premises"",""Pets Allowed"",Heating,""Family/Kid Friendly"",Washer,Dryer,""Smoke Detector"",""Carbon Monoxide Detector"",""First Aid Kit"",""Fire Extinguisher"",Essentials,Shampoo}","$180.00","$10.00",3,93,8,10,10,10,9,2.43,48
"1903",8919070,"f","Genesee",47.5613739709492,-122.388438237295,"Apartment","Shared room",2,1,1,1,"Pull-out Sofa","{TV,""Cable TV"",Internet,""Wireless Internet"",""Air Conditioning"",Kitchen,""Elevator in Building"",""Buzzer/Wireless Intercom"",Heating,Washer,Dryer,Essentials,Shampoo}","$30.00","",4,95,10,10,10,10,10,1.64,41
"1904",7836953,"f","Genesee",47.5616462502935,-122.397072599294,"House","Entire home/apt",7,1.5,3,4,"Real Bed","{TV,""Wireless Internet"",Kitchen,""Free Parking on Premises"",""Pets Allowed"",""Indoor Fireplace"",Heating,""Family/Kid Friendly"",Washer,Dryer,""Smoke Detector"",""Carbon Monoxide Detector"",""First Aid Kit"",""Safety Card"",""Fire Extinguisher"",Essentials,Shampoo,Hangers,""Hair Dryer"",Iron,""Laptop Friendly Workspace""}","$250.00","$100.00",1,100,10,10,10,10,10,0.86,40
"1905",3281072,"t","Genesee",47.5669629043878,-122.383377577214,"House","Entire home/apt",3,1,2,2,"Real Bed","{TV,""Cable TV"",Internet,""Wireless Internet"",Kitchen,""Pets live on this property"",Dog(s),Heating,""Smoke Detector"",""Carbon Monoxide Detector""}","$150.00","$75.00",21,99,10,10,10,10,10,1.12,46
"1906",10252110,"f","Genesee",47.5649499449195,-122.397976902012,"House","Entire home/apt",8,3.5,4,4,"Real Bed","{TV,""Cable TV"",Internet,""Wireless Internet"",Kitchen,""Free Parking on Premises"",""Pets Allowed"",""Hot Tub"",""Indoor Fireplace"",Heating,""Family/Kid Friendly"",Washer,Dryer,""Smoke Detector"",""Carbon Monoxide Detector"",""First Aid Kit"",""Fire Extinguisher"",Essentials,Shampoo,Hangers,""Hair Dryer"",Iron,""Laptop Friendly Workspace""}","$375.00","$150.00",0,NA,NA,NA,NA,NA,NA,NA,39
"1907",5958674,"f","Genesee",47.567048161349,-122.386150647407,"House","Private room",2,1,1,1,"Real Bed","{TV,Internet,""Wireless Internet"",Kitchen,Breakfast,Washer,Dryer,""Smoke Detector"",""Carbon Monoxide Detector"",""First Aid Kit"",Essentials,Shampoo}","$56.00","",18,98,10,10,10,10,10,2.34,43
"1908",8307502,"f","Genesee",47.5683007261698,-122.376030013197,"House","Entire home/apt",6,2.5,3,3,"Real Bed","{TV,""Cable TV"",Internet,""Wireless Internet"",""Air Conditioning"",Kitchen,""Free Parking on Premises"",""Indoor Fireplace"",Heating,""Family/Kid Friendly"",""Suitable for Events"",Washer,Dryer,""Smoke Detector"",""Carbon Monoxide Detector"",""First Aid Kit"",""Fire Extinguisher"",Essentials,Shampoo}","$300.00","$175.00",6,100,9,10,10,10,10,1.82,56
"1909",5958194,"f","Genesee",47.567226922767,-122.385085672949,"House","Private room",1,1,1,1,"Real Bed","{Internet,""Wireless Internet"",Kitchen,Breakfast,Heating,Washer,Dryer,""Smoke Detector"",""Carbon Monoxide Detector"",""First Aid Kit"",Essentials}","$45.00","",25,98,10,10,10,10,10,3.15,44
"1910",4121334,"t","Genesee",47.5640185788934,-122.388855585984,"House","Entire home/apt",4,1.5,2,2,"Real Bed","{TV,""Cable TV"",Internet,""Wireless Internet"",Kitchen,""Free Parking on Premises"",""Pets Allowed"",""Indoor Fireplace"",Heating,""Family/Kid Friendly"",Washer,Dryer,""Smoke Detector"",""Carbon Monoxide Detector"",""Fire Extinguisher"",Essentials,Shampoo,""24-Hour Check-in"",Hangers,Iron,""Laptop Friendly Workspace""}","$110.00","$30.00",9,98,10,10,10,9,9,1.06,41
"1911",598023,"f","Genesee",47.5628011777683,-122.387054316004,"House","Private room",1,1,1,1,"Real Bed","{TV,""Cable TV"",Internet,""Wireless Internet"",Kitchen,""Free Parking on Premises"",""Pets live on this property"",Dog(s),""Indoor Fireplace"",Heating,Washer,Dryer,""Smoke Detector"",""Carbon Monoxide Detector"",""First Aid Kit"",""Fire Extinguisher"",Essentials}","$99.00","$30.00",8,98,10,10,10,10,9,0.27,43
"1912",6958603,"t","Interbay",47.6397233576709,-122.376422077637,"House","Private room",2,1,1,1,"Real Bed","{""Wireless Internet"",""Air Conditioning"",Heating,""Family/Kid Friendly"",""Smoke Detector"",Essentials,Shampoo}","$53.00","$25.00",26,96,10,10,10,9,9,4.36,196
"1913",7390195,"f","Interbay",47.6357729368541,-122.388619287493,"Apartment","Private room",2,1,1,1,"Real Bed","{TV,Internet,""Wireless Internet"",""Air Conditioning"",Kitchen,""Free Parking on Premises"",Heating,Washer,Dryer,""Smoke Detector"",""Carbon Monoxide Detector"",""First Aid Kit"",Essentials,Shampoo}","$75.00","$10.00",9,100,10,10,10,10,10,1.68,143
"1914",4271174,"f","Interbay",47.6370797091929,-122.386179133369,"House","Private room",2,1,1,1,"Real Bed","{TV,Internet,""Wireless Internet"",Kitchen,""Free Parking on Premises"",Heating,Washer,Dryer,""Smoke Detector"",""Carbon Monoxide Detector"",""First Aid Kit"",Essentials}","$75.00","$10.00",30,97,10,10,10,9,10,3.91,156
"1915",3237501,"f","Interbay",47.6350232779934,-122.389695458566,"House","Private room",1,2.5,1,1,"Real Bed","{""Wireless Internet"",""Air Conditioning"",Kitchen,""Free Parking on Premises"",Breakfast,""Pets live on this property"",Cat(s),Heating,""Smoke Detector"",""First Aid Kit"",""Fire Extinguisher"",Essentials}","$90.00","",15,100,10,10,10,10,10,0.78,136
"1916",6438013,"f","Interbay",47.6328852052026,-122.377169740224,"Loft","Entire home/apt",2,1,1,1,"Real Bed","{TV,""Cable TV"",Internet,""Wireless Internet"",""Air Conditioning"",""Wheelchair Accessible"",Kitchen,""Free Parking on Premises"",Gym,""Elevator in Building"",""Buzzer/Wireless Intercom"",Heating,""Family/Kid Friendly"",""Suitable for Events"",Washer,Dryer,""Smoke Detector"",""Carbon Monoxide Detector"",""First Aid Kit"",""Fire Extinguisher"",Essentials,Shampoo,""24-Hour Check-in"",Hangers,""Laptop Friendly Workspace""}","$69.00","$21.00",3,93,10,10,10,9,10,3,197
"1917",10309898,"f","Interbay",47.6473825359348,-122.378049281845,"Apartment","Entire home/apt",4,1,1,1,"Real Bed","{TV,Internet,""Wireless Internet"",Kitchen,""Free Parking on Premises"",Gym,""Elevator in Building"",Heating,""Family/Kid Friendly"",Washer,Dryer,""Smoke Detector"",Essentials,""24-Hour Check-in"",Hangers,Iron,""Laptop Friendly Workspace""}","$250.00","",0,NA,NA,NA,NA,NA,NA,NA,165
"1918",2134911,"f","Interbay",47.6611859665039,-122.385344176439,"Boat","Private room",1,1,1,1,"Real Bed","{TV,""Wireless Internet"",Kitchen,Breakfast,""Pets live on this property"",Cat(s),Heating,Washer,Dryer,""Fire Extinguisher"",Essentials}","$95.00","$20.00",5,92,9,7,9,8,10,0.27,136
"1919",5002964,"f","Interbay",47.6500623194915,-122.377384307651,"Apartment","Private room",2,1,1,1,"Real Bed","{TV,Internet,""Wireless Internet"",""Wheelchair Accessible"",Kitchen,""Free Parking on Premises"",Breakfast,""Pets live on this property"",Dog(s),Cat(s),""Indoor Fireplace"",""Buzzer/Wireless Intercom"",Heating,Washer,Dryer,""Smoke Detector"",""Carbon Monoxide Detector"",""First Aid Kit"",""Safety Card"",""Fire Extinguisher"",Essentials,Shampoo,""Lock on Bedroom Door"",""Laptop Friendly Workspace""}","$50.00","",1,80,10,10,10,10,10,1,163
"1920",6780615,"t","Interbay",47.6392002832255,-122.386615565384,"Apartment","Entire home/apt",4,1,1,1,"Real Bed","{TV,""Cable TV"",Internet,""Wireless Internet"",Kitchen,""Free Parking on Premises"",Heating,""Family/Kid Friendly"",Washer,Dryer,""Smoke Detector"",""Carbon Monoxide Detector"",""First Aid Kit"",""Safety Card"",""Fire Extinguisher"",Essentials,Shampoo}","$150.00","$40.00",12,97,10,10,10,9,9,2.05,148
"1921",2586642,"f","Interbay",47.642361949809,-122.377509333371,"House","Entire home/apt",4,1,2,2,"Real Bed","{TV,""Cable TV"",Internet,""Wireless Internet"",Kitchen,Breakfast,Heating,""Family/Kid Friendly"",Washer,Dryer,""Smoke Detector"",""Carbon Monoxide Detector"",""First Aid Kit"",""Fire Extinguisher"",Essentials,Shampoo}","$150.00","$75.00",22,89,9,10,9,8,9,1.15,174
"1922",9490093,"f","Interbay",47.6383427272878,-122.386192121998,"Condominium","Entire home/apt",2,1,1,1,"Real Bed","{TV,""Cable TV"",Internet,""Wireless Internet"",""Wheelchair Accessible"",Kitchen,""Free Parking on Premises"",""Elevator in Building"",""Buzzer/Wireless Intercom"",Heating,Washer,Dryer,""Smoke Detector"",""First Aid Kit"",""Fire Extinguisher"",Essentials,Shampoo,Iron,""Laptop Friendly Workspace""}","$150.00","",0,NA,NA,NA,NA,NA,NA,NA,150
"1923",1815472,"f","Industrial District",47.5957719993198,-122.327316045069,"Apartment","Entire home/apt",2,1,1,1,"Real Bed","{TV,""Cable TV"",""Wireless Internet"",Kitchen,Washer,Dryer,""Smoke Detector"",""Safety Card"",""Fire Extinguisher"",Essentials}","$150.00","",75,89,9,9,9,8,9,3.02,415
"1924",8566475,"f","Industrial District",47.5597785590347,-122.323603140282,"Loft","Shared room",4,1,1,1,"Real Bed","{Kitchen,Heating,""Smoke Detector"",""Fire Extinguisher"",Essentials,Shampoo}","$25.00","",0,NA,NA,NA,NA,NA,NA,NA,116
"1925",10205366,"f","Industrial District",47.5800069320078,-122.326628225473,"Camper/RV","Entire home/apt",4,0,0,2,"Real Bed","{""Smoke Detector"",""Carbon Monoxide Detector"",""First Aid Kit"",""Safety Card"",""Fire Extinguisher""}","$265.00","",0,NA,NA,NA,NA,NA,NA,NA,338
"1926",2919571,"f","Industrial District",47.5775896437578,-122.319565616396,"Loft","Entire home/apt",4,1,2,3,"Real Bed","{Internet,""Wireless Internet"",""Wheelchair Accessible"",Kitchen,""Free Parking on Premises"",""Elevator in Building"",Heating,""Family/Kid Friendly"",Washer,Dryer,""Smoke Detector"",""Carbon Monoxide Detector"",Essentials,Shampoo}","$320.00","",2,90,10,10,10,9,10,0.12,279
"1927",1484651,"f","Industrial District",47.5766874762103,-122.32192824617,"Other","Private room",4,2.5,1,2,"Real Bed","{TV,""Cable TV"",Internet,""Wireless Internet"",""Free Parking on Premises"",""Hot Tub"",""Indoor Fireplace"",Heating,""Family/Kid Friendly"",""Suitable for Events"",""Fire Extinguisher"",Essentials,Shampoo}","$150.00","",49,93,9,10,10,8,9,1.86,271
"1928",6327506,"t","Mid-Beacon Hill",47.554272310523,-122.312648667348,"Townhouse","Entire home/apt",2,1,1,1,"Real Bed","{TV,Internet,""Wireless Internet"",Kitchen,""Free Parking on Premises"",""Pets live on this property"",Dog(s),Cat(s),Heating,""Family/Kid Friendly"",""Smoke Detector"",""First Aid Kit"",""Safety Card"",""Fire Extinguisher"",Essentials,Shampoo,""Hair Dryer""}","$65.00","$30.00",33,99,10,10,10,9,10,4.95,107
"1929",3544964,"t","Mid-Beacon Hill",47.5429636728301,-122.28904717527,"House","Private room",2,1,1,1,"Real Bed","{TV,Internet,""Wireless Internet"",Kitchen,""Free Parking on Premises"",Heating,Washer,Dryer,""Smoke Detector"",Shampoo}","$45.00","",28,94,10,10,10,8,9,1.59,87
"1930",7763298,"f","Mid-Beacon Hill",47.5448277822773,-122.299627077338,"House","Private room",4,1,1,2,"Real Bed","{TV,Internet,""Wireless Internet"",Kitchen,""Free Parking on Premises"",""Hot Tub"",""Indoor Fireplace"",Heating,""Family/Kid Friendly"",Washer,Dryer,""Smoke Detector"",""Fire Extinguisher"",Shampoo}","$80.00","",20,97,10,10,10,9,10,4.14,97
"1931",5873892,"f","Mid-Beacon Hill",47.5444375784116,-122.30120029635,"House","Private room",2,1,1,1,"Real Bed","{Internet,""Wireless Internet"",Kitchen,""Free Parking on Premises"",""Pets Allowed"",""Hot Tub"",""Indoor Fireplace"",Heating,""Family/Kid Friendly"",Washer,Dryer,""Smoke Detector"",""Fire Extinguisher"",Essentials,Shampoo}","$50.00","",36,89,9,9,9,9,9,4.5,97
"1932",41401,"f","Mid-Beacon Hill",47.5603489767793,-122.314023190564,"House","Entire home/apt",4,1,1,2,"Real Bed","{TV,""Cable TV"",Internet,""Wireless Internet"",Kitchen,""Free Parking on Premises"",Heating,""Family/Kid Friendly"",Washer,Dryer,""Smoke Detector""}","$89.00","",26,96,10,10,10,9,9,0.4,123
"1933",6646985,"f","Mid-Beacon Hill",47.5608216418759,-122.295637246206,"House","Private room",1,2,1,1,"Real Bed","{""Wireless Internet"",Heating,Washer,Dryer,""Smoke Detector"",""Carbon Monoxide Detector"",""First Aid Kit"",""Fire Extinguisher"",Essentials,Shampoo}","$35.00","$10.00",49,93,10,10,10,9,9,6.93,105
"1934",3582883,"f","Mid-Beacon Hill",47.5607694174005,-122.29431480137,"House","Private room",2,2,1,1,"Real Bed","{Internet,""Wireless Internet"",Kitchen,Heating,Washer,Dryer,""Smoke Detector"",""Carbon Monoxide Detector"",""Fire Extinguisher"",Essentials,Shampoo}","$55.00","$10.00",93,91,9,10,9,9,9,5.28,103
"1935",6939472,"f","Mid-Beacon Hill",47.5610874873117,-122.296161096712,"House","Private room",1,2,1,1,"Real Bed","{""Wireless Internet"",Washer,Dryer,""Smoke Detector"",""Carbon Monoxide Detector"",""First Aid Kit"",""Fire Extinguisher"",Essentials,Shampoo}","$35.00","$10.00",44,93,10,10,9,9,10,6.91,105
"1936",4518037,"f","Mid-Beacon Hill",47.5520095188362,-122.305868918834,"House","Private room",1,1,1,1,"Real Bed","{Internet,""Wireless Internet"",""Free Parking on Premises"",""Pets live on this property"",Cat(s),Heating,Washer,Dryer,""Smoke Detector"",""Carbon Monoxide Detector"",""First Aid Kit"",""Fire Extinguisher"",Essentials,Shampoo}","$35.00","",34,94,10,10,10,9,10,2.46,103
"1937",3951768,"f","Mid-Beacon Hill",47.5572751030008,-122.313345303061,"House","Entire home/apt",2,1,1,1,"Real Bed","{TV,Internet,""Wireless Internet"",Kitchen,""Free Parking on Premises"",""Pets live on this property"",Heating,Washer,Dryer,""Smoke Detector"",""Carbon Monoxide Detector"",""First Aid Kit"",""Fire Extinguisher"",Essentials,Shampoo}","$58.00","$15.00",37,89,9,9,10,8,9,2.26,112
"1938",7007598,"f","Mid-Beacon Hill",47.5542155629413,-122.3086033571,"House","Entire home/apt",6,2.5,3,3,"Real Bed","{TV,""Cable TV"",Internet,""Wireless Internet"",Kitchen,""Free Parking on Premises"",Heating,""Family/Kid Friendly"",Washer,Dryer,""Smoke Detector"",Essentials}","$170.00","$125.00",5,92,10,10,10,8,10,0.93,106
"1939",7800238,"f","Mid-Beacon Hill",47.5570821642858,-122.309202966678,"Cabin","Entire home/apt",2,1,1,1,"Real Bed","{TV,""Cable TV"",Internet,""Wireless Internet"",Kitchen,""Free Parking on Premises"",Breakfast,""Pets live on this property"",Cat(s),Heating,Washer,Dryer,""Smoke Detector"",""Carbon Monoxide Detector"",""First Aid Kit"",""Fire Extinguisher"",Essentials,Shampoo,""24-Hour Check-in"",Hangers,""Hair Dryer"",""Laptop Friendly Workspace""}","$85.00","",18,99,10,10,10,10,10,6.92,107
"1940",4581256,"f","Mid-Beacon Hill",47.5445440667503,-122.301387070211,"House","Private room",1,1,1,1,"Real Bed","{Internet,""Wireless Internet"",Kitchen,""Free Parking on Premises"",""Hot Tub"",Heating,Washer,Dryer,""Smoke Detector"",""Fire Extinguisher"",Essentials,Shampoo}","$38.00","",27,89,10,9,9,9,9,2.1,97
"1941",4163851,"f","Mid-Beacon Hill",47.5536805465133,-122.317805032122,"House","Entire home/apt",3,2.5,2,2,"Real Bed","{TV,""Cable TV"",Internet,""Wireless Internet"",Kitchen,""Free Parking on Premises"",Breakfast,""Indoor Fireplace"",Heating,Washer,Dryer,""Smoke Detector"",""Carbon Monoxide Detector"",""Fire Extinguisher"",Essentials,Shampoo}","$104.00","$75.00",19,93,10,10,9,8,9,1.23,109
"1942",479653,"f","Mid-Beacon Hill",47.5556030385633,-122.300854537993,"House","Entire home/apt",10,2,4,7,"Real Bed","{TV,""Cable TV"",Internet,""Wheelchair Accessible"",Kitchen,""Free Parking on Premises"",""Pets Allowed"",""Indoor Fireplace"",Heating,""Family/Kid Friendly"",""Suitable for Events"",Washer,Dryer,""Smoke Detector"",""Carbon Monoxide Detector"",""First Aid Kit"",""Safety Card"",Essentials,Shampoo}","$150.00","$175.00",59,93,9,10,10,9,10,1.41,107
"1943",6647442,"f","Mid-Beacon Hill",47.5592011152574,-122.294479138917,"House","Private room",2,2,1,1,"Real Bed","{""Wireless Internet"",Heating,Washer,Dryer,Essentials,Shampoo}","$55.00","$10.00",41,93,10,10,9,9,9,6.21,100
"1944",7247518,"f","Mid-Beacon Hill",47.5555161974235,-122.303323170859,"House","Entire home/apt",2,1,1,1,"Real Bed","{TV,""Cable TV"",Internet,""Wireless Internet"",Kitchen,""Free Parking on Premises"",""Indoor Fireplace"",Heating,""Smoke Detector"",""First Aid Kit"",""Fire Extinguisher"",Essentials,Shampoo}","$130.00","$60.00",4,95,10,10,10,9,10,0.7,106
"1945",6831239,"f","Mid-Beacon Hill",47.542991403361,-122.299648120312,"House","Private room",1,1,1,1,"Real Bed","{TV,Internet,""Wireless Internet"",Kitchen,""Free Parking on Premises"",Breakfast,""Hot Tub"",""Indoor Fireplace"",Heating,""Family/Kid Friendly"",Washer,Dryer,""Smoke Detector"",""Fire Extinguisher"",Essentials,Shampoo}","$38.00","",9,91,10,9,9,9,10,1.89,95
"1946",108765,"t","Mid-Beacon Hill",47.552566318752,-122.304349644272,"Cabin","Entire home/apt",2,1,1,1,"Real Bed","{TV,""Wireless Internet"",""Free Parking on Premises"",""Pets live on this property"",Dog(s),Heating,""Smoke Detector"",""First Aid Kit"",""Fire Extinguisher"",Essentials,Shampoo,""Hair Dryer""}","$122.00","",35,99,10,10,10,10,10,0.63,104
"1947",8174943,"f","Mid-Beacon Hill",47.5438283377902,-122.302764784031,"House","Private room",2,1,1,1,"Real Bed","{Internet,""Wireless Internet"",Kitchen,""Free Parking on Premises"",Heating,""Family/Kid Friendly"",Washer,Dryer,""Smoke Detector"",""Carbon Monoxide Detector"",""First Aid Kit"",""Fire Extinguisher""}","$55.00","",4,100,10,10,10,10,10,1,97
"1948",6360895,"t","Mid-Beacon Hill",47.554018197636,-122.31755339608,"Apartment","Entire home/apt",6,1,3,3,"Real Bed","{Internet,""Wireless Internet"",""Free Parking on Premises"",Gym,Heating,""Family/Kid Friendly"",Washer,Dryer,""Smoke Detector"",""Safety Card"",""Fire Extinguisher"",Essentials,Shampoo,""24-Hour Check-in"",""Laptop Friendly Workspace""}","$109.00","",29,97,10,10,10,9,10,4.1,109
"1949",6363765,"f","Mid-Beacon Hill",47.5613757614869,-122.317410512586,"House","Entire home/apt",6,1,2,3,"Real Bed","{TV,""Cable TV"",Internet,""Wireless Internet"",Kitchen,""Free Parking on Premises"",""Pets Allowed"",""Indoor Fireplace"",Heating,""Family/Kid Friendly"",Washer,Dryer,""Smoke Detector"",""Carbon Monoxide Detector"",""First Aid Kit"",""Safety Card"",""Fire Extinguisher"",Essentials,Shampoo}","$199.00","$100.00",21,88,9,9,9,9,9,2.79,123
"1950",6183330,"f","Mid-Beacon Hill",47.5658340579664,-122.314923388908,"Cabin","Entire home/apt",4,1,1,2,"Real Bed","{TV,""Cable TV"",Internet,""Wireless Internet"",Kitchen,""Pets live on this property"",Dog(s),""Indoor Fireplace"",Heating,""Family/Kid Friendly"",""Smoke Detector"",""First Aid Kit"",""Fire Extinguisher"",Essentials,Shampoo}","$100.00","$50.00",16,95,10,10,10,10,10,3.29,163
"1951",2612025,"f","Mid-Beacon Hill",47.5521947306559,-122.30517740831,"House","Private room",2,1,1,2,"Real Bed","{TV,Internet,""Wireless Internet"",""Air Conditioning"",""Free Parking on Premises"",""Pets live on this property"",Cat(s),Heating,Washer,Dryer,""Smoke Detector"",""Carbon Monoxide Detector"",""First Aid Kit"",Essentials}","$45.00","$15.00",82,91,10,10,10,9,9,3.92,103
"1952",7630155,"f","Mid-Beacon Hill",47.5498693765849,-122.292549234559,"House","Private room",2,1,1,1,"Real Bed","{""Wireless Internet"",""Free Parking on Premises"",Breakfast,""Pets live on this property"",Cat(s),""Hot Tub"",Heating,""Suitable for Events"",Washer,Dryer,""Smoke Detector"",""Carbon Monoxide Detector"",""First Aid Kit"",""Safety Card"",""Fire Extinguisher"",Essentials,Shampoo,""Lock on Bedroom Door"",Hangers,""Hair Dryer"",Iron,""Laptop Friendly Workspace""}","$80.00","$25.00",2,100,10,10,10,10,10,0.49,97
"1953",8118346,"f","Mid-Beacon Hill",47.5553065904402,-122.303281264494,"House","Private room",1,1,1,1,"Real Bed","{TV,""Cable TV"",Internet,""Wireless Internet"",Kitchen,""Free Parking on Premises"",""Pets live on this property"",Dog(s),""Indoor Fireplace"",Washer,Dryer,""Smoke Detector"",""Carbon Monoxide Detector"",""First Aid Kit"",Essentials}","$80.00","",0,NA,NA,NA,NA,NA,NA,NA,106
"1954",6105021,"f","Mid-Beacon Hill",47.5476260261306,-122.304133718065,"Loft","Entire home/apt",2,1,0,1,"Real Bed","{TV,""Wireless Internet"",Kitchen,""Free Parking on Premises"",""Pets Allowed"",""Pets live on this property"",Dog(s),""Hot Tub"",Heating,""Family/Kid Friendly"",Washer,Dryer,""Smoke Detector"",""First Aid Kit"",""Fire Extinguisher"",Shampoo}","$99.00","",18,98,10,10,10,9,10,3.25,105
"1955",10299108,"f","Mid-Beacon Hill",47.5449854628863,-122.300899261847,"House","Private room",2,1,1,1,"Real Bed","{TV,""Wireless Internet"",Kitchen,""Free Parking on Premises"",""Pets Allowed"",""Hot Tub"",""Indoor Fireplace"",Heating,""Family/Kid Friendly"",Washer,Dryer,""Smoke Detector"",""Fire Extinguisher"",Essentials,Shampoo,""24-Hour Check-in"",Hangers,""Hair Dryer"",Iron}","$58.00","",0,NA,NA,NA,NA,NA,NA,NA,97
"1956",6626493,"t","Mid-Beacon Hill",47.5471235938744,-122.301394639792,"House","Entire home/apt",2,1,1,1,"Real Bed","{TV,""Wireless Internet"",Heating,""Smoke Detector"",""Carbon Monoxide Detector"",""First Aid Kit"",""Fire Extinguisher"",Essentials,Shampoo,""Lock on Bedroom Door""}","$69.00","$20.00",15,97,10,10,10,9,10,2.39,102
"1957",573942,"f","Mid-Beacon Hill",47.5494561114516,-122.316577415963,"Other","Private room",2,3,1,1,"Real Bed","{Internet,""Wireless Internet"",""Air Conditioning"",Kitchen,""Free Parking on Premises"",""Pets live on this property"",Dog(s),""Buzzer/Wireless Intercom"",Heating,""Smoke Detector"",""Fire Extinguisher""}","$65.00","$10.00",77,95,9,9,9,9,9,1.87,103
"1958",9314106,"f","South Beacon Hill",47.5461714904205,-122.308095326248,"House","Private room",2,1,1,1,"Real Bed","{""Cable TV"",Internet,""Wireless Internet"",Kitchen,""Free Parking on Premises"",""Indoor Fireplace"",Heating,""Family/Kid Friendly"",Washer,Dryer,""Smoke Detector"",""Carbon Monoxide Detector"",""Fire Extinguisher"",Shampoo}","$38.00","",0,NA,NA,NA,NA,NA,NA,NA,104
"1959",9814376,"f","South Beacon Hill",47.5352450568003,-122.284865469405,"Townhouse","Private room",2,1,1,1,"Real Bed","{""Wireless Internet"",""Free Parking on Premises"",Heating,""Family/Kid Friendly"",Washer,Dryer,""Smoke Detector"",""Fire Extinguisher"",Essentials,Shampoo,""Lock on Bedroom Door"",Hangers}","$60.00","$15.00",0,NA,NA,NA,NA,NA,NA,NA,79
"1960",9564093,"f","South Beacon Hill",47.532803137987,-122.289150359331,"House","Entire home/apt",2,1,1,1,"Real Bed","{TV,Internet,""Wireless Internet"",""Wheelchair Accessible"",""Free Parking on Premises"",Heating,""Family/Kid Friendly"",Washer,Dryer,""Smoke Detector"",Essentials,""24-Hour Check-in"",Hangers,Iron,""Laptop Friendly Workspace""}","$60.00","$10.00",3,87,9,10,10,8,9,3,80
"1961",1652107,"f","South Beacon Hill",47.5256615647152,-122.281155504594,"House","Entire home/apt",8,1,3,3,"Real Bed","{TV,Internet,""Wireless Internet"",Kitchen,""Free Parking on Premises"",""Pets Allowed"",""Indoor Fireplace"",Heating,""Family/Kid Friendly"",Washer,Dryer}","$175.00","$100.00",56,92,9,10,10,8,9,2.07,69
"1962",609252,"f","Greenwood",47.6986129648406,-122.363442379602,"House","Private room",4,NA,1,NA,"Real Bed","{}","$280.00","",0,NA,NA,NA,NA,NA,NA,NA,112
"1963",942490,"f","Greenwood",47.6893177395141,-122.365135517966,"House","Private room",5,1,1,2,"Real Bed","{""Wireless Internet"",""Free Parking on Premises"",""Pets live on this property"",Cat(s),Heating,""Family/Kid Friendly"",Washer,Dryer,""Smoke Detector"",""First Aid Kit"",Essentials,Shampoo,Hangers,""Hair Dryer"",Iron}","$80.00","",74,86,9,10,9,9,9,2.19,138
"1964",8653722,"f","Greenwood",47.6982098721886,-122.361719425878,"House","Entire home/apt",2,1,0,1,"Real Bed","{TV,Internet,""Wireless Internet"",Kitchen,""Pets Allowed"",""Pets live on this property"",Dog(s),Cat(s),Heating,""Smoke Detector"",""Carbon Monoxide Detector"",""Fire Extinguisher"",Essentials}","$85.00","$50.00",5,96,10,10,10,9,10,1.72,114
"1965",7562591,"f","Greenwood",47.6944440037263,-122.346594105692,"House","Entire home/apt",6,2,3,4,"Real Bed","{TV,""Cable TV"",Internet,""Wireless Internet"",""Air Conditioning"",Kitchen,""Free Parking on Premises"",Heating,Washer,Dryer,""Smoke Detector"",""Carbon Monoxide Detector"",Essentials,Shampoo}","$215.00","$160.00",1,100,10,10,10,10,10,0.25,143
"1966",9636238,"f","Greenwood",47.6902220042857,-122.354371205012,"Apartment","Entire home/apt",2,1,1,1,"Real Bed","{TV,""Cable TV"",Internet,Kitchen,Heating,Washer,Dryer,""Smoke Detector"",""Carbon Monoxide Detector"",Hangers,""Hair Dryer"",Iron}","$120.00","",0,NA,NA,NA,NA,NA,NA,NA,161
"1967",823989,"f","Greenwood",47.7048484900431,-122.344887395464,"Apartment","Entire home/apt",6,1,2,3,"Real Bed","{TV,""Cable TV"",Internet,""Wireless Internet"",Kitchen,""Free Parking on Premises"",Heating,Washer,Dryer}","$105.00","$30.00",55,92,9,9,9,8,9,1.51,101
"1968",7596934,"f","Greenwood",47.686443235757,-122.350047308956,"Bungalow","Entire home/apt",2,1,0,1,"Real Bed","{""Wireless Internet"",Kitchen,""Indoor Fireplace"",Heating,""Family/Kid Friendly"",""Smoke Detector"",""Carbon Monoxide Detector"",""Fire Extinguisher"",Essentials}","$90.00","$50.00",4,95,10,10,10,10,10,0.84,201
"1969",6832592,"f","Greenwood",47.6843865660946,-122.360869792695,"Apartment","Entire home/apt",6,1,2,3,"Real Bed","{TV,""Cable TV"",Internet,""Wireless Internet"",Kitchen,Heating,""Family/Kid Friendly"",""Smoke Detector"",""Carbon Monoxide Detector"",""First Aid Kit"",""Fire Extinguisher"",Essentials,Shampoo}","$125.00","$99.00",15,95,10,10,10,10,9,2.57,176
"1970",3922853,"t","Greenwood",47.6945743075743,-122.357959353509,"House","Entire home/apt",4,1,2,2,"Real Bed","{TV,""Cable TV"",Internet,""Wireless Internet"",""Air Conditioning"",Kitchen,""Free Parking on Premises"",""Smoking Allowed"",""Pets Allowed"",""Pets live on this property"",Cat(s),Heating,""Family/Kid Friendly"",""Suitable for Events"",Washer,Dryer,""Smoke Detector"",""Carbon Monoxide Detector"",""First Aid Kit"",""Fire Extinguisher"",Essentials,Shampoo}","$105.00","$75.00",14,99,10,10,10,10,10,1.06,133
"1971",9475641,"t","Greenwood",47.7029098011425,-122.36187337173,"House","Entire home/apt",6,2.5,3,3,"Real Bed","{""Wireless Internet"",Kitchen,""Free Parking on Premises"",""Pets Allowed"",""Indoor Fireplace"",Heating,""Family/Kid Friendly"",Washer,Dryer,""Smoke Detector"",""Carbon Monoxide Detector"",""Fire Extinguisher"",Essentials,Shampoo,""24-Hour Check-in"",Hangers,""Hair Dryer"",""Laptop Friendly Workspace""}","$98.00","$40.00",0,NA,NA,NA,NA,NA,NA,NA,87
"1972",8718936,"f","Greenwood",47.703412385409,-122.354803049578,"House","Private room",1,1,1,1,"Real Bed","{TV,Internet,""Wireless Internet"",Kitchen,""Free Parking on Premises"",""Pets live on this property"",Cat(s),""Other pet(s)"",Heating,Washer,Dryer,""Smoke Detector"",""Carbon Monoxide Detector"",""First Aid Kit"",""Fire Extinguisher"",Essentials,Hangers,Iron}","$44.00","$100.00",0,NA,NA,NA,NA,NA,NA,NA,89
"1973",9075558,"f","Greenwood",47.7004832365448,-122.346562231493,"House","Private room",2,1,1,1,"Real Bed","{TV,Internet,""Wireless Internet"",""Free Parking on Premises"",""Hot Tub"",Heating,Washer,Dryer,""Smoke Detector"",""First Aid Kit"",Essentials,Shampoo,""24-Hour Check-in""}","$34.00","",6,57,5,8,9,8,7,2.95,101
"1974",671828,"f","Greenwood",47.6910934857053,-122.364640020633,"House","Private room",1,2.5,1,1,"Real Bed","{""Wireless Internet"",Kitchen,Heating,Washer,Dryer}","$50.00","",0,NA,NA,NA,NA,NA,NA,NA,132
"1975",6660186,"t","Greenwood",47.689268637809,-122.354140437486,"House","Entire home/apt",2,1.5,1,1,"Real Bed","{""Wireless Internet"",Kitchen,""Pets live on this property"",Dog(s),Heating,Washer,Dryer,""Smoke Detector"",""Carbon Monoxide Detector"",""First Aid Kit"",""Fire Extinguisher"",Essentials,Shampoo}","$85.00","$35.00",16,95,10,10,10,10,9,2.31,167
"1976",716829,"f","Greenwood",47.6994193810047,-122.348312495722,"Chalet","Private room",1,NA,1,1,"Real Bed","{TV,""Free Parking on Premises"",""Pets live on this property"",Dog(s),Heating}","$62.00","$25.00",1,71,6,6,4,8,8,0.03,101
"1977",3916050,"f","Greenwood",47.6943076425281,-122.346735509309,"House","Private room",1,1,1,1,"Real Bed","{""Wireless Internet"",""Free Parking on Premises"",Heating,Washer,Dryer,""Smoke Detector"",Essentials}","$49.00","",39,86,8,9,9,9,8,2.35,145
"1978",2187906,"f","Greenwood",47.6946191565081,-122.360635702099,"House","Private room",2,0.5,1,1,"Real Bed","{""Wireless Internet"",Heating,""Smoke Detector"",""Carbon Monoxide Detector"",""First Aid Kit"",""Fire Extinguisher"",Essentials,Shampoo}","$50.00","",21,93,9,10,10,9,9,0.96,128
"1979",9091301,"f","Greenwood",47.6968414087107,-122.349080474568,"House","Private room",2,1,1,1,"Real Bed","{Internet,""Wireless Internet"",Kitchen,""Pets live on this property"",Dog(s),""Indoor Fireplace"",Heating,Washer,Dryer,Essentials,Shampoo,Hangers,""Laptop Friendly Workspace""}","$50.00","",3,87,10,10,10,9,9,1.3,112
"1980",9048584,"f","Greenwood",47.6983588046884,-122.349488460838,"House","Private room",2,1,1,1,"Real Bed","{""Wireless Internet"",Kitchen,""Pets live on this property"",Dog(s),Shampoo}","$70.00","$20.00",0,NA,NA,NA,NA,NA,NA,NA,101
"1981",7382368,"f","Greenwood",47.6949040015765,-122.361062797615,"House","Private room",2,1,1,1,"Real Bed","{TV,""Wireless Internet"",Kitchen,""Free Parking on Premises"",Heating,""Smoke Detector"",""Carbon Monoxide Detector"",""Fire Extinguisher"",Essentials}","$40.00","",1,100,10,10,10,10,10,0.32,127
"1982",5278993,"f","Greenwood",47.6923939134484,-122.353252897848,"Apartment","Private room",2,1,1,1,"Real Bed","{TV,Internet,""Wireless Internet"",Kitchen,""Free Parking on Premises"",Heating,""Smoke Detector"",""Carbon Monoxide Detector"",Shampoo}","$40.00","",1,100,NA,NA,NA,NA,NA,0.09,149
"1983",8717758,"f","Greenwood",47.7039188379515,-122.354429099017,"House","Private room",1,1,1,1,"Real Bed","{Internet,""Wireless Internet"",Kitchen,""Free Parking on Premises"",Breakfast,""Pets live on this property"",Cat(s),""Other pet(s)"",Heating,Washer,Dryer,""Smoke Detector"",""Carbon Monoxide Detector"",""First Aid Kit"",""Fire Extinguisher"",Essentials,Iron}","$38.00","$50.00",0,NA,NA,NA,NA,NA,NA,NA,88
"1984",10299195,"f","Greenwood",47.7018666105898,-122.34523645967,"House","Private room",1,1,1,1,"Real Bed","{Internet,""Wireless Internet"",Kitchen,""Hot Tub"",Heating,Washer,Dryer,""Smoke Detector"",""Carbon Monoxide Detector"",""First Aid Kit"",""Fire Extinguisher"",Essentials}","$26.00","$5.00",0,NA,NA,NA,NA,NA,NA,NA,99
"1985",7064681,"f","Greenwood",47.6931457453945,-122.362258829288,"Tent","Shared room",2,1,1,2,"Real Bed","{}","$25.00","",4,90,10,10,10,9,10,0.71,132
"1986",1935439,"f","Greenwood",47.7032990118853,-122.360732415264,"House","Private room",2,2,1,1,"Futon","{Kitchen,""Pets live on this property"",Cat(s),""Indoor Fireplace"",Heating,Washer,Dryer,""Smoke Detector"",""First Aid Kit"",""Fire Extinguisher""}","$49.00","$30.00",3,80,8,8,7,10,9,0.16,86
"1987",5931372,"f","Greenwood",47.7042818635825,-122.346218097787,"House","Entire home/apt",6,1.5,2,3,"Real Bed","{""Wireless Internet"",Kitchen,""Free Parking on Premises"",""Pets Allowed"",""Family/Kid Friendly"",Washer,Dryer,""Smoke Detector"",""Carbon Monoxide Detector"",Essentials}","$129.00","$35.00",12,80,8,9,9,8,9,1.37,96
"1988",1984692,"f","Greenwood",47.6863839687318,-122.345106229013,"House","Entire home/apt",5,2,2,2,"Real Bed","{Internet,""Wireless Internet"",Kitchen,""Free Parking on Premises"",Heating,""Family/Kid Friendly"",Washer,Dryer,Essentials,Shampoo}","$175.00","$80.00",5,100,10,10,10,9,10,0.27,204
"1989",4360604,"t","Greenwood",47.6940019869833,-122.359953187701,"House","Private room",2,1,1,2,"Real Bed","{TV,""Cable TV"",Internet,""Wireless Internet"",""Air Conditioning"",Kitchen,""Free Parking on Premises"",""Smoking Allowed"",""Pets Allowed"",Gym,""Pets live on this property"",Cat(s),Heating,""Family/Kid Friendly"",Washer,Dryer,""Smoke Detector"",""Carbon Monoxide Detector"",""First Aid Kit"",""Fire Extinguisher"",Essentials,Shampoo}","$42.00","$25.00",16,95,9,10,10,9,10,1.67,131
"1990",9712348,"f","Greenwood",47.6951063260368,-122.349616337903,"House","Entire home/apt",4,1.5,2,2,"Real Bed","{TV,""Cable TV"",Internet,""Wireless Internet"",Kitchen,""Free Parking on Premises"",""Pets live on this property"",Dog(s),""Indoor Fireplace"",Heating,""Family/Kid Friendly"",Washer,Dryer,""Smoke Detector"",""Carbon Monoxide Detector"",""First Aid Kit"",""Fire Extinguisher"",Essentials,Shampoo,""24-Hour Check-in"",Iron,""Laptop Friendly Workspace""}","$126.00","$100.00",0,NA,NA,NA,NA,NA,NA,NA,136
"1991",7151107,"f","Greenwood",47.6839650267662,-122.357925290732,"House","Entire home/apt",6,3.5,3,3,"Real Bed","{TV,""Wireless Internet"",Kitchen,""Indoor Fireplace"",Heating,""Family/Kid Friendly"",Washer,Dryer,""Smoke Detector"",""Carbon Monoxide Detector"",""Fire Extinguisher"",Essentials,Shampoo}","$299.00","$100.00",5,100,10,10,10,10,10,0.92,195
"1992",7935437,"f","Greenwood",47.6987440028946,-122.348346918123,"House","Private room",5,1,1,2,"Real Bed","{TV,""Cable TV"",Internet,""Wireless Internet"",Kitchen,""Free Parking on Premises"",""Pets live on this property"",Dog(s),""Indoor Fireplace"",Heating,""Family/Kid Friendly"",Washer,Dryer,""Smoke Detector"",""Carbon Monoxide Detector"",""First Aid Kit"",Essentials,Shampoo}","$99.00","$40.00",3,100,10,9,10,9,10,0.75,100
"1993",6364753,"f","Greenwood",47.691250462217,-122.361177567691,"House","Entire home/apt",4,1.5,2,2,"Real Bed","{TV,""Cable TV"",""Wireless Internet"",Kitchen,Heating,Washer,Dryer,Essentials}","$175.00","$100.00",4,100,10,10,10,10,10,0.6,139
"1994",7952032,"f","Greenwood",47.6910769051181,-122.356447915431,"Apartment","Entire home/apt",4,1,1,1,"Real Bed","{TV,""Cable TV"",Internet,""Wireless Internet"",Kitchen,""Free Parking on Premises"",""Elevator in Building"",Heating,""Family/Kid Friendly"",Washer,Dryer,""Smoke Detector"",""Carbon Monoxide Detector"",""First Aid Kit"",""Fire Extinguisher"",Essentials,Shampoo}","$125.00","$35.00",0,NA,NA,NA,NA,NA,NA,NA,148
"1995",6166307,"t","Greenwood",47.6925116371658,-122.3646622764,"Apartment","Entire home/apt",3,1,1,2,"Real Bed","{TV,""Cable TV"",""Wireless Internet"",Kitchen,""Free Parking on Premises"",Heating,""Family/Kid Friendly"",Washer,Dryer,""Smoke Detector"",""Carbon Monoxide Detector"",""First Aid Kit"",""Fire Extinguisher"",Essentials,Shampoo}","$120.00","$50.00",21,97,10,10,10,9,9,2.68,127
"1996",3282760,"f","Greenwood",47.6880597981011,-122.352016832029,"House","Private room",2,1,1,1,"Futon","{TV,""Wireless Internet""}","$42.00","",0,NA,NA,NA,NA,NA,NA,NA,179
"1997",6411259,"t","Greenwood",47.6855479493307,-122.351421351681,"House","Private room",2,1,1,1,"Real Bed","{TV,Internet,""Wireless Internet"",""Pets live on this property"",Dog(s),Cat(s),Heating,""Smoke Detector"",""Carbon Monoxide Detector"",Essentials,Shampoo}","$56.00","$25.00",31,94,9,10,10,10,9,4.41,202
"1998",670262,"f","Greenwood",47.6894201437844,-122.362742348306,"House","Private room",1,1,1,1,"Real Bed","{""Wireless Internet"",Kitchen,Heating,""Family/Kid Friendly"",Washer,Dryer}","$55.00","",2,100,10,10,10,10,9,0.06,143
"1999",8411663,"f","Greenwood",47.6984956445151,-122.346043929,"House","Private room",2,1.5,1,1,"Real Bed","{TV,Internet,""Wireless Internet"",Kitchen,""Indoor Fireplace"",Heating,""Family/Kid Friendly"",Washer,Dryer,""Smoke Detector"",""Carbon Monoxide Detector"",Essentials,Shampoo,""Lock on Bedroom Door""}","$55.00","$20.00",0,NA,NA,NA,NA,NA,NA,NA,104
"2000",6926511,"f","Greenwood",47.6866033033038,-122.348541322117,"House","Entire home/apt",6,2,2,2,"Real Bed","{TV,Internet,""Wireless Internet"",Kitchen,""Free Parking on Premises"",Breakfast,Heating,""Family/Kid Friendly"",Washer,Dryer,""Smoke Detector"",""Carbon Monoxide Detector"",""First Aid Kit"",""Safety Card"",""Fire Extinguisher"",Essentials,Shampoo}","$235.00","$60.00",7,100,10,10,10,10,10,1.14,199
"2001",9908591,"f","Greenwood",47.6947457540897,-122.358074247343,"Apartment","Entire home/apt",4,1,1,1,"Real Bed","{TV,Internet,""Wireless Internet"",Kitchen,""Free Parking on Premises"",""Pets live on this property"",Dog(s),Heating,""Family/Kid Friendly"",Washer,Dryer,""Smoke Detector"",""Carbon Monoxide Detector"",""First Aid Kit"",""Safety Card"",""Fire Extinguisher"",Essentials,Shampoo,""24-Hour Check-in"",Hangers,""Hair Dryer"",Iron}","$100.00","",2,100,NA,NA,NA,NA,NA,2,130
"2002",5640722,"t","Greenwood",47.6972246688467,-122.348761569186,"House","Private room",2,1,1,1,"Real Bed","{""Cable TV"",Internet,""Wireless Internet"",""Free Parking on Premises"",Gym,Heating,""Smoke Detector"",""First Aid Kit"",Essentials,Shampoo}","$60.00","$30.00",29,99,10,10,10,9,10,3.09,111
"2003",6701018,"f","Greenwood",47.704788928779,-122.346401950302,"Apartment","Entire home/apt",4,1,1,1,"Real Bed","{TV,Internet,""Wireless Internet"",Kitchen,""Free Parking on Premises"",""Pets Allowed"",""Pets live on this property"",Dog(s),Cat(s),""Indoor Fireplace"",""Buzzer/Wireless Intercom"",Heating,""Family/Kid Friendly"",Washer,Dryer,""Smoke Detector"",""Carbon Monoxide Detector"",""First Aid Kit"",""Fire Extinguisher"",Essentials,Shampoo}","$67.00","$125.00",21,84,9,10,9,7,9,3.07,94
"2004",3653575,"f","Greenwood",47.6939372346382,-122.363070529823,"House","Private room",4,1,1,1,"Real Bed","{TV,""Cable TV"",Internet,""Wireless Internet"",""Free Parking on Premises"",""Pets live on this property"",Dog(s),""Indoor Fireplace"",Heating,""Family/Kid Friendly"",Washer,Dryer,""Smoke Detector"",""Carbon Monoxide Detector"",""First Aid Kit"",""Fire Extinguisher"",Essentials,Shampoo}","$95.00","$50.00",26,97,10,10,10,10,10,1.47,128
"2005",7647221,"f","Greenwood",47.7017656524728,-122.354435350952,"Condominium","Entire home/apt",5,2,2,2,"Real Bed","{TV,Internet,""Wireless Internet"",Kitchen,""Free Parking on Premises"",""Elevator in Building"",""Indoor Fireplace"",""Buzzer/Wireless Intercom"",Heating,""Family/Kid Friendly"",Washer,Dryer,""Smoke Detector"",""Carbon Monoxide Detector"",""First Aid Kit"",""Fire Extinguisher"",Essentials,Shampoo,Hangers}","$115.00","$20.00",3,93,9,10,10,9,9,1.58,90
"2006",3637180,"f","Greenwood",47.6863505807689,-122.353156063296,"House","Private room",2,1,1,1,"Real Bed","{TV,Internet,""Wireless Internet"",Kitchen,""Free Parking on Premises"",Cat(s),Heating,Washer,Dryer,""Smoke Detector"",""Carbon Monoxide Detector"",""First Aid Kit"",""Fire Extinguisher"",Essentials,Shampoo}","$50.00","$20.00",58,95,10,10,10,9,10,3.26,190
"2007",6215199,"f","Greenwood",47.6986213639699,-122.346336125569,"House","Entire home/apt",6,2,3,4,"Real Bed","{TV,Internet,""Wireless Internet"",Kitchen,""Free Parking on Premises"",Heating,""Family/Kid Friendly"",Washer,Dryer,""Smoke Detector"",Essentials}","$199.00","",7,91,9,9,9,7,9,1.04,103
"2008",714043,"f","Greenwood",47.687965867341,-122.350055735974,"Apartment","Entire home/apt",3,1,1,1,"Real Bed","{TV,Internet,""Wireless Internet"",Kitchen,""Smoking Allowed"",""Pets Allowed"",""Pets live on this property"",Cat(s),""Indoor Fireplace"",Heating,""Family/Kid Friendly"",Washer,Dryer,""Smoke Detector"",""Fire Extinguisher"",Essentials,Shampoo}","$86.00","$80.00",36,96,9,10,10,9,9,0.91,183
"2009",3890990,"f","Greenwood",47.6998092871517,-122.355518471093,"House","Entire home/apt",7,1,2,4,"Real Bed","{TV,Internet,""Wireless Internet"",""Air Conditioning"",Kitchen,""Free Parking on Premises"",""Pets Allowed"",Heating,""Family/Kid Friendly"",Washer,Dryer,""Smoke Detector"",""First Aid Kit""}","$175.00","$100.00",57,91,9,10,10,9,9,3.43,98
"2010",4038347,"f","Greenwood",47.6957464276446,-122.345945158909,"House","Private room",1,1,1,1,"Real Bed","{Internet,""Wireless Internet"",""Free Parking on Premises"",Heating,Washer,Dryer,Essentials,Shampoo}","$55.00","",48,83,8,9,9,9,9,3.01,129
"2011",523883,"f","Greenwood",47.696674234682,-122.358512271579,"House","Private room",2,1,1,1,"Real Bed","{Internet,""Wireless Internet"",""Free Parking on Premises"",Heating,""Smoke Detector"",""Carbon Monoxide Detector"",Essentials,Shampoo}","$68.00","",49,93,10,10,10,9,9,1.16,123
"2012",4111954,"f","Greenwood",47.6847110328555,-122.354424291903,"Apartment","Entire home/apt",2,1,1,1,"Real Bed","{TV,""Wireless Internet"",Kitchen,""Free Parking on Premises"",""Buzzer/Wireless Intercom"",Heating,Washer,Dryer,""Smoke Detector"",Essentials,Shampoo}","$60.00","$30.00",11,95,9,10,10,10,9,0.82,203
"2013",4693488,"t","Greenwood",47.6840039375403,-122.353886789209,"Apartment","Entire home/apt",2,1,1,1,"Real Bed","{TV,""Wireless Internet"",Kitchen,""Pets live on this property"",Heating,""Family/Kid Friendly"",Washer,Dryer,""Smoke Detector"",""Carbon Monoxide Detector"",""Safety Card"",""Fire Extinguisher"",Essentials,Shampoo}","$90.00","$35.00",22,98,10,10,10,10,10,1.92,209
"2014",5127136,"t","Greenwood",47.6913726002784,-122.364049393459,"Townhouse","Entire home/apt",8,1.5,3,4,"Real Bed","{""Wireless Internet"",""Smoke Detector"",""Carbon Monoxide Detector"",Essentials,Shampoo,""24-Hour Check-in"",Hangers,""Hair Dryer"",Iron,""Laptop Friendly Workspace""}","$139.00","$100.00",43,98,10,10,10,9,10,4.94,133
"2015",7674720,"f","Greenwood",47.703946245659,-122.357570594986,"Condominium","Private room",2,1,1,1,"Real Bed","{Internet,""Wireless Internet"",Kitchen,Breakfast,""Pets live on this property"",Cat(s),""Elevator in Building"",""Buzzer/Wireless Intercom"",Heating,Washer,Dryer,""Smoke Detector"",""Carbon Monoxide Detector"",""First Aid Kit"",""Fire Extinguisher"",Essentials,Shampoo}","$51.00","$5.00",2,100,10,10,10,10,10,0.53,86
"2016",8028801,"f","Greenwood",47.6917739162142,-122.365675158238,"Apartment","Private room",2,1,1,1,"Real Bed","{TV,Internet,""Wireless Internet"",Kitchen,""Free Parking on Premises"",Heating,""Smoke Detector"",""Carbon Monoxide Detector"",""Fire Extinguisher"",Essentials}","$50.00","",14,94,9,10,10,10,10,3.62,126
"2017",9050781,"f","Greenwood",47.694931603522,-122.360011357035,"House","Entire home/apt",4,1,2,2,"Real Bed","{Internet,""Wireless Internet"",Kitchen,""Free Parking on Premises"",Heating,""Family/Kid Friendly"",Washer,Dryer,""Smoke Detector"",""Carbon Monoxide Detector"",""First Aid Kit"",""Safety Card"",""Fire Extinguisher"",Essentials,""24-Hour Check-in"",Hangers,""Hair Dryer""}","$115.00","$75.00",0,NA,NA,NA,NA,NA,NA,NA,127
"2018",178844,"f","Greenwood",47.6979613691623,-122.349007027622,"House","Entire home/apt",3,1,1,2,"Real Bed","{""Wireless Internet"",""Pets live on this property"",Dog(s),""Indoor Fireplace"",Washer,Dryer,Shampoo}","$80.00","$25.00",2,100,10,10,10,10,10,1.54,104
"2019",8034871,"f","Greenwood",47.7004810249038,-122.350892058929,"Apartment","Entire home/apt",2,1,1,1,"Real Bed","{TV,Internet,""Wireless Internet"",Kitchen,""Free Parking on Premises"",""Pets Allowed"",""Pets live on this property"",Cat(s),Heating,""Family/Kid Friendly"",Washer,Dryer,""Smoke Detector"",""Carbon Monoxide Detector"",""First Aid Kit"",""Safety Card"",""Fire Extinguisher"",Essentials,Shampoo}","$95.00","$20.00",6,100,10,10,10,9,10,1.51,97
"2020",3208330,"f","Greenwood",47.6844984426736,-122.365383151163,"House","Private room",2,2,1,1,"Real Bed","{Internet,""Wireless Internet"",Kitchen,""Free Parking on Premises"",Breakfast,Heating,""Family/Kid Friendly"",""Suitable for Events"",Washer,Dryer,""Smoke Detector"",""Carbon Monoxide Detector"",""First Aid Kit"",""Safety Card"",""Fire Extinguisher"",Essentials,Shampoo}","$85.00","$30.00",52,96,10,10,10,9,10,2.73,157
"2021",9492036,"f","Greenwood",47.692850993484,-122.356670543391,"Apartment","Entire home/apt",3,1,1,1,"Real Bed","{TV,Internet,""Wireless Internet"",""Elevator in Building"",Heating,""Family/Kid Friendly"",Washer,Dryer,""Smoke Detector"",""Carbon Monoxide Detector"",Essentials,Shampoo,Hangers,""Hair Dryer"",Iron}","$75.00","",0,NA,NA,NA,NA,NA,NA,NA,138
"2022",4863533,"f","Greenwood",47.6907273724811,-122.353305308321,"Apartment","Entire home/apt",5,1,2,6,"Real Bed","{TV,Internet,""Wireless Internet"",Kitchen,""Free Parking on Premises"",""Pets Allowed"",""Pets live on this property"",Dog(s),""Elevator in Building"",""Buzzer/Wireless Intercom"",Heating,""Family/Kid Friendly"",Washer,Dryer,""Smoke Detector"",""Carbon Monoxide Detector"",""First Aid Kit"",""Fire Extinguisher"",Essentials}","$100.00","",2,90,8,10,10,10,9,0.36,162
"2023",4360485,"t","Greenwood",47.6927478610674,-122.359756823265,"House","Private room",2,1,1,1,"Real Bed","{TV,""Cable TV"",Internet,""Wireless Internet"",""Air Conditioning"",Kitchen,""Free Parking on Premises"",""Smoking Allowed"",""Pets Allowed"",""Pets live on this property"",Cat(s),Heating,""Family/Kid Friendly"",""Suitable for Events"",Washer,Dryer,""Smoke Detector"",""Carbon Monoxide Detector"",""First Aid Kit"",""Fire Extinguisher"",Essentials,Shampoo}","$63.00","$50.00",16,96,9,10,10,10,10,1.54,135
"2024",8194286,"f","Greenwood",47.6969263355011,-122.352464584292,"House","Entire home/apt",4,1,2,1,"Real Bed","{TV,""Wireless Internet"",Kitchen,""Free Parking on Premises"",""Pets live on this property"",Cat(s),Heating,Washer,Dryer,""Smoke Detector"",""Carbon Monoxide Detector"",""Fire Extinguisher"",Essentials,Shampoo}","$100.00","",1,100,10,10,10,10,10,0.3,118
"2025",5524847,"f","Greenwood",47.6957677860129,-122.348207268859,"Apartment","Entire home/apt",5,1,2,3,"Real Bed","{TV,""Cable TV"",Internet,""Wireless Internet"",Kitchen,Heating,""Family/Kid Friendly"",Washer,Dryer,""Smoke Detector"",""Carbon Monoxide Detector"",""First Aid Kit"",""Safety Card"",""Fire Extinguisher"",Essentials,Shampoo}","$135.00","$95.00",20,91,10,10,10,9,9,2.26,123
"2026",9236814,"f","Greenwood",47.6869558627464,-122.364496973595,"House","Entire home/apt",4,2,2,2,"Real Bed","{TV,""Cable TV"",Internet,""Wireless Internet"",Kitchen,""Free Parking on Premises"",""Pets live on this property"",Cat(s),Heating,""Family/Kid Friendly"",Washer,Dryer,""Smoke Detector"",""Carbon Monoxide Detector"",""First Aid Kit"",""Fire Extinguisher"",Essentials}","$125.00","$60.00",0,NA,NA,NA,NA,NA,NA,NA,144
"2027",8483744,"f","Greenwood",47.6905741128698,-122.351628092053,"House","Entire home/apt",4,1,1,2,"Real Bed","{TV,""Cable TV"",Internet,""Wireless Internet"",Kitchen,""Free Parking on Premises"",""Pets Allowed"",""Pets live on this property"",Dog(s),Cat(s),Heating,""Family/Kid Friendly"",""Smoke Detector"",""Carbon Monoxide Detector"",""First Aid Kit"",""Fire Extinguisher"",Essentials,Shampoo}","$69.00","$50.00",1,80,10,10,10,10,10,1,170
"2028",609421,"f","Greenwood",47.6965616389188,-122.362750743632,"House","Private room",4,1,1,3,"Real Bed","{""Wireless Internet"",Kitchen,""Free Parking on Premises"",Heating,""Family/Kid Friendly"",Washer,Dryer,Essentials}","$280.00","$50.00",2,90,10,10,10,9,9,0.12,117
"2029",3543247,"t","Greenwood",47.6958530169628,-122.359356221732,"House","Entire home/apt",4,1,1,3,"Real Bed","{TV,""Wireless Internet"",Kitchen,""Free Parking on Premises"",""Pets Allowed"",""Pets live on this property"",""Hot Tub"",Heating,""Family/Kid Friendly"",Washer,Dryer,""Smoke Detector"",""Carbon Monoxide Detector"",""First Aid Kit"",""Fire Extinguisher"",Essentials,Shampoo}","$160.00","$60.00",58,100,10,10,10,10,10,4,125
"2030",4567243,"f","Greenwood",47.6925036412156,-122.352163405798,"House","Entire home/apt",4,1,1,2,"Real Bed","{TV,Internet,""Wireless Internet"",Kitchen,""Free Parking on Premises"",Heating,""Family/Kid Friendly"",Washer,Dryer,""Smoke Detector"",""Carbon Monoxide Detector"",""First Aid Kit"",Essentials,Shampoo}","$75.00","$50.00",2,100,10,10,10,10,10,0.16,153
"2031",749758,"f","Greenwood",47.6943081629593,-122.350684638534,"House","Entire home/apt",5,1,3,3,"Real Bed","{TV,""Cable TV"",""Wireless Internet"",Kitchen,""Free Parking on Premises"",""Pets Allowed"",""Indoor Fireplace"",Heating,""Family/Kid Friendly"",Washer,Dryer,""Smoke Detector""}","$98.00","",13,85,9,10,10,9,9,0.4,144
"2032",4854767,"f","Greenwood",47.6958400547062,-122.35667175232,"House","Entire home/apt",3,1,2,2,"Real Bed","{TV,Internet,""Wireless Internet"",Kitchen,""Free Parking on Premises"",Heating,Washer,Dryer,""Smoke Detector"",""First Aid Kit"",""Safety Card"",""Fire Extinguisher"",Essentials}","$109.00","$75.00",19,93,9,10,10,10,9,1.52,129
"2033",8129537,"f","Greenwood",47.69614721129,-122.34864331193,"House","Entire home/apt",5,1,3,3,"Real Bed","{TV,""Wireless Internet"",Kitchen,Heating,""Family/Kid Friendly"",Washer,Dryer,""Smoke Detector"",""Carbon Monoxide Detector"",""Fire Extinguisher"",Essentials}","$125.00","$100.00",0,NA,NA,NA,NA,NA,NA,NA,121
"2034",5014835,"f","Greenwood",47.6841228388045,-122.347025692774,"House","Entire home/apt",5,2,4,3,"Real Bed","{TV,Internet,""Wireless Internet"",""Air Conditioning"",Kitchen,""Free Parking on Premises"",Gym,""Indoor Fireplace"",Heating,""Family/Kid Friendly"",Washer,Dryer,""Smoke Detector"",""Carbon Monoxide Detector"",""Fire Extinguisher"",Essentials,Shampoo}","$225.00","$50.00",2,100,10,10,10,10,10,0.23,211
"2035",421168,"t","Greenwood",47.6992161482564,-122.350716020794,"Other","Private room",2,1,1,1,"Real Bed","{TV,Internet,""Wireless Internet"",""Free Parking on Premises"",Heating,""Smoke Detector"",Essentials,Shampoo}","$69.00","$10.00",209,96,10,10,10,9,10,4.91,100
"2036",58503,"f","Greenwood",47.6875270376981,-122.356081081514,"House","Entire home/apt",4,1,2,3,"Real Bed","{TV,""Cable TV"",Internet,""Wireless Internet"",""Free Parking on Premises"",""Pets live on this property"",Dog(s),Heating,""Family/Kid Friendly"",Washer,Dryer,""Smoke Detector"",""Carbon Monoxide Detector"",""First Aid Kit"",""Fire Extinguisher"",Essentials,Shampoo}","$75.00","",76,94,9,10,10,10,9,4.91,173
"2037",7881802,"f","Greenwood",47.6876578051694,-122.357524642743,"House","Entire home/apt",10,3,4,5,"Real Bed","{TV,Internet,""Wireless Internet"",Kitchen,""Free Parking on Premises"",Heating,""Family/Kid Friendly"",Washer,Dryer,""Smoke Detector"",""Carbon Monoxide Detector"",""Fire Extinguisher"",Essentials}","$300.00","$159.00",4,85,9,9,9,10,9,1.19,164
"2038",9562586,"f","Greenwood",47.6845893052826,-122.359320645064,"House","Private room",2,1,1,1,"Real Bed","{""Wireless Internet"",""Air Conditioning"",""Pets Allowed"",""Pets live on this property"",Dog(s),Heating,""Family/Kid Friendly"",Washer,Dryer,""Smoke Detector"",""First Aid Kit"",""Safety Card"",""Fire Extinguisher"",Essentials,""Lock on Bedroom Door"",Iron,""Laptop Friendly Workspace""}","$60.00","$40.00",0,NA,NA,NA,NA,NA,NA,NA,184
"2039",10340165,"f","Greenwood",47.7009501057835,-122.353220614218,"House","Private room",2,1,1,2,"Real Bed","{Internet,""Wireless Internet"",Kitchen,""Free Parking on Premises"",""Pets live on this property"",Cat(s),""Other pet(s)"",Heating,Washer,Dryer,Essentials,Iron}","$43.00","",0,NA,NA,NA,NA,NA,NA,NA,96
"2040",370361,"t","Greenwood",47.6834831487184,-122.357053886678,"House","Private room",2,1,1,1,"Real Bed","{TV,""Cable TV"",Internet,""Wireless Internet"",""Air Conditioning"",""Free Parking on Premises"",Heating,""Smoke Detector"",""Carbon Monoxide Detector"",Essentials,""Lock on Bedroom Door"",Hangers,""Hair Dryer""}","$85.00","$50.00",113,98,10,10,10,10,10,2.47,198
"2041",3753645,"f","Greenwood",47.7030467070973,-122.36276407284,"Townhouse","Private room",2,1,1,1,"Pull-out Sofa","{TV,""Wireless Internet"",Kitchen,""Free Parking on Premises"",Heating,""Family/Kid Friendly"",Washer,Dryer,""Smoke Detector"",""Carbon Monoxide Detector"",""Fire Extinguisher"",Essentials,Shampoo,""24-Hour Check-in"",Hangers,""Laptop Friendly Workspace""}","$110.00","",0,NA,NA,NA,NA,NA,NA,NA,87
"2042",3535171,"f","Greenwood",47.6879658817374,-122.352904949778,"House","Private room",2,1,1,1,"Real Bed","{TV,Internet,""Wireless Internet"",Kitchen,""Free Parking on Premises"",Heating,Washer,Dryer,""Smoke Detector"",""Carbon Monoxide Detector"",""First Aid Kit"",""Fire Extinguisher"",Essentials,Shampoo,""Lock on Bedroom Door"",""24-Hour Check-in""}","$52.00","$20.00",44,95,10,10,10,10,10,2.47,179
"2043",2037250,"t","Greenwood",47.6846490845931,-122.357716198733,"House","Private room",2,1,1,1,"Real Bed","{Internet,""Wireless Internet"",Kitchen,Heating,Washer,Dryer,Essentials}","$100.00","$50.00",23,97,10,10,10,10,9,1.03,194
"2044",2605975,"f","Greenwood",47.6894056332231,-122.348126472332,"House","Private room",1,1,1,1,"Real Bed","{""Wireless Internet"",Kitchen,""Smoking Allowed"",""Pets live on this property"",Dog(s),Cat(s),""Indoor Fireplace"",Heating,Washer,Dryer,""Smoke Detector"",""Carbon Monoxide Detector"",""First Aid Kit"",""Fire Extinguisher"",Essentials,Shampoo}","$50.00","$10.00",52,89,9,10,9,9,9,2.73,178
"2045",4825472,"f","Greenwood",47.6852691610352,-122.365503503403,"House","Private room",2,1,1,1,"Real Bed","{Kitchen,Heating,""Smoke Detector"",""Carbon Monoxide Detector"",""First Aid Kit"",""Fire Extinguisher"",Essentials}","$35.00","$50.00",15,89,9,10,10,9,9,2.15,150
"2046",5500398,"f","Greenwood",47.6997192912348,-122.345088645484,"House","Private room",2,1,1,1,"Real Bed","{Internet,""Wireless Internet"",""Free Parking on Premises"",Heating,""Smoke Detector"",""Carbon Monoxide Detector"",Essentials,Shampoo}","$66.00","$20.00",24,94,10,9,9,9,10,2.59,103
"2047",587584,"f","Greenwood",47.6877821423936,-122.348596091332,"House","Entire home/apt",4,1,2,2,"Real Bed","{TV,""Cable TV"",""Wireless Internet"",Kitchen,""Smoking Allowed"",Heating,""Family/Kid Friendly"",Washer,Dryer,""Smoke Detector"",""Carbon Monoxide Detector"",""Fire Extinguisher"",Essentials,Shampoo,""24-Hour Check-in"",Hangers,""Laptop Friendly Workspace""}","$99.00","$80.00",11,100,9,10,10,9,9,0.26,189
"2048",1220816,"f","Greenwood",47.68554620931,-122.363262016146,"House","Entire home/apt",7,1,2,3,"Real Bed","{TV,""Cable TV"",Internet,""Wireless Internet"",Kitchen,""Free Parking on Premises"",Heating,""Family/Kid Friendly"",Washer,Dryer,""Smoke Detector"",""Fire Extinguisher"",Essentials,Shampoo}","$89.00","$45.00",56,90,10,10,10,9,9,1.91,155
"2049",354453,"f","Greenwood",47.6998556897009,-122.348116680054,"House","Entire home/apt",4,NA,2,4,"Real Bed","{""Wireless Internet"",""Smoke Detector"",""Carbon Monoxide Detector"",""First Aid Kit"",""Fire Extinguisher""}","$150.00","$50.00",0,NA,NA,NA,NA,NA,NA,NA,101
"2050",9576550,"f","Greenwood",47.6938601956879,-122.350493682826,"Apartment","Entire home/apt",1,1,1,1,"Real Bed","{Kitchen,""Pets Allowed"",""Pets live on this property"",Dog(s),Heating,Washer,Dryer,""Smoke Detector"",Essentials}","$90.00","",0,NA,NA,NA,NA,NA,NA,NA,149
"2051",3793790,"t","Holly Park",47.5417559132244,-122.289289127229,"House","Private room",2,1,1,1,"Real Bed","{TV,""Wireless Internet"",Kitchen,""Free Parking on Premises"",""Pets Allowed"",Breakfast,""Pets live on this property"",Dog(s),Heating,""Family/Kid Friendly"",Washer,Dryer,""Smoke Detector"",""Fire Extinguisher"",Essentials,Shampoo}","$45.00","",39,97,10,10,10,9,10,2.3,87
"2052",9013210,"f","Holly Park",47.5429073428508,-122.296683153617,"House","Private room",2,1.5,1,1,"Real Bed","{Internet,""Wireless Internet"",Kitchen,""Free Parking on Premises"",""Pets live on this property"",Dog(s),Heating,Washer,Dryer,Essentials,Shampoo,Hangers,""Hair Dryer"",Iron,""Laptop Friendly Workspace""}","$60.00","",3,100,10,10,10,9,10,1.25,91
"2053",9863457,"f","Holly Park",47.536681123298,-122.286115865168,"Townhouse","Private room",2,1,1,1,"Real Bed","{""Wireless Internet"",""Free Parking on Premises"",""Hot Tub"",Heating,""Family/Kid Friendly"",Washer,Dryer,""Smoke Detector"",""Fire Extinguisher"",Essentials,Shampoo,""Lock on Bedroom Door"",Hangers,""Hair Dryer""}","$50.00","$15.00",0,NA,NA,NA,NA,NA,NA,NA,82
"2054",23356,"f","Holly Park",47.5342764028844,-122.28160623445,"House","Entire home/apt",10,2,3,3,"Real Bed","{""Cable TV"",""Wireless Internet"",""Air Conditioning"",Kitchen,Heating}","$215.00","",6,83,9,10,9,7,8,0.1,79
"2055",6425537,"f","Holly Park",47.5369958908573,-122.281307859413,"Apartment","Entire home/apt",2,1,0,1,"Real Bed","{TV,Internet,""Wireless Internet"",Kitchen,""Free Parking on Premises"",Gym,""Elevator in Building"",""Hot Tub"",Heating,""Family/Kid Friendly"",Washer,Dryer,""Smoke Detector"",Essentials,Shampoo}","$138.00","",11,88,8,10,10,9,9,1.56,79
"2056",7921453,"f","Holly Park",47.5390354914416,-122.294243281019,"Camper/RV","Entire home/apt",4,1,0,2,"Real Bed","{}","$375.00","",0,NA,NA,NA,NA,NA,NA,NA,85
"2057",8634897,"f","Fauntleroy",47.5150121414797,-122.395550608026,"House","Entire home/apt",6,2.5,3,3,"Real Bed","{TV,""Cable TV"",Internet,""Wireless Internet"",Kitchen,""Free Parking on Premises"",""Indoor Fireplace"",""Buzzer/Wireless Intercom"",Heating,Washer,Dryer,Essentials,Shampoo}","$270.00","$55.00",6,100,10,10,10,10,10,2.09,12
"2058",3604931,"f","Fauntleroy",47.5203940107188,-122.389285315116,"House","Entire home/apt",9,4,5,5,"Real Bed","{TV,""Cable TV"",Internet,""Wireless Internet"",""Air Conditioning"",Kitchen,""Free Parking on Premises"",""Indoor Fireplace"",Heating,""Family/Kid Friendly"",Washer,Dryer,""Smoke Detector"",""Carbon Monoxide Detector"",""Fire Extinguisher"",Essentials,Shampoo}","$495.00","$150.00",2,100,10,10,10,10,10,0.24,18
"2059",6937492,"t","Fauntleroy",47.5186240910051,-122.386370403429,"House","Entire home/apt",4,1.5,2,3,"Real Bed","{TV,""Cable TV"",Internet,""Wireless Internet"",Kitchen,""Free Parking on Premises"",""Pets Allowed"",Heating,""Family/Kid Friendly"",Washer,Dryer,""Smoke Detector"",""Carbon Monoxide Detector"",""First Aid Kit"",""Fire Extinguisher"",Essentials,Shampoo,Hangers,""Laptop Friendly Workspace""}","$165.00","$75.00",14,91,10,10,10,10,10,2.46,18
"2060",1048798,"t","Fauntleroy",47.5267891403807,-122.383461750788,"House","Entire home/apt",4,2,1,2,"Real Bed","{TV,""Cable TV"",Internet,""Wireless Internet"",""Air Conditioning"",Kitchen,""Free Parking on Premises"",""Indoor Fireplace"",Heating,""Family/Kid Friendly"",Washer,Dryer,""Smoke Detector"",""Carbon Monoxide Detector"",""Safety Card"",""Fire Extinguisher"",Essentials,Shampoo,""24-Hour Check-in"",Hangers,""Hair Dryer"",Iron,""Laptop Friendly Workspace""}","$129.00","$100.00",106,99,10,10,10,10,10,3.23,30
"2061",613020,"t","Fauntleroy",47.5185521870045,-122.391188202738,"House","Private room",2,1,1,2,"Real Bed","{""Cable TV"",""Wireless Internet"",""Free Parking on Premises"",Heating,""Smoke Detector"",""Carbon Monoxide Detector"",""First Aid Kit"",""Fire Extinguisher"",Essentials,Shampoo}","$75.00","$10.00",105,97,10,10,10,10,10,2.51,18
"2062",9109293,"f","Fauntleroy",47.5146803162047,-122.393967809127,"Apartment","Private room",2,1,1,1,"Real Bed","{TV,""Cable TV"",Internet,""Wireless Internet"",""Free Parking on Premises"",""Indoor Fireplace"",Heating,Washer,Dryer,""Smoke Detector"",""Carbon Monoxide Detector"",""First Aid Kit"",""Fire Extinguisher"",Essentials,Shampoo,Hangers,""Hair Dryer"",Iron,""Laptop Friendly Workspace""}","$80.00","",0,NA,NA,NA,NA,NA,NA,NA,13
"2063",6215943,"f","Fauntleroy",47.5183907650044,-122.388489365626,"House","Entire home/apt",7,1.5,3,4,"Real Bed","{TV,""Wireless Internet"",Kitchen,""Free Parking on Premises"",Heating,""Family/Kid Friendly"",Washer,Dryer,""Smoke Detector"",""Carbon Monoxide Detector"",""First Aid Kit"",""Fire Extinguisher"",Essentials,Shampoo}","$177.00","$100.00",7,90,9,10,9,9,10,0.99,18
"2064",4069543,"t","Fauntleroy",47.5321281552528,-122.390784634462,"House","Private room",5,1.5,1,2,"Real Bed","{TV,Internet,""Wireless Internet"",Kitchen,""Free Parking on Premises"",""Pets Allowed"",""Indoor Fireplace"",Heating,""Family/Kid Friendly"",Washer,Dryer,""Smoke Detector"",""Carbon Monoxide Detector"",""First Aid Kit"",""Safety Card"",""Fire Extinguisher"",Essentials,Shampoo}","$85.00","",67,98,10,10,10,10,10,4.17,32
"2065",3986788,"f","Fauntleroy",47.5254757343345,-122.388547805985,"Apartment","Entire home/apt",2,1,1,1,"Real Bed","{""Cable TV"",Internet,""Wireless Internet"",Kitchen,""Free Parking on Premises"",""Pets live on this property"",Cat(s),""Indoor Fireplace"",Heating,Washer,Dryer,""Smoke Detector"",""Carbon Monoxide Detector"",""Fire Extinguisher"",Essentials,Shampoo}","$87.00","$35.00",6,90,10,9,9,10,10,1.06,26
"2066",3968416,"t","Fauntleroy",47.5248087874,-122.387224022761,"House","Private room",2,1,1,1,"Real Bed","{TV,""Cable TV"",Internet,""Wireless Internet"",Kitchen,""Free Parking on Premises"",""Pets live on this property"",Cat(s),""Other pet(s)"",Heating,""Family/Kid Friendly"",Washer,Dryer,""Smoke Detector"",""Carbon Monoxide Detector"",""First Aid Kit"",""Fire Extinguisher"",Essentials,Shampoo}","$78.00","",31,100,10,10,10,10,10,1.89,24
"2067",1806899,"t","North Beacon Hill",47.5846827525459,-122.311572039151,"House","Private room",2,1.5,1,1,"Real Bed","{TV,Internet,""Wireless Internet"",Kitchen,""Free Parking on Premises"",""Pets live on this property"",Dog(s),""Indoor Fireplace"",Heating,Washer,Dryer,""Smoke Detector""}","$60.00","",70,96,10,10,10,9,10,3.39,343
"2068",6168769,"f","North Beacon Hill",47.5798248562993,-122.306879760469,"House","Private room",2,1,1,1,"Real Bed","{TV,""Cable TV"",Internet,""Wireless Internet"",""Free Parking on Premises"",Heating,""Family/Kid Friendly"",""Smoke Detector"",""Carbon Monoxide Detector"",""First Aid Kit"",""Safety Card"",""Fire Extinguisher"",Essentials,Shampoo}","$80.00","$25.00",4,100,10,10,10,10,10,1.12,301
"2069",8187592,"f","North Beacon Hill",47.5859417720306,-122.314046107553,"Townhouse","Entire home/apt",4,2.5,2,2,"Real Bed","{TV,Internet,""Wireless Internet"",Kitchen,""Free Parking on Premises"",Heating,""Family/Kid Friendly"",Washer,Dryer,""Smoke Detector"",""Carbon Monoxide Detector"",""Fire Extinguisher"",Essentials,Shampoo}","$180.00","$80.00",2,100,10,10,10,10,10,0.6,366
"2070",1925661,"f","North Beacon Hill",47.5777946964874,-122.302581301746,"House","Private room",2,1,1,1,"Real Bed","{TV,Internet,""Wireless Internet"",""Free Parking on Premises"",""Pets live on this property"",Heating,""Smoke Detector"",""Carbon Monoxide Detector"",""First Aid Kit"",""Safety Card"",""Fire Extinguisher"",Essentials,Shampoo}","$39.00","$35.00",23,96,10,10,10,9,9,1.18,234
"2071",4760968,"t","North Beacon Hill",47.5787846625897,-122.30795585641,"House","Private room",2,1,1,1,"Futon","{Internet,""Wireless Internet"",Kitchen,""Free Parking on Premises"",Heating,Washer,Dryer,""Smoke Detector"",""Carbon Monoxide Detector"",""First Aid Kit"",""Fire Extinguisher"",Essentials}","$60.00","$5.00",64,98,10,10,10,10,10,4.91,268
"2072",3953365,"f","North Beacon Hill",47.5774723528941,-122.303080379659,"House","Private room",1,1,1,1,"Real Bed","{TV,""Cable TV"",Internet,""Wireless Internet"",""Air Conditioning"",Kitchen,""Free Parking on Premises"",""Smoking Allowed"",Breakfast,""Indoor Fireplace"",Heating,Washer,Dryer,""Smoke Detector"",""Carbon Monoxide Detector"",""First Aid Kit"",""Safety Card"",""Fire Extinguisher"",Essentials,Shampoo,""Lock on Bedroom Door"",""24-Hour Check-in"",Hangers,""Hair Dryer"",Iron,""Laptop Friendly Workspace""}","$42.00","",57,96,10,10,10,9,9,3.44,231
"2073",4909327,"t","North Beacon Hill",47.5862323246718,-122.314806230402,"House","Private room",2,1.5,1,1,"Real Bed","{TV,Internet,""Wireless Internet"",Kitchen,""Free Parking on Premises"",""Buzzer/Wireless Intercom"",Heating,""Family/Kid Friendly"",Washer,Dryer,""Smoke Detector"",""Carbon Monoxide Detector"",""First Aid Kit"",""Safety Card"",""Fire Extinguisher"",Essentials,Shampoo}","$126.00","$50.00",14,97,10,10,10,9,10,2.05,366
"2074",7828509,"f","North Beacon Hill",47.5790201272986,-122.315743198936,"Apartment","Private room",1,1,1,1,"Real Bed","{Internet,""Wireless Internet"",Kitchen,""Pets live on this property"",Heating,""First Aid Kit"",""Fire Extinguisher""}","$60.00","",1,100,8,10,10,10,8,0.35,315
"2075",4903296,"f","North Beacon Hill",47.5882662131171,-122.308486156677,"House","Private room",2,1,1,1,"Real Bed","{TV,Internet,""Wireless Internet"",""Wheelchair Accessible"",""Free Parking on Premises"",Heating,""Smoke Detector"",""Carbon Monoxide Detector""}","$99.00","",0,NA,NA,NA,NA,NA,NA,NA,357
"2076",1323634,"f","North Beacon Hill",47.5756677245451,-122.303316941235,"House","Private room",3,2,1,2,"Real Bed","{TV,""Cable TV"",Internet,""Wireless Internet"",Kitchen,""Free Parking on Premises"",""Pets Allowed"",Heating,""Family/Kid Friendly"",Washer,Dryer,""Smoke Detector"",""First Aid Kit"",""Safety Card"",""Fire Extinguisher""}","$89.00","$40.00",1,100,10,10,10,10,10,0.04,216
"2077",571640,"f","North Beacon Hill",47.5761862933775,-122.30386721433,"House","Private room",3,1,1,2,"Real Bed","{TV,""Cable TV"",Internet,""Wireless Internet"",Kitchen,""Free Parking on Premises"",""Pets Allowed"",""Buzzer/Wireless Intercom"",Heating,""Family/Kid Friendly"",Washer,Dryer,""Smoke Detector"",""First Aid Kit"",""Safety Card"",""Fire Extinguisher""}","$79.00","$40.00",7,90,9,10,10,8,9,0.17,224
"2078",613151,"f","North Beacon Hill",47.5760851462238,-122.304027145247,"House","Private room",6,1,1,4,"Real Bed","{TV,""Cable TV"",Internet,""Wireless Internet"",Kitchen,""Free Parking on Premises"",""Pets Allowed"",""Buzzer/Wireless Intercom"",Heating,""Family/Kid Friendly"",Washer,Dryer,""Smoke Detector"",""First Aid Kit"",""Fire Extinguisher""}","$169.00","$65.00",4,87,7,6,6,7,7,0.1,223
"2079",278192,"f","North Beacon Hill",47.5774148247165,-122.302299607617,"House","Private room",3,1,1,3,"Real Bed","{TV,""Cable TV"",Internet,""Wireless Internet"",Kitchen,""Free Parking on Premises"",""Pets Allowed"",Heating,""Family/Kid Friendly"",Washer,Dryer,""Smoke Detector"",""First Aid Kit"",""Safety Card"",""Fire Extinguisher""}","$79.00","$50.00",14,95,8,10,10,8,9,0.3,229
"2080",571651,"f","North Beacon Hill",47.5777872605284,-122.302790796235,"House","Private room",2,1,1,1,"Real Bed","{TV,""Cable TV"",Internet,""Wireless Internet"",Kitchen,""Free Parking on Premises"",Heating,""Family/Kid Friendly"",Washer,Dryer,""Smoke Detector"",""First Aid Kit"",""Fire Extinguisher""}","$69.00","$35.00",4,86,8,10,10,8,8,0.16,233
"2081",7883181,"f","North Beacon Hill",47.5814563649047,-122.315378951861,"House","Private room",1,1,1,1,"Real Bed","{Internet,""Wireless Internet"",Kitchen,""Free Parking on Premises"",""Pets live on this property"",Cat(s),Heating,Washer,Dryer,""Smoke Detector"",""Carbon Monoxide Detector"",""Fire Extinguisher"",Shampoo}","$60.00","",4,90,9,10,10,9,9,0.96,338
"2082",7718139,"f","North Beacon Hill",47.5773878297706,-122.304361367077,"Tent","Entire home/apt",4,0.5,1,2,"Real Bed","{""Wireless Internet"",""Free Parking on Premises"",""Smoking Allowed"",""Pets Allowed"",""Pets live on this property"",Dog(s),""Hot Tub"",""Family/Kid Friendly"",""Fire Extinguisher"",Shampoo}","$65.00","",4,100,10,10,10,10,9,0.79,231
"2083",6572501,"f","North Beacon Hill",47.5780598921527,-122.314009728676,"Townhouse","Entire home/apt",4,2,2,2,"Real Bed","{TV,""Cable TV"",Internet,""Wireless Internet"",Kitchen,""Free Parking on Premises"",""Pets live on this property"",Dog(s),""Indoor Fireplace"",Heating,""Family/Kid Friendly"",Washer,Dryer,""Smoke Detector"",""Carbon Monoxide Detector"",""First Aid Kit"",""Fire Extinguisher"",Essentials,Shampoo,""24-Hour Check-in"",Hangers,""Hair Dryer"",""Laptop Friendly Workspace""}","$260.00","$100.00",0,NA,NA,NA,NA,NA,NA,NA,281
"2084",4668327,"t","North Beacon Hill",47.578412585057,-122.315794031626,"House","Entire home/apt",2,1.5,1,1,"Real Bed","{TV,Internet,""Wireless Internet"",Kitchen,""Free Parking on Premises"",""Pets Allowed"",""Pets live on this property"",Dog(s),""Indoor Fireplace"",Heating,Washer,Dryer,""Smoke Detector"",""First Aid Kit"",Essentials,Shampoo}","$100.00","$35.00",18,91,9,10,9,9,9,2.41,297
"2085",7636185,"f","North Beacon Hill",47.5728761565045,-122.30987722082,"House","Entire home/apt",3,1,0,1,"Real Bed","{TV,""Cable TV"",Internet,""Wireless Internet"",""Air Conditioning"",Kitchen,Breakfast,Heating,""Family/Kid Friendly"",""Smoke Detector"",""Carbon Monoxide Detector"",""First Aid Kit"",""Fire Extinguisher"",Essentials,Shampoo,""24-Hour Check-in"",Hangers,""Hair Dryer"",Iron,""Laptop Friendly Workspace""}","$90.00","$50.00",24,98,10,10,10,9,10,5.9,217
"2086",6421243,"f","North Beacon Hill",47.5727489427566,-122.307432496748,"Apartment","Entire home/apt",2,1,1,1,"Real Bed","{TV,Kitchen,""Free Parking on Premises"",Heating,Washer,Dryer,""Smoke Detector"",""Carbon Monoxide Detector"",""Fire Extinguisher""}","$59.00","$70.00",14,86,10,10,10,9,8,2.03,212
"2087",5580773,"f","North Beacon Hill",47.5801698338659,-122.311727888156,"Apartment","Entire home/apt",3,1,2,2,"Real Bed","{TV,""Wireless Internet"",Kitchen,""Free Parking on Premises"",Heating,""Family/Kid Friendly"",Washer,Dryer,""Smoke Detector"",Essentials}","$70.00","$30.00",8,91,9,10,10,10,10,1.07,323
"2088",8737284,"f","North Beacon Hill",47.5877772136542,-122.316920149467,"Apartment","Entire home/apt",3,1,1,2,"Real Bed","{TV,Internet,""Wireless Internet"",""Air Conditioning"",""Wheelchair Accessible"",Kitchen,""Free Parking on Premises"",Heating,""Family/Kid Friendly"",Washer,Dryer,""First Aid Kit"",""Safety Card"",Essentials,Shampoo,Hangers,""Hair Dryer"",""Laptop Friendly Workspace""}","$65.00","$15.00",3,93,8,10,10,9,10,1.18,361
"2089",958475,"t","North Beacon Hill",47.5855808211175,-122.311955794946,"Apartment","Entire home/apt",6,1,2,2,"Real Bed","{TV,""Wireless Internet"",Kitchen,""Pets live on this property"",Dog(s),""Indoor Fireplace"",Heating,Washer,Dryer,""Smoke Detector"",""Carbon Monoxide Detector"",""First Aid Kit"",""Fire Extinguisher""}","$85.00","$35.00",99,97,10,10,10,9,10,3.11,354
"2090",8605841,"f","North Beacon Hill",47.571812238931,-122.308181376363,"Apartment","Entire home/apt",4,1,1,1,"Real Bed","{}","$74.00","$45.00",2,70,10,10,10,10,10,1.05,206
"2091",7500728,"f","North Beacon Hill",47.5754390555027,-122.307571357214,"Bungalow","Entire home/apt",2,1,0,1,"Real Bed","{Internet,""Wireless Internet"",Kitchen,""Free Parking on Premises"",Heating,Washer,Dryer,""Smoke Detector"",""Carbon Monoxide Detector"",""First Aid Kit"",""Safety Card"",""Fire Extinguisher"",Essentials,Shampoo}","$99.00","$60.00",14,94,10,10,10,9,9,2.71,225
"2092",606297,"f","North Beacon Hill",47.5775607822531,-122.30428066418,"House","Entire home/apt",14,3,5,9,"Real Bed","{TV,""Cable TV"",Internet,""Wireless Internet"",Kitchen,""Free Parking on Premises"",""Pets Allowed"",""Buzzer/Wireless Intercom"",Heating,""Family/Kid Friendly"",Washer,Dryer,""Smoke Detector"",""First Aid Kit"",""Safety Card"",""Fire Extinguisher""}","$399.00","$155.00",81,87,8,9,9,8,8,1.95,234
"2093",9094366,"f","North Beacon Hill",47.5800440872463,-122.307093473869,"House","Entire home/apt",6,2.5,3,4,"Real Bed","{TV,""Cable TV"",Internet,""Wireless Internet"",Kitchen,""Free Parking on Premises"",""Pets live on this property"",Dog(s),""Indoor Fireplace"",Heating,""Family/Kid Friendly"",Washer,Dryer,""Smoke Detector"",""First Aid Kit"",Essentials,Shampoo}","$300.00","",0,NA,NA,NA,NA,NA,NA,NA,303
"2094",7096107,"f","North Beacon Hill",47.5789600504697,-122.30432115015,"Tent","Entire home/apt",2,0.5,1,1,"Airbed","{""Wireless Internet"",""Free Parking on Premises"",""Smoking Allowed"",""Pets Allowed"",""Pets live on this property"",Dog(s),""Hot Tub"",""Family/Kid Friendly"",""Smoke Detector"",""Carbon Monoxide Detector"",""Fire Extinguisher"",Shampoo}","$65.00","",10,92,9,10,10,10,8,1.62,259
"2095",9496612,"f","North Beacon Hill",47.5652921440957,-122.312066285066,"Apartment","Entire home/apt",2,1,1,2,"Real Bed","{TV,Internet,""Wireless Internet"",Kitchen,""Free Parking on Premises"",Heating,""Family/Kid Friendly"",Washer,Dryer,Essentials,Shampoo,Hangers}","$79.00","",0,NA,NA,NA,NA,NA,NA,NA,144
"2096",8785768,"f","North Beacon Hill",47.5883839166187,-122.316185371503,"House","Private room",2,1,1,1,"Real Bed","{Internet,""Wireless Internet"",Kitchen,""Free Parking on Premises"",Heating,Washer,Dryer,""Smoke Detector"",""Carbon Monoxide Detector"",Essentials,Shampoo,""Lock on Bedroom Door""}","$75.00","$25.00",0,NA,NA,NA,NA,NA,NA,NA,360
"2097",143580,"f","North Beacon Hill",47.583786700917,-122.316769676755,"House","Private room",2,NA,1,1,"Real Bed","{TV,""Cable TV"",""Wireless Internet"",""Free Parking on Premises"",""Pets live on this property"",Cat(s),Heating,Essentials}","$75.00","",238,94,9,10,10,9,9,4.31,365
"2098",611500,"f","North Beacon Hill",47.5772706959189,-122.301857092862,"House","Entire home/apt",8,2,3,5,"Real Bed","{TV,""Cable TV"",Internet,""Wireless Internet"",Kitchen,""Free Parking on Premises"",""Pets Allowed"",""Buzzer/Wireless Intercom"",Heating,""Family/Kid Friendly"",Washer,Dryer,""Smoke Detector"",""First Aid Kit"",""Fire Extinguisher""}","$219.00","$99.00",29,86,9,10,10,8,8,0.7,226
"2099",264829,"f","North Beacon Hill",47.5752909721569,-122.302048733934,"House","Entire home/apt",7,1,2,4,"Real Bed","{TV,""Cable TV"",Internet,""Wireless Internet"",Kitchen,""Free Parking on Premises"",""Pets Allowed"",Heating,""Family/Kid Friendly"",Washer,Dryer,""Smoke Detector"",""First Aid Kit"",""Fire Extinguisher""}","$165.00","$75.00",41,89,8,9,10,8,9,0.83,212
"2100",1856851,"f","North Beacon Hill",47.5894616487713,-122.310993921338,"House","Private room",2,1.5,1,1,"Real Bed","{TV,Internet,""Wireless Internet"",Kitchen,""Free Parking on Premises"",""Pets live on this property"",Heating,""Family/Kid Friendly"",Washer,Dryer,""Smoke Detector"",""Carbon Monoxide Detector"",""First Aid Kit"",""Safety Card"",""Fire Extinguisher"",Essentials,Shampoo}","$87.00","$15.00",45,95,10,10,10,9,9,1.79,363
"2101",1317919,"f","North Beacon Hill",47.5776457348469,-122.302452166359,"House","Entire home/apt",6,2,2,3,"Real Bed","{TV,""Cable TV"",Internet,""Wireless Internet"",Kitchen,""Free Parking on Premises"",Heating,""Family/Kid Friendly"",Washer,Dryer,""Smoke Detector"",""First Aid Kit"",""Fire Extinguisher""}","$169.00","$75.00",0,NA,NA,NA,NA,NA,NA,NA,232
"2102",392140,"f","North Beacon Hill",47.5851302744133,-122.315261446558,"House","Private room",2,1,1,1,"Real Bed","{Internet,""Wireless Internet"",Kitchen,""Free Parking on Premises"",Heating,""First Aid Kit"",""Fire Extinguisher"",Essentials}","$75.00","",137,97,9,10,10,9,9,3.07,365
"2103",3139972,"f","North Beacon Hill",47.5718625553106,-122.306666803043,"House","Shared room",1,1,1,1,"Real Bed","{Internet,""Wireless Internet"",""Free Parking on Premises"",""Pets live on this property"",Dog(s),Cat(s),""Other pet(s)"",Heating,""Smoke Detector"",""Safety Card"",""Fire Extinguisher"",Essentials,Shampoo}","$30.00","$8.00",81,94,9,10,10,9,10,4.22,199
"2104",10020221,"f","North Beacon Hill",47.5770621787417,-122.308887622268,"House","Private room",2,1,1,1,"Real Bed","{Internet,""Wireless Internet"",Kitchen,""Free Parking on Premises"",Breakfast,Heating,Washer,Dryer,Essentials,""24-Hour Check-in"",Iron}","$55.00","",1,100,10,10,10,10,10,1,239
"2105",8759443,"f","North Beacon Hill",47.5885206569301,-122.318218751061,"Apartment","Shared room",2,1,1,2,"Futon","{TV,Internet,""Wireless Internet"",""Air Conditioning"",Kitchen,""Free Parking on Premises"",Heating,""Family/Kid Friendly"",Washer,Dryer,Essentials,Shampoo}","$45.00","$10.00",2,100,10,10,10,10,10,0.72,359
"2106",6317449,"f","North Beacon Hill",47.5795827071515,-122.309832479409,"Apartment","Private room",1,1,1,1,"Real Bed","{TV,""Cable TV"",""Wireless Internet"",Kitchen,""Free Parking on Premises"",Heating,Washer,Dryer,""Smoke Detector"",Essentials}","$50.00","$25.00",2,100,10,10,10,10,10,0.28,304
"2107",6416765,"f","North Beacon Hill",47.5846707019761,-122.314645076172,"Apartment","Entire home/apt",6,2,2,2,"Real Bed","{TV,Internet,""Wireless Internet"",Kitchen,""Free Parking on Premises"",""Indoor Fireplace"",Heating,""Family/Kid Friendly"",Washer,Dryer,""Smoke Detector"",""Carbon Monoxide Detector"",Essentials,Shampoo}","$149.00","$125.00",21,87,10,10,10,8,9,3.44,364
"2108",5056580,"t","North Beacon Hill",47.5843006374811,-122.311762474752,"House","Entire home/apt",2,1,1,1,"Real Bed","{Internet,""Wireless Internet"",Kitchen,""Free Parking on Premises"",Heating,""Smoke Detector"",""Carbon Monoxide Detector"",""First Aid Kit"",""Safety Card"",""Fire Extinguisher"",Essentials,Shampoo}","$99.00","$20.00",100,100,10,10,10,10,10,10.95,348
"2109",6793490,"f","North Beacon Hill",47.5841913321413,-122.311652217226,"House","Entire home/apt",3,1,1,1,"Real Bed","{TV,Internet,""Wireless Internet"",Kitchen,""Free Parking on Premises"",Heating,""Smoke Detector"",""Carbon Monoxide Detector"",""First Aid Kit"",""Fire Extinguisher"",Essentials,Hangers,Iron}","$69.00","$65.00",26,95,10,10,10,9,10,4.53,347
"2110",2069917,"f","North Beacon Hill",47.5727210851221,-122.307347438906,"Apartment","Entire home/apt",3,1,1,1,"Real Bed","{TV,""Wireless Internet"",Kitchen,""Free Parking on Premises"",Heating,Washer,Dryer,""Smoke Detector"",""Carbon Monoxide Detector"",""Fire Extinguisher"",Essentials,Shampoo,""24-Hour Check-in"",Hangers,""Hair Dryer"",Iron,""Laptop Friendly Workspace""}","$69.00","$70.00",18,91,10,10,10,9,9,1.64,212
"2111",3258585,"t","North Beacon Hill",47.5904353060687,-122.308710020409,"House","Private room",2,1,1,1,"Real Bed","{TV,Internet,""Wireless Internet"",Kitchen,""Free Parking on Premises"",""Smoking Allowed"",""Pets Allowed"",Breakfast,""Pets live on this property"",Dog(s),Heating,Washer,Dryer,Essentials}","$80.00","",59,97,10,10,10,9,9,3.12,366
"2112",815017,"f","North Beacon Hill",47.571812524857,-122.305381169168,"House","Shared room",2,1,1,1,"Real Bed","{Internet,""Wireless Internet"",""Free Parking on Premises"",""Pets live on this property"",Dog(s),Cat(s),""Other pet(s)"",Heating,""Smoke Detector"",""Safety Card"",""Fire Extinguisher"",Essentials,Shampoo}","$55.00","$10.00",136,94,8,10,10,10,9,3.62,195
"2113",6610942,"f","North Beacon Hill",47.5762041700935,-122.306728441658,"House","Private room",2,1,1,1,"Real Bed","{Internet,""Wireless Internet"",""Pets Allowed"",""Pets live on this property"",Dog(s),Heating,""Family/Kid Friendly"",Washer,Dryer,Essentials,Shampoo}","$75.00","$50.00",14,94,10,10,10,10,10,2.64,227
"2114",5365612,"f","North Beacon Hill",47.5834505293126,-122.316473080563,"Townhouse","Private room",2,1,1,1,"Real Bed","{TV,Internet,""Wireless Internet"",Kitchen,""Free Parking on Premises"",""Pets Allowed"",Heating,""Family/Kid Friendly"",Washer,Dryer,""Smoke Detector"",""Carbon Monoxide Detector"",""Fire Extinguisher"",Essentials}","$50.00","$30.00",5,100,10,10,10,8,8,0.53,362
"2115",1556170,"f","North Beacon Hill",47.5716936828729,-122.309508119958,"Apartment","Entire home/apt",3,1,1,1,"Real Bed","{TV,""Wireless Internet"",Kitchen,""Free Parking on Premises"",Heating,""Family/Kid Friendly"",Washer,Dryer,""Smoke Detector"",""Carbon Monoxide Detector"",""Fire Extinguisher"",Essentials,Shampoo,""24-Hour Check-in"",Hangers,""Hair Dryer"",Iron,""Laptop Friendly Workspace""}","$69.00","$70.00",68,91,10,10,10,9,9,2.51,210
"2116",2486612,"f","North Beacon Hill",47.573142635846,-122.310547905054,"Apartment","Entire home/apt",5,1,1,4,"Real Bed","{""Wireless Internet"",Kitchen,""Free Parking on Premises"",""Pets live on this property"",Dog(s),Cat(s),Heating,Washer,Dryer,""Smoke Detector"",""Carbon Monoxide Detector"",""First Aid Kit"",""Safety Card"",""Fire Extinguisher"",Essentials,Shampoo}","$112.00","$20.00",65,91,9,10,10,9,9,2.91,219
"2117",7748778,"f","North Beacon Hill",47.5774331583959,-122.305474973929,"House","Entire home/apt",3,1,1,2,"Real Bed","{""Wireless Internet"",""Air Conditioning"",Kitchen,""Free Parking on Premises"",""Pets Allowed"",""Pets live on this property"",""Hot Tub"",Heating,""Family/Kid Friendly"",""First Aid Kit"",""Fire Extinguisher"",Shampoo}","$150.00","",0,NA,NA,NA,NA,NA,NA,NA,233
"2118",6872650,"f","North Beacon Hill",47.5741849198929,-122.299385085862,"Apartment","Private room",3,1,1,1,"Real Bed","{Internet,""Wireless Internet"",""Wheelchair Accessible"",Kitchen,""Free Parking on Premises"",""Smoking Allowed"",""Pets Allowed"",""Pets live on this property"",Heating,""Family/Kid Friendly"",""Suitable for Events"",Washer,Dryer,""Smoke Detector"",Essentials,Shampoo}","$65.00","",35,98,10,10,10,10,10,6.73,196
"2119",7634011,"f","North Beacon Hill",47.5883227022695,-122.311192156509,"House","Entire home/apt",6,1,3,3,"Real Bed","{TV,Internet,""Wireless Internet"",Kitchen,""Free Parking on Premises"",""Pets Allowed"",Heating,""Family/Kid Friendly"",Washer,Dryer,""Smoke Detector"",Essentials,Shampoo,""24-Hour Check-in"",Hangers}","$104.00","$50.00",24,82,8,9,9,9,9,4.8,360
"2120",1898511,"f","North Beacon Hill",47.5887531232591,-122.31107617223,"House","Private room",1,1.5,1,1,"Airbed","{TV,Internet,""Wireless Internet"",Kitchen,""Free Parking on Premises"",""Pets live on this property"",Cat(s),Heating,""Family/Kid Friendly"",Washer,Dryer,""Smoke Detector"",""Carbon Monoxide Detector"",""First Aid Kit"",""Safety Card"",""Fire Extinguisher"",Essentials,Shampoo}","$60.00","$10.00",34,95,10,9,10,9,9,1.32,361
"2121",8067053,"f","North Beacon Hill",47.5724893167865,-122.311165449208,"House","Private room",2,1,1,1,"Real Bed","{Internet,""Wireless Internet"",Kitchen,""Pets live on this property"",Dog(s),Heating,Washer,Dryer,""Smoke Detector"",""Carbon Monoxide Detector"",Shampoo}","$60.00","",3,80,6,8,10,9,9,0.75,214
"2122",1872885,"f","North Beacon Hill",47.5921411769124,-122.319353969479,"House","Private room",1,2.5,1,2,"Real Bed","{TV,""Cable TV"",""Wireless Internet"",Kitchen,""Free Parking on Premises"",""Pets live on this property"",Dog(s),""Indoor Fireplace"",Heating,Washer,Dryer,""Smoke Detector"",""Carbon Monoxide Detector"",""First Aid Kit"",""Safety Card"",""Fire Extinguisher"",Essentials}","$105.00","$120.00",5,100,9,10,9,9,9,0.38,380
"2123",6561379,"f","North Beacon Hill",47.5717676888787,-122.30831838055,"House","Entire home/apt",5,1,2,2,"Real Bed","{TV,Internet,""Wireless Internet"",""Air Conditioning"",Kitchen,""Free Parking on Premises"",""Pets Allowed"",""Indoor Fireplace"",Heating,""Family/Kid Friendly"",Washer,Dryer,""Smoke Detector"",""Carbon Monoxide Detector"",""First Aid Kit"",Essentials}","$144.00","$85.00",15,99,10,10,10,10,10,2.26,206
"2124",265901,"f","North Beacon Hill",47.576251949114,-122.303675860665,"House","Private room",2,1,1,1,"Real Bed","{TV,""Cable TV"",Internet,""Wireless Internet"",Kitchen,""Free Parking on Premises"",""Buzzer/Wireless Intercom"",Heating,""Family/Kid Friendly"",Washer,Dryer,""Smoke Detector"",""First Aid Kit"",""Safety Card"",""Fire Extinguisher""}","$69.00","$40.00",15,98,10,10,10,9,10,0.31,223
"2125",392779,"f","North Beacon Hill",47.5757694804858,-122.316362088468,"Apartment","Entire home/apt",4,1,2,2,"Real Bed","{TV,Internet,""Wireless Internet"",Kitchen,""Free Parking on Premises"",Heating,Washer,Dryer,""Smoke Detector"",""First Aid Kit"",""Fire Extinguisher"",Essentials,Shampoo}","$108.00","$85.00",80,98,10,10,10,9,9,1.84,247
"2126",202174,"f","North Beacon Hill",47.5956614343355,-122.318015957067,"House","Entire home/apt",4,2,1,1,"Real Bed","{TV,""Cable TV"",Internet,""Wireless Internet"",Kitchen,""Free Parking on Premises"",Heating,Washer,Dryer,""Smoke Detector"",""Safety Card"",Essentials,Shampoo}","$159.00","$80.00",14,96,10,10,10,9,9,0.33,399
"2127",7853358,"f","North Beacon Hill",47.5800926526184,-122.304856382648,"House","Entire home/apt",4,1,2,3,"Real Bed","{Internet,""Wireless Internet"",Kitchen,""Free Parking on Premises"",Heating,""Family/Kid Friendly"",Washer,Dryer,""Smoke Detector"",Essentials,Shampoo}","$85.00","$50.00",11,98,10,10,10,9,10,2.92,291
"2128",2197168,"t","North Beacon Hill",47.5800206835493,-122.306863882655,"House","Entire home/apt",4,1,2,2,"Real Bed","{TV,""Cable TV"",Internet,""Wireless Internet"",Kitchen,""Free Parking on Premises"",Breakfast,Heating,""Family/Kid Friendly"",Washer,Dryer,""Smoke Detector"",""Fire Extinguisher"",Essentials,Shampoo}","$135.00","$50.00",79,99,10,10,10,10,10,3.35,303
"2129",4075152,"f","North Beacon Hill",47.5797516638975,-122.309385175764,"Bed & Breakfast","Private room",2,1,1,1,"Real Bed","{TV,Internet,""Wireless Internet"",""Free Parking on Premises"",Breakfast,""Pets live on this property"",Dog(s),Cat(s),""Other pet(s)"",Heating,""Family/Kid Friendly"",Washer,Dryer,""Smoke Detector"",""Carbon Monoxide Detector"",""Fire Extinguisher"",Essentials,Shampoo}","$89.00","$30.00",0,NA,NA,NA,NA,NA,NA,NA,304
"2130",5593399,"f","North Beacon Hill",47.5918862738504,-122.318222552751,"Apartment","Entire home/apt",3,1,1,2,"Real Bed","{TV,""Wireless Internet"",Pool,Kitchen,""Free Parking on Premises"",""Pets Allowed"",""Elevator in Building"",""Hot Tub"",Heating,""Family/Kid Friendly"",Washer,Dryer,""Smoke Detector"",""Carbon Monoxide Detector"",""Safety Card"",Essentials,Shampoo}","$120.00","$20.00",7,91,9,10,10,9,9,0.76,373
"2131",366301,"f","North Beacon Hill",47.5713028619221,-122.309673754796,"Apartment","Entire home/apt",3,1,1,1,"Real Bed","{Internet,""Wireless Internet"",Kitchen,""Buzzer/Wireless Intercom"",Heating,""Smoke Detector"",""Carbon Monoxide Detector"",""First Aid Kit"",Essentials}","$70.00","$50.00",9,91,9,10,10,9,9,1.42,209
"2132",6644628,"f","North Beacon Hill",47.5831318267425,-122.314709966343,"Townhouse","Private room",2,1.5,1,1,"Real Bed","{TV,""Cable TV"",Internet,""Wireless Internet"",Kitchen,Heating,""Family/Kid Friendly"",Washer,Dryer,""Smoke Detector"",""Carbon Monoxide Detector""}","$150.00","$25.00",9,96,10,9,10,9,9,1.32,352
"2133",3593582,"f","North Beacon Hill",47.5888018642039,-122.315255722798,"House","Entire home/apt",5,2.5,2,2,"Real Bed","{TV,""Cable TV"",""Wireless Internet"",""Air Conditioning"",Kitchen,Heating,""Family/Kid Friendly"",Washer,Dryer,""Smoke Detector"",""Carbon Monoxide Detector"",Shampoo}","$120.00","$40.00",1,80,6,10,10,10,10,0.15,359
"2134",6716620,"f","North Beacon Hill",47.5774306601666,-122.305694540258,"Tent","Entire home/apt",2,0.5,1,1,"Airbed","{""Wireless Internet"",""Free Parking on Premises"",""Smoking Allowed"",""Pets Allowed"",""Pets live on this property"",Dog(s),""Hot Tub"",""Family/Kid Friendly"",""Smoke Detector"",""Carbon Monoxide Detector"",""First Aid Kit"",""Fire Extinguisher"",Shampoo}","$65.00","",14,96,9,10,10,9,9,2.03,233
"2135",6796066,"f","North Beacon Hill",47.5836007120583,-122.313982681697,"House","Private room",1,1,1,1,"Real Bed","{Internet,""Wireless Internet"",Kitchen,""Free Parking on Premises"",""Pets live on this property"",Cat(s),Heating,""Family/Kid Friendly"",Washer,Dryer,""Smoke Detector"",""Carbon Monoxide Detector"",""Fire Extinguisher"",Essentials,Shampoo}","$60.00","",10,98,8,10,10,10,9,1.66,354
"2136",3977450,"f","North Beacon Hill",47.5758299195081,-122.303484483189,"House","Private room",1,1,1,1,"Airbed","{TV,""Cable TV"",Internet,""Wireless Internet"",""Air Conditioning"",Kitchen,""Free Parking on Premises"",""Smoking Allowed"",Breakfast,""Indoor Fireplace"",Heating,Washer,Dryer,""Smoke Detector"",""Carbon Monoxide Detector"",""First Aid Kit"",""Safety Card"",""Fire Extinguisher"",Essentials,Shampoo,""Lock on Bedroom Door"",""24-Hour Check-in"",Hangers,""Hair Dryer"",Iron,""Laptop Friendly Workspace""}","$36.00","",67,94,10,10,10,9,10,4.46,220
"2137",793629,"f","North Beacon Hill",47.5790673206775,-122.315388108584,"House","Entire home/apt",2,1,1,1,"Real Bed","{TV,Internet,""Wireless Internet"",Kitchen,""Free Parking on Premises"",Heating,""Family/Kid Friendly"",Washer,Dryer,""Smoke Detector"",""First Aid Kit"",""Fire Extinguisher"",Essentials,Shampoo}","$95.00","$65.00",109,95,10,10,10,9,10,2.95,315
"2138",9110410,"f","Mount Baker",47.5900108699475,-122.294683927544,"Apartment","Entire home/apt",2,1,1,1,"Real Bed","{TV,""Cable TV"",Internet,""Wireless Internet"",Kitchen,Heating,Washer,Dryer,""Smoke Detector"",""Carbon Monoxide Detector"",""First Aid Kit"",""Fire Extinguisher"",Essentials,Shampoo}","$88.00","",0,NA,NA,NA,NA,NA,NA,NA,311
"2139",5705161,"t","North Beacon Hill",47.5917791929708,-122.318462219756,"Apartment","Private room",3,1,1,2,"Real Bed","{TV,""Cable TV"",Internet,""Wireless Internet"",Pool,Kitchen,""Free Parking on Premises"",""Pets live on this property"",Dog(s),""Elevator in Building"",""Hot Tub"",""Indoor Fireplace"",Heating,""Family/Kid Friendly"",Washer,Dryer,""Smoke Detector"",""Carbon Monoxide Detector"",""First Aid Kit"",""Safety Card"",""Fire Extinguisher"",Essentials,Shampoo,""Lock on Bedroom Door"",""24-Hour Check-in"",Hangers,""Hair Dryer"",Iron}","$75.00","$15.00",93,96,10,10,10,9,10,9.72,373
"2140",8596938,"f","North Beacon Hill",47.5915523589218,-122.312996288199,"Apartment","Entire home/apt",6,1,2,2,"Real Bed","{TV,Internet,""Wireless Internet"",Kitchen,""Free Parking on Premises"",""Pets Allowed"",""Pets live on this property"",Dog(s),Heating,""Family/Kid Friendly"",Washer,Dryer,""Smoke Detector"",""Carbon Monoxide Detector"",""First Aid Kit"",""Safety Card"",""Fire Extinguisher"",Essentials,Shampoo}","$130.00","",0,NA,NA,NA,NA,NA,NA,NA,370
"2141",5364119,"t","North Beacon Hill",47.5728199774971,-122.307461793683,"House","Private room",2,1,1,1,"Real Bed","{Internet,""Wireless Internet"",Kitchen,""Pets live on this property"",Dog(s),Heating,""Family/Kid Friendly"",Washer,Dryer,""First Aid Kit"",Essentials,Shampoo}","$63.00","",23,100,10,10,10,10,10,2.28,212
"2142",6211882,"t","North Beacon Hill",47.5864605332033,-122.315049791522,"Apartment","Private room",2,1,1,1,"Real Bed","{Internet,""Wireless Internet"",Kitchen,Heating,Washer,Dryer,""Smoke Detector"",Essentials,Shampoo,""Lock on Bedroom Door""}","$60.00","$30.00",13,97,10,10,10,10,9,1.67,364
"2143",4374326,"f","North Beacon Hill",47.5766054064662,-122.301934135259,"House","Private room",1,1,1,1,"Airbed","{TV,""Cable TV"",Internet,""Wireless Internet"",""Air Conditioning"",Kitchen,""Free Parking on Premises"",""Smoking Allowed"",Breakfast,""Indoor Fireplace"",Heating,Washer,Dryer,""Smoke Detector"",""Carbon Monoxide Detector"",""First Aid Kit"",""Safety Card"",""Fire Extinguisher"",Essentials,Shampoo,""24-Hour Check-in"",Hangers,""Hair Dryer"",Iron,""Laptop Friendly Workspace""}","$37.00","",46,95,9,10,10,9,9,3.14,224
"2144",7887651,"t","North Beacon Hill",47.5878614371846,-122.313975318109,"Townhouse","Private room",2,1,1,1,"Real Bed","{Internet,""Wireless Internet"",Kitchen,Heating,Washer,Dryer,""Smoke Detector"",Essentials,Shampoo,""Lock on Bedroom Door""}","$85.00","$30.00",3,100,10,10,10,9,9,0.75,361
"2145",9013441,"f","North Beacon Hill",47.5812304458293,-122.310451834227,"Apartment","Entire home/apt",2,1,1,1,"Real Bed","{TV,""Cable TV"",""Wireless Internet"",Kitchen,""Pets Allowed"",Heating,""Family/Kid Friendly"",""Smoke Detector"",""Fire Extinguisher"",Essentials,Hangers,""Hair Dryer"",""Laptop Friendly Workspace""}","$85.00","",3,100,10,10,10,10,10,3,330
"2146",7362757,"t","Brighton",47.5455322250249,-122.272228013118,"House","Entire home/apt",4,1,1,3,"Real Bed","{TV,""Cable TV"",Internet,""Wireless Internet"",Kitchen,""Free Parking on Premises"",Heating,""Family/Kid Friendly"",""Smoke Detector"",Essentials,Shampoo}","$84.00","$25.00",52,97,10,10,10,9,10,9.63,71
"2147",9609152,"f","Brighton",47.5439663228029,-122.271689156436,"Apartment","Entire home/apt",5,1,2,3,"Real Bed","{TV,""Cable TV"",Internet,""Wireless Internet"",Kitchen,""Free Parking on Premises"",Heating,""Family/Kid Friendly"",Washer,Dryer,""Smoke Detector"",""Fire Extinguisher"",Essentials,""24-Hour Check-in"",""Hair Dryer"",Iron,""Laptop Friendly Workspace""}","$275.00","$155.00",0,NA,NA,NA,NA,NA,NA,NA,70
"2148",4639040,"f","Brighton",47.5453873922615,-122.273023347003,"Bed & Breakfast","Private room",1,1,1,1,"Real Bed","{TV,""Cable TV"",Internet,""Wireless Internet"",""Air Conditioning"",Kitchen,""Free Parking on Premises"",Breakfast,""Pets live on this property"",Dog(s),""Indoor Fireplace"",Heating,""Smoke Detector"",""Carbon Monoxide Detector"",""First Aid Kit"",""Fire Extinguisher"",Essentials,Shampoo,""24-Hour Check-in"",Hangers,""Hair Dryer"",""Laptop Friendly Workspace""}","$39.00","$50.00",12,98,9,10,10,10,10,1.02,74
"2149",2586350,"t","Brighton",47.5389862496327,-122.277991265058,"House","Entire home/apt",5,1,1,2,"Real Bed","{TV,Internet,""Wireless Internet"",Kitchen,""Free Parking on Premises"",Heating,""Family/Kid Friendly"",Washer,Dryer,""Smoke Detector"",""Carbon Monoxide Detector"",""Fire Extinguisher"",Essentials,Shampoo}","$105.00","$40.00",68,94,10,10,10,8,9,3.57,76
"2150",6482409,"t","Brighton",47.5404851418143,-122.27529416245,"House","Entire home/apt",3,0.5,0,2,"Real Bed","{TV,Internet,""Wireless Internet"",Kitchen,""Free Parking on Premises"",Heating,""Family/Kid Friendly"",""Smoke Detector"",""Fire Extinguisher"",Essentials,Shampoo}","$105.00","$40.00",39,97,10,10,10,9,10,5.52,75
"2151",8089214,"f","Brighton",47.5354073374397,-122.279830570171,"Apartment","Shared room",1,1,1,1,"Futon","{TV,""Cable TV"",Internet,""Wireless Internet"",Kitchen,Gym,""Elevator in Building"",""Hot Tub"",Washer,Essentials}","$40.00","",0,NA,NA,NA,NA,NA,NA,NA,75
"2152",8409975,"f","Brighton",47.5451561624827,-122.269940431896,"House","Private room",2,1,1,1,"Real Bed","{Internet,""Wireless Internet"",Kitchen,""Free Parking on Premises"",Breakfast,""Indoor Fireplace"",Heating,""Family/Kid Friendly"",Washer,Dryer,""Smoke Detector"",""Carbon Monoxide Detector"",""Fire Extinguisher"",Essentials,Shampoo}","$34.00","$10.00",11,93,9,9,9,9,10,3.59,70
"2153",8409926,"f","Brighton",47.5455203984987,-122.26988586167,"House","Private room",3,1,1,2,"Real Bed","{Internet,""Wireless Internet"",Kitchen,""Free Parking on Premises"",Breakfast,""Indoor Fireplace"",Heating,""Family/Kid Friendly"",Washer,Dryer,""Smoke Detector"",""Carbon Monoxide Detector"",""Fire Extinguisher"",Essentials,Shampoo}","$35.00","$15.00",15,92,9,9,8,9,10,4.21,70
"2154",6107518,"f","Brighton",47.5443884437052,-122.283123734175,"House","Private room",2,1,1,1,"Real Bed","{TV,""Cable TV"",""Wireless Internet"",Kitchen,""Free Parking on Premises"",""Pets live on this property"",Cat(s),""Indoor Fireplace"",Heating,Washer,Dryer,""Smoke Detector"",""Carbon Monoxide Detector"",Essentials,Shampoo,""24-Hour Check-in"",Hangers,""Hair Dryer"",""Laptop Friendly Workspace""}","$65.00","$25.00",31,97,10,10,10,9,10,3.99,86
"2155",9797000,"f","Brighton",47.5364971327718,-122.274660435609,"Apartment","Entire home/apt",4,1,1,2,"Real Bed","{TV,Internet,""Wireless Internet"",Kitchen,""Free Parking on Premises"",Breakfast,""Pets live on this property"",Dog(s),Heating,""Family/Kid Friendly"",""Smoke Detector"",""Carbon Monoxide Detector"",""Fire Extinguisher"",Essentials,Shampoo,""24-Hour Check-in"",Hangers,""Laptop Friendly Workspace""}","$75.00","$20.00",2,90,10,10,10,10,10,2,73
"2156",5242148,"f","Brighton",47.5367830113811,-122.268294630814,"House","Entire home/apt",12,3,4,6,"Real Bed","{TV,Internet,""Wireless Internet"",Kitchen,""Indoor Fireplace"",Heating,""Family/Kid Friendly"",""Suitable for Events"",Washer,Dryer,""Smoke Detector"",""Carbon Monoxide Detector"",""First Aid Kit"",""Fire Extinguisher"",Essentials}","$199.00","$189.00",36,98,10,10,10,9,10,3.74,58
"2157",3372535,"f","Brighton",47.5456130603823,-122.272573402033,"Bed & Breakfast","Private room",2,1,1,1,"Real Bed","{TV,""Cable TV"",Internet,""Wireless Internet"",""Air Conditioning"",Kitchen,""Free Parking on Premises"",Breakfast,""Pets live on this property"",Dog(s),""Indoor Fireplace"",Heating,""Smoke Detector"",""Carbon Monoxide Detector"",""First Aid Kit"",""Safety Card"",""Fire Extinguisher"",Essentials,Shampoo,""Lock on Bedroom Door"",""24-Hour Check-in"",Hangers,""Hair Dryer"",""Laptop Friendly Workspace""}","$45.00","$50.00",25,96,9,10,10,9,9,1.39,73
"2158",995443,"f","Brighton",47.5451727889431,-122.270135574539,"Apartment","Entire home/apt",2,1,1,1,"Real Bed","{TV,""Cable TV"",""Wireless Internet"",Kitchen,""Pets Allowed"",""Pets live on this property"",Dog(s),Cat(s),Heating,""Family/Kid Friendly"",Washer,Dryer,""Smoke Detector"",""Carbon Monoxide Detector"",""First Aid Kit"",""Safety Card"",""Fire Extinguisher""}","$85.00","",17,96,9,10,10,9,9,0.54,70
"2159",3279728,"f","South Delridge",47.5175041614874,-122.36468355578,"House","Entire home/apt",5,2.5,3,3,"Real Bed","{""Cable TV"",""Wireless Internet"",""Wheelchair Accessible"",Kitchen,""Free Parking on Premises"",Heating,""Family/Kid Friendly"",Washer,Dryer,""Smoke Detector"",""Carbon Monoxide Detector"",""Fire Extinguisher"",Essentials}","$150.00","$200.00",9,89,9,10,10,9,9,0.52,24
"2160",8446766,"f","South Delridge",47.5197693010648,-122.359762337769,"House","Private room",3,1,1,1,"Real Bed","{TV,""Wireless Internet"",Kitchen,""Free Parking on Premises"",""Smoking Allowed"",""Pets Allowed"",""Pets live on this property"",Heating,""Family/Kid Friendly"",""Suitable for Events"",Washer,Dryer,""Smoke Detector"",Essentials}","$41.00","",3,100,10,10,10,10,10,0.88,25
"2161",9733841,"f","South Delridge",47.5266474835605,-122.361137871034,"Bed & Breakfast","Private room",2,1,1,1,"Real Bed","{TV,""Wireless Internet"",Breakfast,""Pets live on this property"",Heating,""Smoke Detector"",""Carbon Monoxide Detector"",""First Aid Kit"",""Fire Extinguisher"",Essentials,Shampoo,""24-Hour Check-in"",Hangers,""Hair Dryer"",Iron}","$45.00","",0,NA,NA,NA,NA,NA,NA,NA,39
"2162",5852034,"f","South Delridge",47.5255300142842,-122.357734332436,"Bed & Breakfast","Entire home/apt",4,1,1,2,"Real Bed","{Internet,""Wireless Internet"",Kitchen,""Free Parking on Premises"",Breakfast,""Indoor Fireplace"",Heating,Washer,Dryer,""Smoke Detector"",""Carbon Monoxide Detector"",""First Aid Kit"",""Safety Card"",""Fire Extinguisher"",Essentials,Shampoo,""24-Hour Check-in"",Hangers,""Hair Dryer"",""Laptop Friendly Workspace""}","$99.00","$25.00",54,97,10,10,10,9,10,7.01,44
"2163",1851837,"f","South Delridge",47.5279365231304,-122.363674367491,"House","Entire home/apt",3,1,1,1,"Real Bed","{TV,""Cable TV"",""Wireless Internet"",Kitchen,""Hot Tub"",""Indoor Fireplace"",Heating,""Family/Kid Friendly"",Washer,Dryer}","$95.00","$50.00",9,96,10,9,10,9,9,0.37,43
"2164",7324041,"t","South Delridge",47.5194488579032,-122.362499387985,"House","Entire home/apt",4,1,0,1,"Real Bed","{TV,Internet,""Wireless Internet"",""Air Conditioning"",Kitchen,""Free Parking on Premises"",Heating,Washer,Dryer,""Smoke Detector"",""Carbon Monoxide Detector"",""First Aid Kit"",""Fire Extinguisher"",Essentials,Shampoo}","$79.00","$38.00",24,98,10,10,10,9,10,4.21,26
"2165",4105081,"f","South Delridge",47.5176974182991,-122.365299446596,"House","Private room",2,1,1,1,"Real Bed","{""Cable TV"",""Wireless Internet"",Kitchen,Heating,Washer,""Smoke Detector"",""Carbon Monoxide Detector"",""Fire Extinguisher"",Essentials}","$70.00","",2,90,9,10,10,8,9,0.14,24
"2166",8474605,"f","South Delridge",47.5191383707912,-122.359371560876,"House","Private room",2,1,1,1,"Real Bed","{}","$50.00","",0,NA,NA,NA,NA,NA,NA,NA,25
"2167",5682,"f","South Delridge",47.5239795043466,-122.359890599096,"Apartment","Entire home/apt",2,1,1,1,"Real Bed","{TV,Internet,""Wireless Internet"",Kitchen,Heating,""Smoke Detector"",""Carbon Monoxide Detector"",""First Aid Kit"",Essentials,Shampoo,""24-Hour Check-in"",Hangers,""Hair Dryer"",Iron,""Laptop Friendly Workspace""}","$48.00","$25.00",297,96,10,10,10,9,10,4.21,37
"2168",2737012,"t","South Delridge",47.5307849505911,-122.355458023912,"House","Entire home/apt",2,1,1,1,"Real Bed","{Internet,""Wireless Internet"",Kitchen,""Free Parking on Premises"",Heating,""Family/Kid Friendly"",""Smoke Detector"",""Carbon Monoxide Detector"",""Fire Extinguisher"",Essentials,Shampoo}","$65.00","",106,96,10,10,10,9,10,5.52,60
"2169",8743202,"f","South Delridge",47.5331485546507,-122.365506029481,"Townhouse","Private room",2,1,1,1,"Real Bed","{TV,Internet,""Wireless Internet"",Kitchen,""Free Parking on Premises"",""Pets live on this property"",Cat(s),""Indoor Fireplace"",Heating,""Family/Kid Friendly"",Washer,Dryer,""Smoke Detector"",""Carbon Monoxide Detector"",Essentials,Shampoo}","$55.00","$15.00",4,100,10,10,10,10,10,1.6,52
"2170",1003890,"f","South Delridge",47.529872525245,-122.359823337216,"House","Entire home/apt",6,1,3,3,"Real Bed","{TV,Internet,""Wireless Internet"",Kitchen,""Free Parking on Premises"",Heating,""Family/Kid Friendly"",Washer,Dryer,""Smoke Detector"",""Carbon Monoxide Detector"",""First Aid Kit"",""Fire Extinguisher"",Essentials,""24-Hour Check-in"",Hangers,Iron}","$99.00","$109.00",72,93,10,10,10,9,9,2.2,62
"2171",8446120,"f","View Ridge",47.6907647065713,-122.274693880419,"House","Private room",1,1,1,1,"Real Bed","{""Cable TV"",Internet,""Wireless Internet"",Kitchen,Breakfast,""Hot Tub"",Heating,""Family/Kid Friendly"",""Suitable for Events"",Washer,""Smoke Detector"",""Carbon Monoxide Detector""}","$150.00","",0,NA,NA,NA,NA,NA,NA,NA,60
"2172",8153673,"f","View Ridge",47.6760657577956,-122.276883511268,"Apartment","Entire home/apt",3,1,1,1,"Real Bed","{TV,""Cable TV"",Internet,""Wireless Internet"",Kitchen,""Indoor Fireplace"",Heating,Washer,Dryer,""Smoke Detector"",""First Aid Kit"",""Fire Extinguisher"",Essentials}","$110.00","$50.00",3,100,10,10,10,10,10,0.78,112
"2173",7936712,"t","View Ridge",47.6841728089895,-122.265510106692,"Apartment","Entire home/apt",4,2,2,2,"Real Bed","{TV,""Cable TV"",Internet,""Wireless Internet"",Pool,Kitchen,""Free Parking on Premises"",Heating,Washer,Dryer,""Smoke Detector"",""Carbon Monoxide Detector"",""Fire Extinguisher"",Essentials}","$120.00","",11,95,9,9,10,9,9,2.48,35
"2174",2642359,"f","View Ridge",47.685087372073,-122.267099300598,"Loft","Private room",2,1,1,1,"Real Bed","{TV,""Cable TV"",Internet,""Wireless Internet"",Kitchen,""Free Parking on Premises"",""Pets Allowed"",Gym,Dog(s),""Indoor Fireplace"",Heating,Washer,Dryer,""Smoke Detector"",Essentials,Shampoo}","$49.00","",59,86,9,9,9,9,9,3.26,43
"2175",6528342,"f","View Ridge",47.677869134645,-122.271830232721,"House","Entire home/apt",6,2,4,4,"Real Bed","{TV,""Cable TV"",Internet,""Wireless Internet"",Kitchen,""Free Parking on Premises"",""Hot Tub"",Heating,""Family/Kid Friendly"",Washer,Dryer,""Smoke Detector"",""Carbon Monoxide Detector"",""Fire Extinguisher"",Essentials,Shampoo}","$244.00","",1,100,10,10,10,10,10,0.2,95
"2176",9820818,"f","View Ridge",47.6764701385461,-122.26818273751,"Apartment","Entire home/apt",5,1,2,3,"Real Bed","{TV,""Cable TV"",""Wireless Internet"",Kitchen,""Free Parking on Premises"",""Pets Allowed"",Heating,""Family/Kid Friendly"",Washer,Dryer,""Smoke Detector"",""Carbon Monoxide Detector"",""First Aid Kit"",""Safety Card"",""Fire Extinguisher"",Essentials,""24-Hour Check-in"",Hangers,Iron,""Laptop Friendly Workspace""}","$125.00","$50.00",1,100,10,10,10,10,10,1,87
"2177",8754180,"f","View Ridge",47.6817149542442,-122.276022527876,"House","Entire home/apt",8,2,3,4,"Real Bed","{TV,Internet,""Wireless Internet"",""Air Conditioning"",Kitchen,""Free Parking on Premises"",Heating,""Family/Kid Friendly"",Washer,Dryer,""Smoke Detector"",""First Aid Kit"",""Safety Card"",""Fire Extinguisher"",Essentials,""24-Hour Check-in""}","$175.00","$100.00",2,60,6,10,10,10,7,2,100
"2178",8904766,"f","Dunlap",47.5254316621198,-122.278233675749,"House","Private room",2,1,1,1,"Real Bed","{TV,Internet,""Wireless Internet"",Kitchen,""Free Parking on Premises"",Heating,Washer,Dryer,""Smoke Detector"",""First Aid Kit"",Essentials,Shampoo,""Lock on Bedroom Door""}","$38.00","$9.00",1,100,10,8,8,10,10,1,65
"2179",3186785,"t","Dunlap",47.5212935147261,-122.273182253588,"House","Private room",6,1,1,1,"Real Bed","{TV,Internet,""Wireless Internet"",Kitchen,""Free Parking on Premises"",""Pets live on this property"",Cat(s),""Indoor Fireplace"",Heating,""Family/Kid Friendly"",Washer,Dryer,""Smoke Detector"",""Carbon Monoxide Detector"",""First Aid Kit"",""Safety Card"",""Fire Extinguisher"",Essentials,Shampoo}","$70.00","$30.00",22,98,10,10,10,9,10,3.13,36
"2180",1885801,"f","Dunlap",47.5267395971422,-122.274799875274,"House","Private room",4,1,1,1,"Real Bed","{Internet,""Wireless Internet"",Kitchen,""Free Parking on Premises"",Gym,Breakfast,""Indoor Fireplace"",Heating,""Family/Kid Friendly"",Washer,Dryer,""Smoke Detector"",""Carbon Monoxide Detector"",""First Aid Kit"",""Fire Extinguisher"",Essentials,Shampoo}","$150.00","$50.00",0,NA,NA,NA,NA,NA,NA,NA,59
"2181",8006745,"f","Dunlap",47.5276518948841,-122.2659661537,"House","Entire home/apt",4,2,3,2,"Real Bed","{""Wireless Internet"",Kitchen,""Free Parking on Premises"",""Pets Allowed"",Heating,""Family/Kid Friendly"",Washer,Dryer,""Smoke Detector"",""Fire Extinguisher"",Essentials,Shampoo}","$65.00","$45.00",3,100,10,10,10,10,10,2.57,45
"2182",7013085,"f","Dunlap",47.5276450884527,-122.277402394647,"House","Entire home/apt",4,1,2,2,"Real Bed","{TV,Internet,""Wireless Internet"",Kitchen,""Free Parking on Premises"",Heating,Washer,Dryer,""Smoke Detector"",""Carbon Monoxide Detector"",Essentials,Shampoo}","$99.00","$17.00",47,90,10,10,10,8,9,7.5,64
"2183",6546748,"f","Dunlap",47.5245653256088,-122.260918822028,"House","Entire home/apt",6,3,3,3,"Real Bed","{TV,""Cable TV"",Internet,""Wireless Internet"",""Air Conditioning"",""Wheelchair Accessible"",Kitchen,""Free Parking on Premises"",""Hot Tub"",""Indoor Fireplace"",""Buzzer/Wireless Intercom"",Heating,""Family/Kid Friendly"",""Suitable for Events"",Washer,Dryer,""Smoke Detector"",""Carbon Monoxide Detector"",""First Aid Kit"",""Fire Extinguisher"",Essentials,Shampoo}","$295.00","$250.00",7,100,9,10,9,9,10,0.99,34
"2184",4526737,"t","Dunlap",47.5274935358314,-122.260957480268,"Apartment","Entire home/apt",2,1,1,1,"Real Bed","{TV,""Cable TV"",Internet,""Wireless Internet"",Kitchen,""Free Parking on Premises"",""Pets live on this property"",Dog(s),Heating,Washer,Dryer,""Smoke Detector"",""Carbon Monoxide Detector"",Essentials,Shampoo}","$95.00","$50.00",15,100,10,10,10,10,10,2.05,40
"2185",3335,"f","Dunlap",47.5298464744082,-122.275839521958,"","Entire home/apt",4,1,2,2,"Real Bed","{""Wireless Internet"",Kitchen,""Free Parking on Premises"",""Pets live on this property"",Dog(s),""Other pet(s)"",""Indoor Fireplace"",Heating,""Family/Kid Friendly"",Washer,Dryer,""Smoke Detector"",""First Aid Kit""}","$120.00","$75.00",0,NA,NA,NA,NA,NA,NA,NA,67
"2186",4735761,"f","Dunlap",47.5241353253849,-122.275976361702,"Apartment","Shared room",4,1,1,1,"Couch","{TV,Internet,""Wireless Internet"",""Air Conditioning"",""Wheelchair Accessible"",Kitchen,""Free Parking on Premises"",Breakfast,Heating,Washer,Dryer,""Smoke Detector"",""Carbon Monoxide Detector"",""First Aid Kit"",Essentials,Shampoo}","$45.00","",7,94,8,10,9,9,9,0.8,51
"2187",1672979,"f","Dunlap",47.5275106383876,-122.266627798924,"House","Private room",2,2,1,1,"Real Bed","{TV,""Cable TV"",Internet,""Wireless Internet"",""Air Conditioning"",Kitchen,""Free Parking on Premises"",Breakfast,""Pets live on this property"",Cat(s),""Indoor Fireplace"",Heating,""Family/Kid Friendly"",""Smoke Detector"",""Carbon Monoxide Detector"",""First Aid Kit"",""Fire Extinguisher"",Essentials,Shampoo}","$68.00","$30.00",18,96,9,10,10,8,10,0.71,45
"2188",7388899,"f","Dunlap",47.5190540512462,-122.270417785787,"House","Private room",2,1,1,2,"Real Bed","{TV,""Wireless Internet"",Kitchen,""Free Parking on Premises"",Heating,""Smoke Detector"",""Carbon Monoxide Detector"",""Fire Extinguisher"",Essentials}","$55.00","",14,93,9,9,9,8,9,2.71,32
"2189",8052307,"f","Dunlap",47.5228344608974,-122.273992239369,"Apartment","Shared room",2,1,1,1,"Real Bed","{TV,Internet,""Wireless Internet"",""Wheelchair Accessible"",Kitchen,""Free Parking on Premises"",Breakfast,Heating,Washer,Dryer,""Smoke Detector"",""Carbon Monoxide Detector"",""First Aid Kit"",""Safety Card"",Essentials,Shampoo}","$40.00","$5.00",6,93,9,10,10,9,9,1.38,43
"2190",9068366,"f","Dunlap",47.5273180610689,-122.277909095171,"House","Private room",2,1,1,1,"Real Bed","{TV,Internet,""Wireless Internet"",Kitchen,""Free Parking on Premises"",""Pets Allowed"",""Pets live on this property"",Dog(s),Heating,Washer,Dryer,""Fire Extinguisher"",Essentials,Shampoo}","$36.00","",0,NA,NA,NA,NA,NA,NA,NA,66
"2191",6117473,"f","Dunlap",47.5297563485341,-122.275699907642,"Treehouse","Private room",2,1,1,1,"Real Bed","{""Wireless Internet"",Kitchen,""Free Parking on Premises"",Breakfast,""Pets live on this property"",Dog(s),""Other pet(s)"",""Indoor Fireplace"",Heating,""Family/Kid Friendly"",Washer,Dryer,""Smoke Detector"",""First Aid Kit"",Essentials}","$48.00","",20,92,10,10,10,9,9,2.84,67
"2192",8541389,"f","Dunlap",47.5234372871094,-122.275754756009,"House","Shared room",2,1,1,1,"Real Bed","{TV,""Cable TV"",""Wireless Internet"",Kitchen,""Free Parking on Premises"",""Pets Allowed"",Heating,""Family/Kid Friendly"",Washer,Dryer,""Smoke Detector"",""First Aid Kit"",""Fire Extinguisher"",Essentials}","$90.00","",0,NA,NA,NA,NA,NA,NA,NA,48
"2193",7745016,"f","Dunlap",47.5306667261626,-122.275409011108,"House","Private room",2,1,1,1,"Real Bed","{""Wireless Internet"",Kitchen,""Free Parking on Premises"",Breakfast,""Indoor Fireplace"",Heating,""Family/Kid Friendly"",Washer,Dryer,""Smoke Detector"",""First Aid Kit"",Essentials,Shampoo}","$50.00","",2,100,10,10,10,9,10,0.42,68
"2194",6557297,"t","Dunlap",47.519886124604,-122.274055361329,"House","Private room",2,1,1,1,"Real Bed","{TV,""Cable TV"",Internet,""Wireless Internet"",Kitchen,""Free Parking on Premises"",""Pets live on this property"",Cat(s),""Indoor Fireplace"",Heating,Washer,Dryer,""Smoke Detector"",""Carbon Monoxide Detector"",""First Aid Kit"",""Safety Card"",""Fire Extinguisher"",Essentials,Shampoo}","$60.00","$15.00",21,94,9,10,9,9,10,2.85,34
"2195",1263470,"f","Dunlap",47.5308975218507,-122.277116021927,"House","Entire home/apt",2,1,1,1,"Real Bed","{Internet,""Wireless Internet"",Kitchen,""Free Parking on Premises"",""Pets live on this property"",Dog(s),""Other pet(s)"",Heating,""Family/Kid Friendly"",Washer,Dryer,""Smoke Detector"",Essentials,Shampoo}","$100.00","$50.00",6,77,8,9,8,7,8,1.27,70
"2196",7415378,"t","Dunlap",47.5198166415953,-122.274763622253,"House","Entire home/apt",14,2,2,3,"Real Bed","{TV,Internet,""Wireless Internet"",Kitchen,""Free Parking on Premises"",""Pets live on this property"",Cat(s),""Indoor Fireplace"",Heating,""Family/Kid Friendly"",""Suitable for Events"",Washer,Dryer,""Smoke Detector"",""Carbon Monoxide Detector"",""First Aid Kit"",""Safety Card"",""Fire Extinguisher"",Essentials,Shampoo}","$200.00","$40.00",1,100,10,10,10,6,10,0.23,34
"2197",8849596,"f","Dunlap",47.5277340661384,-122.278902851947,"House","Private room",2,1,1,1,"Real Bed","{TV,Internet,""Wireless Internet"",""Air Conditioning"",Kitchen,""Free Parking on Premises"",Heating,Washer,Dryer,""Smoke Detector"",Essentials,Shampoo,""Lock on Bedroom Door""}","$42.00","$9.00",0,NA,NA,NA,NA,NA,NA,NA,68
"2198",7902382,"f","Rainier Beach",47.5173406775276,-122.261370623435,"House","Private room",2,1,1,1,"Real Bed","{Internet,""Wireless Internet"",Kitchen,""Free Parking on Premises"",Breakfast,Heating,Washer,Dryer,""Smoke Detector"",""Carbon Monoxide Detector"",""Fire Extinguisher"",Essentials,Shampoo,""24-Hour Check-in"",""Hair Dryer"",""Laptop Friendly Workspace""}","$35.00","$10.00",16,95,10,10,10,9,10,3.5,26
"2199",4772997,"t","Rainier Beach",47.5085025818445,-122.260980351173,"House","Private room",2,1,1,1,"Real Bed","{""Wireless Internet"",""Free Parking on Premises"",Heating,""Family/Kid Friendly"",""Smoke Detector"",""Carbon Monoxide Detector"",""Fire Extinguisher"",Essentials,Shampoo}","$67.00","$25.00",16,99,10,10,10,10,10,2.14,20
"2200",4708075,"f","Rainier Beach",47.5185543702277,-122.270774966147,"House","Private room",2,1,1,1,"Real Bed","{""Wireless Internet"",Kitchen,""Free Parking on Premises"",""Smoke Detector"",""Carbon Monoxide Detector"",""Fire Extinguisher"",Essentials}","$55.00","",13,92,10,9,9,8,10,1.73,32
"2201",3859882,"f","Rainier Beach",47.5189385593855,-122.257084943304,"House","Private room",2,1,1,1,"Real Bed","{TV,""Wireless Internet"",""Wheelchair Accessible"",Kitchen,""Free Parking on Premises"",""Pets live on this property"",Heating,""Family/Kid Friendly"",Washer,Dryer,""Smoke Detector"",""First Aid Kit"",""Fire Extinguisher"",Essentials}","$65.00","$20.00",4,100,10,10,10,8,10,0.24,29
"2202",4711069,"f","Rainier Beach",47.5101643318404,-122.260442571039,"House","Entire home/apt",12,3,4,4,"Real Bed","{TV,""Cable TV"",Internet,""Wireless Internet"",Kitchen,""Free Parking on Premises"",""Hot Tub"",""Indoor Fireplace"",""Buzzer/Wireless Intercom"",Heating,""Family/Kid Friendly"",Washer,Dryer,""Smoke Detector"",""Carbon Monoxide Detector"",""First Aid Kit"",""Fire Extinguisher"",Essentials,Shampoo,""24-Hour Check-in"",Hangers,""Hair Dryer"",Iron,""Laptop Friendly Workspace""}","$169.00","$95.00",42,91,9,9,10,9,9,3.38,21
"2203",7713043,"f","Rainier Beach",47.5072840735225,-122.254188575142,"Camper/RV","Entire home/apt",2,0,0,2,"Real Bed","{""Wireless Internet"",Kitchen,""Free Parking on Premises"",""Pets Allowed"",Heating,""First Aid Kit""}","$75.00","$20.00",7,91,10,10,10,9,9,1.39,16
"2204",174636,"f","Rainier Beach",47.511457195764,-122.256080995937,"House","Private room",3,1,1,2,"Real Bed","{TV,""Cable TV"",Internet,""Wireless Internet"",Kitchen,""Free Parking on Premises"",""Smoking Allowed"",""Pets live on this property"",Dog(s),""Indoor Fireplace"",Heating,""Suitable for Events"",Washer,Dryer,""Smoke Detector"",""First Aid Kit"",""Fire Extinguisher""}","$88.00","$10.00",32,95,9,10,10,9,9,0.6,20
"2205",8195348,"f","Rainier Beach",47.5174534105066,-122.258186082639,"House","Private room",2,1,1,1,"Real Bed","{TV,""Cable TV"",Internet,""Wireless Internet"",Kitchen,""Free Parking on Premises"",""Pets live on this property"",Cat(s),""Other pet(s)"",Heating,Washer,Dryer,""Smoke Detector"",""Carbon Monoxide Detector"",""First Aid Kit"",""Safety Card"",""Fire Extinguisher"",Essentials,Shampoo,""24-Hour Check-in"",Hangers,""Hair Dryer"",Iron,""Laptop Friendly Workspace""}","$60.00","",3,100,10,10,10,10,10,0.8,26
"2206",7902068,"f","Rainier Beach",47.517901360111,-122.262212667224,"House","Private room",2,1,1,1,"Real Bed","{Internet,""Wireless Internet"",Kitchen,""Free Parking on Premises"",Breakfast,Heating,Washer,Dryer,""Smoke Detector"",""Carbon Monoxide Detector"",""Fire Extinguisher"",Essentials,Shampoo,""Lock on Bedroom Door"",""24-Hour Check-in"",Hangers,""Hair Dryer"",Iron,""Laptop Friendly Workspace""}","$35.00","$10.00",16,90,9,9,10,8,10,3.48,29
"2207",4832481,"t","Rainier Beach",47.514651689512,-122.259320187382,"House","Private room",2,1,1,1,"Real Bed","{""Wireless Internet"",""Free Parking on Premises"",""Pets live on this property"",Dog(s),Heating,""Smoke Detector"",""First Aid Kit"",""Safety Card"",Essentials,Shampoo}","$57.00","$20.00",12,95,9,10,10,9,10,1.43,24
"2208",7902268,"f","Rainier Beach",47.5173857265742,-122.261484510897,"House","Private room",2,1,1,1,"Real Bed","{Internet,""Wireless Internet"",Kitchen,""Free Parking on Premises"",Breakfast,Heating,Washer,Dryer,""Smoke Detector"",""Carbon Monoxide Detector"",""Fire Extinguisher"",Essentials,Shampoo}","$37.00","$10.00",12,98,10,9,10,9,10,2.77,26
"2209",4559222,"f","Rainier Beach",47.5185240588396,-122.257825653284,"House","Private room",2,1,1,1,"Real Bed","{TV,Internet,""Wireless Internet"",Kitchen,""Free Parking on Premises"",Heating,""Family/Kid Friendly"",Washer,Dryer,""Smoke Detector"",""First Aid Kit"",""Fire Extinguisher""}","$60.00","$20.00",14,92,9,9,10,10,10,1.12,29
"2210",7902330,"f","Rainier Beach",47.5188289667065,-122.26105641125,"House","Private room",2,1,1,1,"Real Bed","{Internet,""Wireless Internet"",Kitchen,""Free Parking on Premises"",Breakfast,Heating,Washer,Dryer,""Smoke Detector"",""Carbon Monoxide Detector"",""Fire Extinguisher"",Essentials,Shampoo}","$39.00","$10.00",23,97,10,10,10,9,10,5.15,30
"2211",6249164,"t","Rainier Beach",47.5163710336965,-122.25994704025,"House","Private room",1,1,1,1,"Real Bed","{""Wireless Internet"",""Pets live on this property"",Dog(s),Heating,""Smoke Detector"",""Safety Card"",Essentials,Shampoo}","$42.00","$10.00",18,99,10,10,10,8,10,2.56,26
"2212",5192122,"f","Rainier Beach",47.5104955407011,-122.260394600584,"House","Private room",3,1,1,1,"Real Bed","{TV,""Cable TV"",""Wireless Internet"",Kitchen,""Free Parking on Premises"",""Hot Tub"",Heating,""Family/Kid Friendly"",""Smoke Detector"",""Carbon Monoxide Detector"",Essentials}","$79.00","$20.00",0,NA,NA,NA,NA,NA,NA,NA,21
"2213",8901863,"f","Rainier Beach",47.5104156343024,-122.252230032776,"Other","Entire home/apt",2,1,1,1,"Real Bed","{""Wireless Internet"",Kitchen,""Free Parking on Premises"",""Pets live on this property"",Cat(s),Heating,Washer,Dryer,""Smoke Detector"",""First Aid Kit"",""Safety Card"",""Fire Extinguisher"",Essentials}","$118.00","$125.00",0,NA,NA,NA,NA,NA,NA,NA,19
"2214",2027236,"f","Rainier Beach",47.5083942135643,-122.258238608526,"House","Private room",2,1,1,1,"Real Bed","{Internet,""Wireless Internet"",""Free Parking on Premises"",""Pets live on this property"",Dog(s),Cat(s),""Other pet(s)"",Heating,""Family/Kid Friendly"",""Smoke Detector"",""Carbon Monoxide Detector"",Essentials,Shampoo}","$60.00","$15.00",144,93,10,10,9,9,10,5.85,19
"2215",3673011,"t","Columbia City",47.5594604472318,-122.28303397845,"House","Private room",2,1,1,1,"Real Bed","{Internet,""Wireless Internet"",Kitchen,""Free Parking on Premises"",""Pets live on this property"",Dog(s),Heating,""Smoke Detector"",""Carbon Monoxide Detector"",""Safety Card"",""Fire Extinguisher"",Essentials,Shampoo}","$69.00","$5.00",55,98,10,10,10,10,10,3.13,90
"2216",6577295,"f","Columbia City",47.5636079370449,-122.294796112548,"Townhouse","Private room",2,1,1,1,"Real Bed","{Internet,""Wireless Internet"",Kitchen,""Free Parking on Premises"",""Indoor Fireplace"",Heating,Washer,Dryer,""Smoke Detector"",""First Aid Kit"",Essentials,Shampoo}","$69.00","$10.00",75,95,10,10,10,9,9,10.27,107
"2217",4384000,"f","Mount Baker",47.5881161302529,-122.292308149443,"House","Entire home/apt",5,2.5,2,4,"Real Bed","{TV,""Cable TV"",""Wireless Internet"",Kitchen,""Pets Allowed"",""Indoor Fireplace"",Heating,""Family/Kid Friendly"",Washer,Dryer,""Smoke Detector"",""Carbon Monoxide Detector"",""First Aid Kit"",""Safety Card"",""Fire Extinguisher""}","$300.00","$150.00",1,80,8,10,8,10,8,1,285
"2218",3147706,"f","Columbia City",47.560746429114,-122.283138571193,"House","Private room",3,1,1,1,"Real Bed","{""Wireless Internet"",Heating,""Family/Kid Friendly"",Washer,Dryer,""Smoke Detector"",""Carbon Monoxide Detector"",""First Aid Kit"",""Fire Extinguisher"",Essentials,Shampoo}","$65.00","$10.00",47,95,10,10,10,9,10,2.42,89
"2219",1900698,"f","Columbia City",47.5521979447527,-122.27984408924,"Apartment","Private room",2,1.5,1,1,"Real Bed","{TV,Internet,""Wireless Internet"",Kitchen,""Free Parking on Premises"",Heating,""Smoke Detector"",""Carbon Monoxide Detector"",""First Aid Kit"",""Safety Card"",Essentials,Shampoo,""Hair Dryer"",""Laptop Friendly Workspace""}","$50.00","",81,91,9,10,10,9,9,3.18,87
"2220",4157572,"t","Columbia City",47.5672688014524,-122.290147261314,"House","Private room",2,1.5,1,1,"Real Bed","{Internet,""Wireless Internet"",Kitchen,""Free Parking on Premises"",""Pets live on this property"",Dog(s),Cat(s),Heating,Washer,Dryer,""Smoke Detector"",""Carbon Monoxide Detector"",""First Aid Kit"",""Fire Extinguisher"",Essentials,Shampoo}","$65.00","",67,98,10,10,10,9,10,4.77,113
"2221",8886847,"f","Columbia City",47.5584587184918,-122.28712821087,"House","Private room",2,1,1,1,"Real Bed","{""Wireless Internet"",""Free Parking on Premises"",""Pets live on this property"",Dog(s),Heating,Washer,Dryer,""Smoke Detector"",""Carbon Monoxide Detector"",""First Aid Kit"",Essentials,Shampoo}","$100.00","",0,NA,NA,NA,NA,NA,NA,NA,95
"2222",3642289,"t","Columbia City",47.5498474901654,-122.273214146968,"House","Private room",2,1,1,1,"Real Bed","{Internet,""Wireless Internet"",Kitchen,""Free Parking on Premises"",""Pets Allowed"",""Pets live on this property"",Dog(s),Cat(s),Heating,""Family/Kid Friendly"",Washer,Dryer,""Smoke Detector"",""Carbon Monoxide Detector"",""First Aid Kit"",""Fire Extinguisher"",Essentials,Shampoo}","$65.00","",73,97,10,10,10,9,10,4.21,72
"2223",3022564,"t","Columbia City",47.5590828542387,-122.283466103463,"Loft","Entire home/apt",2,1,0,1,"Real Bed","{TV,""Cable TV"",Internet,""Wireless Internet"",""Free Parking on Premises"",Heating,""Family/Kid Friendly"",""Smoke Detector"",""Fire Extinguisher"",Essentials,Shampoo}","$90.00","$20.00",127,98,10,10,10,10,10,6.65,92
"2224",2203983,"f","Columbia City",47.5608661726663,-122.286124110929,"House","Entire home/apt",2,1,0,1,"Real Bed","{TV,""Wireless Internet"",Kitchen,""Free Parking on Premises"",""Pets live on this property"",Heating,""Family/Kid Friendly"",""Smoke Detector"",""Fire Extinguisher"",Essentials}","$80.00","$25.00",29,94,10,10,10,9,9,1.25,94
"2225",215882,"t","Columbia City",47.5612970384084,-122.281218607072,"Cabin","Entire home/apt",2,1,1,1,"Real Bed","{Internet,""Wireless Internet"",""Air Conditioning"",Kitchen,""Free Parking on Premises"",""Pets live on this property"",Cat(s),""Hot Tub"",""Indoor Fireplace"",Heating,""Smoke Detector"",""Carbon Monoxide Detector"",""First Aid Kit"",""Fire Extinguisher"",Essentials,Shampoo}","$99.00","$60.00",179,97,10,10,10,9,10,3.53,88
"2226",491958,"f","Columbia City",47.5605111091062,-122.278948300972,"Apartment","Entire home/apt",4,1,1,2,"Real Bed","{TV,""Cable TV"",Internet,""Wireless Internet"",Kitchen,""Free Parking on Premises"",""Pets live on this property"",Dog(s),Heating,""Family/Kid Friendly"",""Smoke Detector""}","$75.00","$30.00",151,96,10,10,10,9,10,3.55,84
"2227",190984,"f","Columbia City",47.5528423227395,-122.27789357074,"Apartment","Entire home/apt",2,1,1,1,"Real Bed","{TV,""Cable TV"",Internet,""Wireless Internet"",Kitchen,""Free Parking on Premises"",""Buzzer/Wireless Intercom"",Heating,""Family/Kid Friendly"",""Suitable for Events"",""Smoke Detector"",""Carbon Monoxide Detector"",Essentials}","$110.00","$75.00",51,87,9,9,9,7,8,2.55,81
"2228",1599856,"f","Columbia City",47.5567266992696,-122.286183329939,"House","Entire home/apt",6,1,2,3,"Real Bed","{Internet,""Wireless Internet"",""Wheelchair Accessible"",Kitchen,""Free Parking on Premises"",Heating,""Family/Kid Friendly"",Washer,Dryer,""Smoke Detector"",""Carbon Monoxide Detector"",Essentials,Shampoo}","$125.00","",138,92,9,10,10,9,9,5.01,98
"2229",1223644,"t","Columbia City",47.556340920761,-122.283968900024,"Apartment","Entire home/apt",3,1,1,1,"Real Bed","{Internet,""Wireless Internet"",Kitchen,""Pets Allowed"",""Pets live on this property"",Dog(s),Cat(s),""Other pet(s)"",Heating,""Smoke Detector"",""Carbon Monoxide Detector"",Essentials,Shampoo}","$90.00","$30.00",38,96,10,10,10,10,10,1.23,91
"2230",3246706,"f","Columbia City",47.5635908025233,-122.296780466906,"House","Private room",2,1.5,1,1,"Real Bed","{TV,Internet,""Wireless Internet"",Kitchen,""Free Parking on Premises"",""Pets live on this property"",Dog(s),Heating,""Family/Kid Friendly"",Washer,Dryer,""Smoke Detector"",""Carbon Monoxide Detector"",""First Aid Kit"",""Safety Card"",Essentials,Shampoo}","$40.00","$35.00",18,93,10,10,9,9,10,0.95,108
"2231",1305009,"f","Columbia City",47.5624987174881,-122.297514761067,"House","Private room",2,1,1,1,"Real Bed","{Internet,""Wireless Internet"",Kitchen,Heating,""Family/Kid Friendly"",""Smoke Detector"",Essentials}","$50.00","$50.00",22,98,10,10,10,9,9,0.74,107
"2232",8952253,"f","Columbia City",47.5539386851414,-122.285650833027,"House","Entire home/apt",6,2.5,3,3,"Real Bed","{TV,Internet,""Wireless Internet"",Kitchen,""Free Parking on Premises"",""Indoor Fireplace"",Heating,""Family/Kid Friendly"",Washer,Dryer,""Smoke Detector"",""Carbon Monoxide Detector"",""Fire Extinguisher"",Essentials,""24-Hour Check-in"",Hangers,""Hair Dryer"",Iron,""Laptop Friendly Workspace""}","$97.00","$49.00",2,100,10,10,10,8,10,1.58,95
"2233",4041868,"f","Columbia City",47.5477169711332,-122.273836117263,"House","Entire home/apt",10,2,3,5,"Real Bed","{TV,""Cable TV"",Internet,""Wireless Internet"",Kitchen,""Free Parking on Premises"",""Hot Tub"",""Indoor Fireplace"",Heating,""Family/Kid Friendly"",""Suitable for Events"",Washer,Dryer,""Smoke Detector"",""Carbon Monoxide Detector"",""First Aid Kit"",""Fire Extinguisher"",Essentials,Shampoo}","$195.00","$225.00",7,71,7,9,10,6,7,0.64,73
"2234",8845310,"t","Columbia City",47.5468001810874,-122.278067909424,"House","Entire home/apt",4,1,2,2,"Real Bed","{""Wireless Internet"",Kitchen,""Free Parking on Premises"",Heating,""Family/Kid Friendly"",Washer,Dryer,""Smoke Detector"",""Carbon Monoxide Detector"",""First Aid Kit"",""Safety Card"",""Fire Extinguisher"",Essentials,Shampoo}","$100.00","$35.00",0,NA,NA,NA,NA,NA,NA,NA,83
"2235",7750477,"f","Columbia City",47.5709572536234,-122.29906278303,"House","Entire home/apt",9,2.5,3,6,"Real Bed","{TV,Internet,""Wireless Internet"",Kitchen,""Free Parking on Premises"",""Indoor Fireplace"",Heating,""Family/Kid Friendly"",Washer,Dryer,""Smoke Detector"",""Carbon Monoxide Detector"",""First Aid Kit"",""Safety Card"",""Fire Extinguisher"",Essentials,Shampoo,""24-Hour Check-in"",Hangers,Iron,""Laptop Friendly Workspace""}","$195.00","$80.00",1,100,10,8,8,10,10,1,156
"2236",7938941,"f","Columbia City",47.5714263959992,-122.298327705187,"House","Entire home/apt",4,2,2,2,"Real Bed","{""Cable TV"",""Wireless Internet"",""Air Conditioning"",Kitchen,""Free Parking on Premises"",""Pets live on this property"",""Other pet(s)"",""Indoor Fireplace"",Heating,""Family/Kid Friendly"",Washer,Dryer,""Smoke Detector"",""Carbon Monoxide Detector"",""Fire Extinguisher""}","$150.00","",0,NA,NA,NA,NA,NA,NA,NA,158
"2237",2721575,"t","Columbia City",47.5610209535447,-122.279445340448,"Apartment","Entire home/apt",2,1,1,1,"Real Bed","{TV,""Wireless Internet"",""Wheelchair Accessible"",Kitchen,""Free Parking on Premises"",Heating,Washer,Dryer,""Smoke Detector"",""First Aid Kit"",""Fire Extinguisher"",Essentials,Shampoo}","$95.00","$35.00",77,97,10,10,10,9,10,3.83,84
"2238",1738425,"t","Columbia City",47.5628802392283,-122.298242914541,"House","Private room",2,1.5,1,1,"Real Bed","{Internet,""Wireless Internet"",Kitchen,Heating,""Smoke Detector"",""Carbon Monoxide Detector"",""First Aid Kit"",""Fire Extinguisher"",Essentials,""Laptop Friendly Workspace""}","$72.00","$15.00",46,97,10,10,10,9,10,1.8,108
"2239",2471659,"f","Columbia City",47.5537712008494,-122.283683957519,"House","Entire home/apt",2,1,1,1,"Real Bed","{TV,""Cable TV"",Internet,""Wireless Internet"",""Air Conditioning"",Kitchen,Breakfast,""Pets live on this property"",Heating,Washer,Dryer,""Smoke Detector"",""Carbon Monoxide Detector"",""First Aid Kit"",""Fire Extinguisher"",Essentials,Shampoo}","$100.00","$35.00",80,96,10,10,10,9,9,4.69,93
"2240",6078382,"t","Columbia City",47.5699851771433,-122.297272190932,"House","Private room",2,1,1,1,"Futon","{TV,Internet,""Wireless Internet"",""Air Conditioning"",Kitchen,""Free Parking on Premises"",""Pets live on this property"",Cat(s),Heating,""Family/Kid Friendly"",""Smoke Detector"",""First Aid Kit"",""Fire Extinguisher"",Essentials}","$55.00","",17,99,10,10,10,9,10,2.43,143
"2241",7585688,"f","Columbia City",47.5750240000872,-122.297305655939,"Apartment","Private room",3,1,1,1,"Real Bed","{Internet,""Wireless Internet"",""Wheelchair Accessible"",Kitchen,""Free Parking on Premises"",""Smoking Allowed"",""Pets Allowed"",""Pets live on this property"",Dog(s),Heating,""Family/Kid Friendly"",""Suitable for Events"",Washer,Dryer,""Smoke Detector"",Essentials,Shampoo}","$65.00","",22,91,9,10,10,9,9,4.15,191
"2242",3120652,"f","Columbia City",47.5631801602667,-122.284923130748,"House","Entire home/apt",5,1,2,2,"Real Bed","{TV,Internet,""Wireless Internet"",""Air Conditioning"",Kitchen,""Free Parking on Premises"",Heating,""Family/Kid Friendly"",""Smoke Detector"",""Carbon Monoxide Detector"",""First Aid Kit"",""Fire Extinguisher"",Essentials,Shampoo}","$124.00","$75.00",45,91,9,10,10,9,9,2.48,96
"2243",4922836,"f","Columbia City",47.5650477966554,-122.292859339229,"House","Private room",2,1,1,1,"Real Bed","{TV,""Cable TV"",Internet,""Wireless Internet"",Kitchen,""Free Parking on Premises"",""Indoor Fireplace"",Heating,Washer,Dryer,""Smoke Detector"",""Carbon Monoxide Detector"",""Safety Card"",Essentials,Shampoo}","$70.00","$10.00",32,95,10,10,10,9,10,3.32,108
"2244",1433440,"f","Columbia City",47.5649176891385,-122.292638593442,"House","Private room",2,1,1,1,"Real Bed","{TV,Internet,""Wireless Internet"",""Air Conditioning"",Kitchen,""Pets live on this property"",Dog(s),""Indoor Fireplace"",Heating,""Family/Kid Friendly"",Washer,Dryer,""Smoke Detector"",""Carbon Monoxide Detector"",""First Aid Kit"",Essentials,Shampoo,Hangers,""Hair Dryer"",Iron,""Laptop Friendly Workspace""}","$65.00","$25.00",14,88,10,9,9,9,9,0.61,107
"2245",2980762,"f","Columbia City",47.5472378045665,-122.273122600981,"House","Private room",2,1,1,1,"Real Bed","{""Wireless Internet"",""Free Parking on Premises"",""Pets live on this property"",Dog(s),Cat(s),Heating,""Family/Kid Friendly"",Essentials,Shampoo}","$65.00","$25.00",22,92,9,10,10,8,9,1.24,73
"2246",1733747,"t","Columbia City",47.5633556933028,-122.298219754194,"House","Private room",2,1.5,1,1,"Real Bed","{Internet,""Wireless Internet"",Kitchen,Heating,""Smoke Detector"",""Carbon Monoxide Detector"",""First Aid Kit"",""Fire Extinguisher"",Essentials,""Laptop Friendly Workspace""}","$72.00","$15.00",41,97,10,10,10,9,10,1.61,110
"2247",1455269,"t","Columbia City",47.5679147387307,-122.290735631093,"House","Entire home/apt",6,1,3,4,"Real Bed","{TV,""Cable TV"",Internet,""Wireless Internet"",Kitchen,""Pets live on this property"",Dog(s),""Indoor Fireplace"",Heating,""Family/Kid Friendly"",""Smoke Detector"",""Carbon Monoxide Detector"",""First Aid Kit"",""Fire Extinguisher"",Essentials,Shampoo,Hangers,""Hair Dryer"",Iron,""Laptop Friendly Workspace""}","$115.00","$25.00",88,97,10,10,10,9,10,3.01,117
"2248",1457330,"f","Columbia City",47.5679107419492,-122.293388424323,"House","Entire home/apt",6,2,3,3,"Real Bed","{TV,Internet,""Wireless Internet"",""Air Conditioning"",Kitchen,""Free Parking on Premises"",Heating,""Family/Kid Friendly"",Washer,Dryer,""Smoke Detector"",""Fire Extinguisher"",Essentials,Shampoo}","$220.00","$90.00",4,95,10,10,10,9,10,0.22,126
"2249",7420488,"t","Columbia City",47.5466995762533,-122.278029651648,"House","Private room",1,1,1,1,"Real Bed","{""Wireless Internet"",Kitchen,Heating,""Family/Kid Friendly"",Washer,Dryer,""Smoke Detector"",""Carbon Monoxide Detector"",""First Aid Kit"",""Safety Card"",""Fire Extinguisher""}","$45.00","$25.00",8,100,9,10,10,8,10,1.55,83
"2250",8902887,"f","Columbia City",47.5685623451845,-122.290538895946,"House","Entire home/apt",3,1,1,1,"Real Bed","{Internet,""Wireless Internet"",Kitchen,""Free Parking on Premises"",Heating,""Family/Kid Friendly"",Washer,Dryer,""Smoke Detector"",""Carbon Monoxide Detector"",Essentials,Shampoo,""24-Hour Check-in"",Hangers,""Hair Dryer"",Iron,""Laptop Friendly Workspace""}","$90.00","$25.00",6,97,10,10,10,9,10,2.73,120
"2251",5175464,"f","Columbia City",47.5577826910658,-122.282030568972,"Apartment","Entire home/apt",2,1,0,1,"Real Bed","{""Wireless Internet"",Kitchen,Heating,""Smoke Detector"",""First Aid Kit"",""Fire Extinguisher"",Essentials,Shampoo}","$90.00","$20.00",16,86,9,10,10,9,9,1.42,91
"2252",7411863,"f","Columbia City",47.5613588696051,-122.293909406376,"House","Private room",1,2.5,1,1,"Real Bed","{Internet,""Wireless Internet"",Washer,Dryer,""Smoke Detector"",""Carbon Monoxide Detector"",""First Aid Kit"",""Fire Extinguisher"",Essentials,Shampoo}","$25.00","$10.00",40,92,10,10,9,9,9,7.74,104
"2253",2856806,"f","Columbia City",47.5657540777269,-122.290416380073,"House","Entire home/apt",6,2.5,3,2,"Real Bed","{TV,""Cable TV"",Internet,""Wireless Internet"",Kitchen,""Free Parking on Premises"",""Pets Allowed"",""Pets live on this property"",Dog(s),Heating,""Family/Kid Friendly"",Washer,Dryer,""Smoke Detector"",Shampoo}","$175.00","",3,93,7,10,10,9,9,0.15,108
"2254",693956,"f","Columbia City",47.5625275097221,-122.292439795055,"House","Entire home/apt",6,2.5,3,2,"Real Bed","{TV,Internet,""Wireless Internet"",Kitchen,""Free Parking on Premises"",Heating,""Family/Kid Friendly"",Washer,Dryer}","$150.00","",1,97,10,10,10,8,10,0.03,103
"2255",5682316,"t","Columbia City",47.5636106610627,-122.289051924749,"Cabin","Entire home/apt",3,1,1,2,"Real Bed","{Internet,""Wireless Internet"",Kitchen,""Free Parking on Premises"",Heating,""Family/Kid Friendly"",Washer,Dryer,""Smoke Detector"",""Carbon Monoxide Detector"",""Fire Extinguisher"",Essentials,Shampoo}","$85.00","$50.00",36,98,10,10,10,9,10,4.32,101
"2256",8597800,"f","Columbia City",47.5548729594885,-122.277832982935,"House","Private room",4,1.5,1,2,"Real Bed","{Internet,""Wireless Internet"",Kitchen,""Free Parking on Premises"",""Pets live on this property"",""Indoor Fireplace"",Heating,""Family/Kid Friendly"",Washer,Dryer,""Smoke Detector"",""Carbon Monoxide Detector"",""First Aid Kit"",""Fire Extinguisher"",Essentials,Shampoo}","$49.00","$10.00",3,100,10,10,10,9,10,0.97,85
"2257",4707171,"f","Columbia City",47.557423446503,-122.281268738871,"Apartment","Entire home/apt",7,1,2,3,"Real Bed","{TV,Internet,""Wireless Internet"",Kitchen,Heating,""Family/Kid Friendly"",Washer,Dryer,""Smoke Detector"",""Carbon Monoxide Detector"",Shampoo}","$110.00","$60.00",53,92,9,10,10,10,10,4.37,90
"2258",9138392,"f","Columbia City",47.55278255173,-122.286093791116,"House","Entire home/apt",4,1,2,2,"Real Bed","{TV,Internet,""Wireless Internet"",Kitchen,""Free Parking on Premises"",""Pets live on this property"",Cat(s),Heating,""Family/Kid Friendly"",Washer,Dryer,""Smoke Detector"",""Carbon Monoxide Detector"",Essentials,Shampoo,Hangers,""Hair Dryer"",Iron,""Laptop Friendly Workspace""}","$59.00","$25.00",0,NA,NA,NA,NA,NA,NA,NA,94
"2259",7417852,"t","Columbia City",47.5484724446475,-122.278428019614,"House","Private room",2,1,1,1,"Real Bed","{""Wireless Internet"",Kitchen,Heating,""Family/Kid Friendly"",Washer,Dryer,""Smoke Detector"",""Carbon Monoxide Detector"",""First Aid Kit"",""Safety Card"",""Fire Extinguisher"",Essentials}","$65.00","$25.00",11,96,10,10,10,9,9,2.26,82
"2260",9597947,"f","Columbia City",47.557774010332,-122.28405186229,"Apartment","Private room",2,2,1,1,"Real Bed","{TV,Internet,""Wireless Internet"",""Wheelchair Accessible"",Kitchen,""Free Parking on Premises"",""Pets Allowed"",Gym,""Pets live on this property"",""Elevator in Building"",Heating,""Family/Kid Friendly"",""Suitable for Events"",Washer,Dryer,""Smoke Detector"",""First Aid Kit"",Essentials}","$70.00","",0,NA,NA,NA,NA,NA,NA,NA,93
"2261",7262142,"t","Columbia City",47.5546341485356,-122.274624633049,"Apartment","Entire home/apt",2,1,1,1,"Real Bed","{Internet,""Wireless Internet"",""Free Parking on Premises"",""Pets live on this property"",Dog(s),Heating,""Smoke Detector"",""Carbon Monoxide Detector"",""First Aid Kit"",""Safety Card"",""Fire Extinguisher"",Essentials,Shampoo,""Hair Dryer"",Iron}","$65.00","$40.00",27,99,10,10,10,9,10,6.28,75
"2262",7615170,"f","Columbia City",47.5594517544707,-122.283633664657,"Loft","Private room",2,1,1,1,"Real Bed","{TV,""Cable TV"",Internet,""Wireless Internet"",Kitchen,Heating,Washer,Dryer,""Smoke Detector"",""Carbon Monoxide Detector"",""First Aid Kit"",""Safety Card"",""Fire Extinguisher"",Essentials,Shampoo,""Lock on Bedroom Door"",""24-Hour Check-in"",Hangers,""Hair Dryer"",Iron,""Laptop Friendly Workspace""}","$85.00","$85.00",2,100,10,10,10,10,10,0.71,91
"2263",609610,"f","Columbia City",47.5696153458462,-122.293955301503,"House","Entire home/apt",2,1,1,2,"Real Bed","{Internet,""Wireless Internet"",""Wheelchair Accessible"",Kitchen,""Free Parking on Premises"",""Pets Allowed"",Heating,""Family/Kid Friendly"",Washer,Dryer}","$90.00","",15,95,10,10,10,8,10,0.36,138
"2264",8326413,"f","Columbia City",47.561838253124,-122.289083852254,"House","Private room",2,1,1,1,"Real Bed","{TV,Internet,""Wireless Internet"",""Free Parking on Premises"",""Pets live on this property"",Cat(s),Heating,Essentials,Shampoo}","$70.00","",9,96,10,10,10,9,10,2.65,97
"2265",4833820,"f","Columbia City",47.5521044016943,-122.281028607392,"House","Entire home/apt",4,1.5,2,2,"Real Bed","{Internet,""Wireless Internet"",Kitchen,""Free Parking on Premises"",""Indoor Fireplace"",Heating,Washer,Dryer,""Smoke Detector"",""Carbon Monoxide Detector"",""Safety Card"",""Fire Extinguisher"",Essentials}","$175.00","$150.00",0,NA,NA,NA,NA,NA,NA,NA,91
"2266",7480196,"f","Columbia City",47.5618520041956,-122.278564736336,"House","Entire home/apt",6,1,3,4,"Real Bed","{TV,Internet,""Wireless Internet"",Kitchen,""Free Parking on Premises"",Heating,""Family/Kid Friendly"",Washer,Dryer,""Smoke Detector"",""Carbon Monoxide Detector"",""Fire Extinguisher"",Essentials}","$199.00","$106.00",7,94,10,9,9,9,9,1.35,84
"2267",8774504,"f","Columbia City",47.5566731478826,-122.282305454927,"House","Entire home/apt",8,2,3,5,"Real Bed","{TV,Internet,""Wireless Internet"",Kitchen,Heating,""Family/Kid Friendly"",Washer,Dryer,""Smoke Detector"",""Fire Extinguisher"",Essentials,Shampoo,""24-Hour Check-in"",Hangers,""Hair Dryer"",Iron,""Laptop Friendly Workspace""}","$109.00","$60.00",4,100,10,10,10,10,10,3.24,90
"2268",8627921,"f","Columbia City",47.5608590279057,-122.275967855645,"House","Entire home/apt",4,1,1,2,"Real Bed","{TV,""Cable TV"",Internet,""Wireless Internet"",""Pets Allowed"",""Pets live on this property"",Dog(s),""Indoor Fireplace"",Heating,""Family/Kid Friendly"",Washer,Dryer,""Smoke Detector"",""Carbon Monoxide Detector"",""First Aid Kit"",""Safety Card"",""Fire Extinguisher"",Essentials,Shampoo,Hangers,""Hair Dryer"",Iron,""Laptop Friendly Workspace""}","$70.00","",13,98,10,10,10,10,10,4.53,81
"2269",788146,"f","Columbia City",47.5514219195817,-122.280874705441,"House","Private room",2,1.5,1,1,"Real Bed","{""Wireless Internet"",Kitchen,""Free Parking on Premises"",""Pets live on this property"",Cat(s),""Indoor Fireplace"",Heating,Washer,Dryer,""Smoke Detector"",""Carbon Monoxide Detector"",""First Aid Kit"",""Fire Extinguisher"",Essentials,Shampoo}","$58.00","$20.00",24,97,10,10,10,9,10,0.64,90
"2270",9217446,"f","Columbia City",47.5519523237381,-122.287821897754,"House","Private room",2,1,1,1,"Pull-out Sofa","{TV,Internet,""Wireless Internet"",Kitchen,""Free Parking on Premises"",""Pets live on this property"",Cat(s),Heating,""Family/Kid Friendly"",Washer,Dryer,""Smoke Detector"",""Carbon Monoxide Detector"",Essentials,Shampoo}","$35.00","$15.00",4,100,10,10,10,10,10,2.14,96
"2271",2016613,"f","Columbia City",47.5643264823637,-122.288292037244,"House","Entire home/apt",8,3,4,5,"Real Bed","{TV,""Cable TV"",Internet,""Wireless Internet"",Kitchen,""Free Parking on Premises"",""Hot Tub"",""Indoor Fireplace"",Heating,""Family/Kid Friendly"",""Suitable for Events"",Washer,Dryer,""Smoke Detector"",""Fire Extinguisher"",Shampoo}","$300.00","",16,94,9,10,10,8,9,0.65,102
"2272",2695493,"t","Columbia City",47.5558580987567,-122.272921144154,"House","Entire home/apt",2,1,1,1,"Real Bed","{TV,""Wireless Internet"",Kitchen,""Pets live on this property"",Cat(s),Heating,""Family/Kid Friendly"",Washer,Dryer,""Smoke Detector"",""Carbon Monoxide Detector"",""First Aid Kit"",""Fire Extinguisher"",Essentials}","$95.00","$60.00",18,98,10,10,10,10,10,1,76
"2273",9063355,"f","Columbia City",47.5524121173381,-122.274180476903,"House","Private room",1,1,1,1,"Futon","{TV,Internet,""Wireless Internet"",Kitchen,""Free Parking on Premises"",""Smoking Allowed"",Breakfast,""Pets live on this property"",Cat(s),Heating,Washer,Dryer,Essentials,Shampoo,""24-Hour Check-in"",Hangers,""Hair Dryer"",""Laptop Friendly Workspace""}","$50.00","",0,NA,NA,NA,NA,NA,NA,NA,73
"2274",7922663,"f","Mount Baker",47.5890074276511,-122.297433371534,"House","Private room",2,1,1,1,"Real Bed","{""Wireless Internet"",""Air Conditioning"",""Free Parking on Premises"",Breakfast,Heating,""Smoke Detector"",""Carbon Monoxide Detector"",""Safety Card"",""Fire Extinguisher"",Essentials,Shampoo}","$49.00","",1,100,10,10,10,8,10,1,319
"2275",9415562,"f","Mount Baker",47.5776419234508,-122.28919960382,"House","Private room",1,1,1,1,"Real Bed","{TV,""Wireless Internet"",Kitchen,Heating,""Smoke Detector"",""Carbon Monoxide Detector"",""First Aid Kit"",Essentials}","$55.00","$15.00",0,NA,NA,NA,NA,NA,NA,NA,147
"2276",9075656,"f","Mount Baker",47.5716744974621,-122.28772083668,"House","Private room",2,1,1,1,"Real Bed","{TV,""Wireless Internet"",Kitchen,""Free Parking on Premises"",""Pets live on this property"",Cat(s),Heating,Washer,Dryer,Essentials,Shampoo,Hangers,""Hair Dryer"",""Laptop Friendly Workspace""}","$49.00","",10,100,10,10,10,10,10,4.62,127
"2277",9710851,"f","Mount Baker",47.5749892336443,-122.291086922261,"House","Private room",2,0,1,2,"Real Bed","{Internet,""Wireless Internet"",Kitchen,Gym,Breakfast,""Pets live on this property"",Cat(s),Heating,""Family/Kid Friendly"",Washer,Dryer,Essentials,Shampoo,Hangers,""Hair Dryer"",Iron,""Laptop Friendly Workspace""}","$40.00","$10.00",0,NA,NA,NA,NA,NA,NA,NA,146
"2278",1983713,"f","Mount Baker",47.5909086375955,-122.294777673614,"House","Entire home/apt",4,1,1,1,"Real Bed","{TV,""Cable TV"",Internet,""Wireless Internet"",Kitchen,""Pets Allowed"",Heating,""Family/Kid Friendly"",Washer,Dryer,""Smoke Detector"",""Carbon Monoxide Detector"",Essentials,Shampoo}","$95.00","$75.00",13,97,10,10,10,10,10,0.63,320
"2279",7363727,"t","Mount Baker",47.5786865780148,-122.291524643939,"House","Private room",2,1,1,1,"Real Bed","{TV,""Cable TV"",Internet,""Wireless Internet"",""Free Parking on Premises"",""Pets live on this property"",Cat(s),Heating,Washer,Dryer,""Smoke Detector"",""First Aid Kit"",""Fire Extinguisher"",Essentials,Shampoo}","$70.00","$25.00",26,98,10,10,10,10,10,5.23,183
"2280",10022421,"f","Mount Baker",47.5737635204737,-122.29434170368,"House","Private room",2,1,1,1,"Real Bed","{Internet,""Wireless Internet"",""Free Parking on Premises"",""Pets live on this property"",Dog(s),Heating,""Family/Kid Friendly"",Washer,Dryer,""24-Hour Check-in"",""Laptop Friendly Workspace""}","$74.00","$50.00",0,NA,NA,NA,NA,NA,NA,NA,159
"2281",6274351,"f","Mount Baker",47.5758907019804,-122.288477810212,"House","Private room",1,1,1,1,"Real Bed","{TV,""Cable TV"",Internet,""Wireless Internet"",Kitchen,""Free Parking on Premises"",""Pets Allowed"",Heating,""Family/Kid Friendly"",Washer,Dryer,""Smoke Detector"",Essentials,Shampoo}","$90.00","",7,100,10,10,10,10,10,0.99,137
"2282",777159,"t","Mount Baker",47.5793103478358,-122.292886018419,"House","Entire home/apt",7,3,3,3,"Real Bed","{""Cable TV"",Internet,""Wireless Internet"",Kitchen,Breakfast,Heating,""Family/Kid Friendly"",""Suitable for Events"",Washer,Dryer,""Smoke Detector"",""Carbon Monoxide Detector"",Essentials,Shampoo}","$150.00","$120.00",19,93,9,10,10,9,9,0.65,213
"2283",3922845,"f","Mount Baker",47.5797835631842,-122.291729461513,"House","Entire home/apt",4,1.5,4,3,"Real Bed","{TV,""Cable TV"",Internet,""Wireless Internet"",Kitchen,""Free Parking on Premises"",""Pets Allowed"",Heating,""Family/Kid Friendly"",""Suitable for Events"",Washer,Dryer,""Smoke Detector"",""Fire Extinguisher"",Essentials,Shampoo}","$175.00","",0,NA,NA,NA,NA,NA,NA,NA,214
"2284",674113,"f","Mount Baker",47.5684082524041,-122.286214045228,"House","Private room",1,1,1,1,"Real Bed","{TV,""Wireless Internet"",Kitchen,""Free Parking on Premises"",""Indoor Fireplace"",Heating,Shampoo}","$42.00","",190,96,10,10,10,9,10,7.06,108
"2285",8053128,"t","Mount Baker",47.5907481277902,-122.295345936471,"House","Private room",2,1.5,1,1,"Real Bed","{TV,Internet,""Wireless Internet"",Kitchen,""Free Parking on Premises"",Heating,""Family/Kid Friendly"",Washer,Dryer,""Smoke Detector"",""Carbon Monoxide Detector"",""First Aid Kit"",""Fire Extinguisher"",Essentials,Shampoo}","$59.00","$12.00",3,100,9,10,10,10,10,0.89,320
"2286",7534300,"f","Mount Baker",47.5909588198942,-122.294553315333,"Bed & Breakfast","Private room",3,2,1,2,"Real Bed","{""Cable TV"",""Wireless Internet"",""Air Conditioning"",""Free Parking on Premises"",Breakfast,""Pets live on this property"",Dog(s),""Indoor Fireplace"",Heating,Washer,Dryer,""Smoke Detector"",""Carbon Monoxide Detector"",""Fire Extinguisher"",Essentials,Shampoo}","$125.00","$35.00",6,100,10,10,10,10,10,1.15,317
"2287",1009838,"f","Mount Baker",47.5694732599727,-122.280106515633,"House","Private room",3,1,1,1,"Real Bed","{Internet,""Wireless Internet"",Kitchen,""Free Parking on Premises"",""Smoking Allowed"",""Pets live on this property"",Cat(s),""Hot Tub"",Heating,""Family/Kid Friendly"",Washer,Dryer,""Smoke Detector"",""First Aid Kit"",""Fire Extinguisher"",Essentials,Shampoo}","$85.00","$50.00",56,90,9,10,10,9,9,1.8,95
"2288",9823290,"f","Mount Baker",47.585650072087,-122.292886510385,"House","Private room",2,1,1,1,"Real Bed","{""Wireless Internet"",""Free Parking on Premises"",Breakfast,Heating,""Family/Kid Friendly"",""Smoke Detector"",""Carbon Monoxide Detector"",""Fire Extinguisher"",Essentials,Shampoo,""24-Hour Check-in"",Hangers,""Hair Dryer""}","$80.00","",1,100,10,10,10,10,10,1,266
"2289",5194332,"t","Mount Baker",47.5834932048102,-122.288971535041,"Apartment","Entire home/apt",3,1,0,1,"Real Bed","{TV,""Cable TV"",Internet,""Wireless Internet"",Kitchen,""Free Parking on Premises"",Breakfast,""Pets live on this property"",Cat(s),""Hot Tub"",Heating,""Family/Kid Friendly"",""Smoke Detector"",""Fire Extinguisher"",Shampoo}","$125.00","$20.00",21,99,10,10,10,10,10,3.56,218
"2290",841274,"f","Mount Baker",47.5835724112612,-122.295901024476,"Apartment","Entire home/apt",5,1,1,3,"Real Bed","{""Wireless Internet"",""Air Conditioning"",Kitchen,""Pets live on this property"",Dog(s),""Other pet(s)"",Heating,""Family/Kid Friendly"",Washer,Dryer,""Smoke Detector"",""Carbon Monoxide Detector"",""First Aid Kit"",""Safety Card"",""Fire Extinguisher"",Essentials,Shampoo}","$90.00","$60.00",69,95,10,10,10,10,10,2.04,268
"2291",8904748,"f","Mount Baker",47.5849146418578,-122.291848605198,"House","Entire home/apt",5,2,2,3,"Real Bed","{TV,""Cable TV"",Internet,""Wireless Internet"",Kitchen,""Free Parking on Premises"",""Indoor Fireplace"",Heating,Washer,Dryer,""Smoke Detector"",""First Aid Kit"",""Safety Card"",""Fire Extinguisher"",Essentials,""24-Hour Check-in"",""Hair Dryer"",Iron}","$125.00","$100.00",3,100,10,10,10,9,10,3,257
"2292",8734809,"f","Mount Baker",47.5652986096232,-122.284719196729,"Apartment","Entire home/apt",4,1,1,2,"Real Bed","{""Wireless Internet"",Kitchen,""Free Parking on Premises"",""Pets live on this property"",Dog(s),Heating,""Family/Kid Friendly"",Washer,Dryer,""Smoke Detector"",""First Aid Kit"",""Fire Extinguisher"",Essentials,Shampoo}","$70.00","$50.00",2,100,10,10,10,10,10,1.76,96
"2293",7562331,"f","Mount Baker",47.5741065700493,-122.285061803206,"Apartment","Entire home/apt",4,1,1,1,"Real Bed","{TV,Internet,""Wireless Internet"",Kitchen,""Free Parking on Premises"",""Pets Allowed"",""Pets live on this property"",Dog(s),Cat(s),Heating,""Family/Kid Friendly"",Washer,Dryer,""Smoke Detector"",""Carbon Monoxide Detector"",""First Aid Kit"",""Fire Extinguisher"",Essentials,Shampoo}","$95.00","$75.00",0,NA,NA,NA,NA,NA,NA,NA,125
"2294",4461706,"t","Mount Baker",47.5684074937215,-122.281218750172,"Camper/RV","Entire home/apt",2,1,1,1,"Real Bed","{TV,""Wireless Internet"",""Air Conditioning"",Kitchen,""Free Parking on Premises"",""Pets live on this property"",Dog(s),Heating,""Smoke Detector"",""Carbon Monoxide Detector"",""First Aid Kit"",""Fire Extinguisher"",Shampoo}","$99.00","$30.00",28,100,10,10,10,10,10,3.78,91
"2295",3890786,"f","Mount Baker",47.5896304785001,-122.295166127696,"Apartment","Entire home/apt",6,1,2,3,"Real Bed","{TV,""Cable TV"",Internet,""Wireless Internet"",Kitchen,""Free Parking on Premises"",""Indoor Fireplace"",Heating,""Family/Kid Friendly"",Washer,Dryer,""Smoke Detector"",""Carbon Monoxide Detector"",""First Aid Kit"",""Fire Extinguisher"",Essentials}","$155.00","$125.00",2,100,9,10,10,9,10,0.14,309
"2296",8474253,"f","Mount Baker",47.5779351416917,-122.294051711769,"House","Entire home/apt",2,1,1,1,"Real Bed","{TV,""Cable TV"",Internet,""Wireless Internet"",Kitchen,Washer,Dryer,""Smoke Detector"",""Carbon Monoxide Detector"",""Fire Extinguisher"",Essentials}","$80.00","$61.00",0,NA,NA,NA,NA,NA,NA,NA,203
"2297",5559063,"f","Mount Baker",47.5890758255632,-122.297658519686,"House","Entire home/apt",4,1.5,2,2,"Real Bed","{}","$140.00","$80.00",2,80,10,10,10,9,8,0.24,320
"2298",4126284,"f","Mount Baker",47.5664960257722,-122.286412232799,"Apartment","Private room",2,1.5,1,1,"Futon","{TV,Internet,""Wireless Internet"",Kitchen,""Pets live on this property"",Dog(s),Heating,Washer,Dryer,""Smoke Detector"",""Carbon Monoxide Detector"",""First Aid Kit"",""Fire Extinguisher""}","$50.00","$50.00",7,89,9,9,9,7,9,0.44,106
"2299",1209447,"f","Mount Baker",47.5682171747306,-122.281673188332,"House","Entire home/apt",6,2,3,3,"Real Bed","{TV,Internet,""Wireless Internet"",Kitchen,""Free Parking on Premises"",""Pets Allowed"",Heating,""Family/Kid Friendly"",Washer,Dryer}","$139.00","$60.00",7,89,9,10,10,9,10,0.24,97
"2300",4364285,"f","Mount Baker",47.5648608071913,-122.28544558181,"House","Entire home/apt",5,1.5,2,2,"Real Bed","{TV,Internet,""Wireless Internet"",Kitchen,""Free Parking on Premises"",""Pets Allowed"",Heating,""Family/Kid Friendly"",Washer,Dryer,""Smoke Detector"",""Carbon Monoxide Detector"",""First Aid Kit"",""Fire Extinguisher"",Essentials}","$126.00","$100.00",7,94,9,9,10,9,10,0.52,98
"2301",6716874,"t","Mount Baker",47.5670087919237,-122.281101243748,"Apartment","Entire home/apt",2,1,1,1,"Real Bed","{TV,""Wireless Internet"",""Air Conditioning"",Kitchen,""Free Parking on Premises"",Heating,""Smoke Detector"",""First Aid Kit"",""Fire Extinguisher"",Essentials,Shampoo,Hangers,""Hair Dryer"",Iron,""Laptop Friendly Workspace""}","$105.00","$40.00",20,96,10,10,10,10,10,3.05,94
"2302",4659824,"f","Mount Baker",47.5754814848316,-122.288158702112,"House","Entire home/apt",6,1,2,2,"Real Bed","{""Wireless Internet"",Kitchen,""Free Parking on Premises"",""Pets live on this property"",Dog(s),Heating,""Family/Kid Friendly"",Washer,Dryer,""Smoke Detector"",""Carbon Monoxide Detector"",""First Aid Kit"",""Fire Extinguisher"",Essentials}","$150.00","$80.00",0,NA,NA,NA,NA,NA,NA,NA,137
"2303",3677729,"t","Mount Baker",47.5834440417907,-122.295867735997,"House","Private room",2,1,1,1,"Real Bed","{TV,Internet,""Wireless Internet"",Kitchen,""Free Parking on Premises"",Breakfast,""Pets live on this property"",Cat(s),Heating,""Family/Kid Friendly"",Washer,Dryer,""Smoke Detector"",""Fire Extinguisher"",Essentials,Shampoo}","$80.00","$35.00",21,99,10,10,10,10,10,1.28,267
"2304",1097520,"f","Mount Baker",47.5690427586382,-122.282822027537,"Apartment","Entire home/apt",2,1.5,1,1,"Real Bed","{""Cable TV"",Internet,""Wireless Internet"",""Wheelchair Accessible"",Kitchen,""Free Parking on Premises"",""Smoking Allowed"",Breakfast,""Hot Tub"",""Indoor Fireplace"",Heating,Washer,Dryer,""Smoke Detector"",""Carbon Monoxide Detector"",""Fire Extinguisher"",Essentials,Shampoo}","$92.00","$50.00",90,96,10,10,10,9,10,2.81,100
"2305",2898954,"t","Mount Baker",47.5796360766284,-122.29341107073,"House","Private room",2,1,1,1,"Pull-out Sofa","{""Wireless Internet"",""Free Parking on Premises"",""Pets live on this property"",Dog(s),Heating,Washer,Dryer,""Smoke Detector"",""Carbon Monoxide Detector"",""First Aid Kit"",""Safety Card"",""Fire Extinguisher"",Essentials,Shampoo}","$69.00","",18,98,10,10,10,10,10,4.22,218
"2306",826436,"f","Mount Baker",47.5754992529417,-122.29064478809,"Bed & Breakfast","Private room",2,1,1,1,"Real Bed","{""Cable TV"",Internet,""Wireless Internet"",""Free Parking on Premises"",Breakfast,""Indoor Fireplace"",Heating,""Family/Kid Friendly"",""Smoke Detector"",""Carbon Monoxide Detector"",""Fire Extinguisher"",Essentials}","$75.00","$35.00",39,92,9,10,10,9,9,1.04,142
"2307",774659,"f","Mount Baker",47.5659740075159,-122.284133314147,"House","Entire home/apt",3,NA,1,2,"Real Bed","{""Cable TV"",""Wireless Internet"",Kitchen,""Free Parking on Premises"",""Pets live on this property"",Dog(s),Cat(s),Heating}","$105.00","",40,97,10,10,10,9,10,1.08,96
"2308",3849918,"f","Mount Baker",47.589851448872,-122.295131502524,"Apartment","Entire home/apt",6,1,2,3,"Real Bed","{TV,""Cable TV"",Internet,""Wireless Internet"",Kitchen,""Free Parking on Premises"",""Indoor Fireplace"",Heating,""Family/Kid Friendly"",Washer,Dryer,""Smoke Detector"",""Carbon Monoxide Detector"",""Fire Extinguisher"",Essentials,Hangers,""Hair Dryer"",Iron,""Laptop Friendly Workspace""}","$150.00","$125.00",8,85,9,9,10,8,8,1.16,313
"2309",7382303,"t","Mount Baker",47.5801301558617,-122.285621356514,"House","Entire home/apt",2,1,1,2,"Real Bed","{TV,""Cable TV"",Internet,""Wireless Internet"",Kitchen,""Free Parking on Premises"",""Pets Allowed"",Heating,""Family/Kid Friendly"",Washer,Dryer,""Smoke Detector"",""Carbon Monoxide Detector"",""First Aid Kit"",""Fire Extinguisher"",Essentials,Shampoo}","$150.00","$50.00",25,98,10,10,10,10,10,4.63,127
"2310",5376433,"f","Mount Baker",47.5656738263014,-122.285120595928,"Apartment","Private room",2,1,1,1,"Real Bed","{TV,""Cable TV"",Internet,""Wireless Internet"",Kitchen,Breakfast,""Pets live on this property"",Cat(s),Heating,Washer,Dryer,""Smoke Detector"",""First Aid Kit"",Essentials,Shampoo}","$54.00","",22,94,10,9,9,8,9,2.33,97
"2311",1750681,"f","Mount Baker",47.5685602594852,-122.28642871364,"House","Private room",2,1,1,1,"Real Bed","{Internet,""Wireless Internet"",Kitchen,""Free Parking on Premises"",""Hot Tub"",""Indoor Fireplace"",Heating,""Family/Kid Friendly"",Dryer,""Smoke Detector"",""First Aid Kit"",""Fire Extinguisher"",Shampoo}","$52.00","",80,96,10,9,10,9,10,4.2,110
"2312",7229312,"t","Mount Baker",47.587694007413,-122.29445712986,"Apartment","Entire home/apt",4,1,2,3,"Real Bed","{TV,""Cable TV"",""Wireless Internet"",Kitchen,""Free Parking on Premises"",Heating,Washer,Dryer,""Smoke Detector"",""Carbon Monoxide Detector"",Essentials,Shampoo}","$150.00","$250.00",1,100,10,10,10,10,10,0.21,295
"2313",2520890,"f","Mount Baker",47.5657698597441,-122.285007409869,"House","Private room",2,1,1,1,"Real Bed","{Internet,""Wireless Internet"",""Pets live on this property"",Cat(s),""Other pet(s)"",Heating,""Family/Kid Friendly"",Washer,Dryer,""Smoke Detector"",""Fire Extinguisher"",Essentials,Shampoo}","$80.00","",32,94,9,10,10,8,9,1.61,97
"2314",8391954,"f","Mount Baker",47.5906286537952,-122.289823532734,"House","Entire home/apt",4,1,2,2,"Real Bed","{TV,""Cable TV"",Internet,""Wireless Internet"",""Air Conditioning"",Kitchen,""Free Parking on Premises"",Heating,""Family/Kid Friendly"",""Smoke Detector"",""Carbon Monoxide Detector"",""Fire Extinguisher""}","$200.00","$90.00",3,80,8,10,10,9,8,1.8,286
"2315",797358,"t","Mount Baker",47.5712434646438,-122.290788342495,"House","Private room",2,1,1,1,"Real Bed","{Internet,""Wireless Internet"",Kitchen,""Free Parking on Premises"",""Smoking Allowed"",""Pets live on this property"",Cat(s),""Indoor Fireplace"",Heating,""Family/Kid Friendly"",Washer,Dryer,""Smoke Detector"",""Carbon Monoxide Detector"",""First Aid Kit"",""Safety Card"",""Fire Extinguisher"",Essentials,Shampoo}","$68.00","",67,99,10,10,10,9,10,4.57,136
"2316",7922013,"f","Mount Baker",47.5868374764409,-122.295262324265,"House","Private room",2,1,1,1,"Real Bed","{""Wireless Internet"",""Free Parking on Premises"",Breakfast,Heating,""Smoke Detector"",""Carbon Monoxide Detector"",""Fire Extinguisher"",Essentials,Shampoo,""Lock on Bedroom Door"",""Laptop Friendly Workspace""}","$49.00","",1,100,10,10,10,10,10,1,288
"2317",7956337,"f","Mount Baker",47.588286830813,-122.295912401917,"House","Private room",2,1,1,1,"Real Bed","{""Wireless Internet"",""Air Conditioning"",Kitchen,""Free Parking on Premises"",Breakfast,Heating,""Smoke Detector"",""Carbon Monoxide Detector"",""Safety Card"",""Fire Extinguisher"",Essentials,Shampoo,""Lock on Bedroom Door""}","$39.00","",3,93,10,10,10,9,10,3,301
"2318",2686659,"f","Mount Baker",47.5737794199778,-122.284963635092,"Apartment","Entire home/apt",3,1,1,1,"Real Bed","{""Cable TV"",""Wireless Internet"",Kitchen,""Free Parking on Premises"",""Pets Allowed"",""Pets live on this property"",Dog(s),Heating,""Family/Kid Friendly"",""Smoke Detector"",""Carbon Monoxide Detector"",""First Aid Kit"",""Fire Extinguisher"",Essentials,Shampoo}","$95.00","",46,91,10,10,10,9,9,2.3,122
"2319",755613,"f","Mount Baker",47.5737539458833,-122.292719910153,"Bed & Breakfast","Private room",2,1,1,1,"Real Bed","{Internet,""Wireless Internet"",""Free Parking on Premises"",Breakfast,""Indoor Fireplace"",""Family/Kid Friendly"",""Suitable for Events""}","$89.00","$35.00",46,96,9,10,10,9,9,1.23,147
"2320",1758935,"f","Mount Baker",47.5692892289017,-122.285544887118,"House","Private room",2,1,1,1,"Real Bed","{TV,Internet,""Wireless Internet"",Kitchen,""Free Parking on Premises"",""Indoor Fireplace"",Heating,""Family/Kid Friendly"",Washer,Dryer,""Smoke Detector"",""Carbon Monoxide Detector"",""First Aid Kit"",""Fire Extinguisher"",Shampoo}","$62.00","",206,95,10,10,10,9,10,7.6,108
"2321",8474294,"f","Mount Baker",47.579529442788,-122.293865745773,"House","Entire home/apt",4,2,2,1,"Real Bed","{TV,""Cable TV"",Internet,""Wireless Internet"",Kitchen,""Family/Kid Friendly"",""Smoke Detector"",""Carbon Monoxide Detector"",Essentials}","$81.00","$90.00",1,40,10,2,2,10,8,0.38,219
"2322",3904056,"f","Seward Park",47.5643856139714,-122.269097352095,"Apartment","Entire home/apt",2,1,0,1,"Real Bed","{""Wireless Internet"",Kitchen,""Free Parking on Premises"",Heating,Washer,Dryer,""Smoke Detector"",Essentials}","$70.00","$75.00",7,87,9,10,9,8,8,0.48,66
"2323",7914021,"f","Seward Park",47.5602894639653,-122.269427919989,"House","Entire home/apt",2,1,1,1,"Real Bed","{Internet,""Wireless Internet"",Kitchen,""Free Parking on Premises"",Heating,""Family/Kid Friendly"",Washer,Dryer,""Smoke Detector"",Essentials}","$110.00","",4,95,10,9,10,10,9,1.13,74
"2324",9364302,"f","Seward Park",47.5623297472289,-122.269353852251,"House","Entire home/apt",6,2,3,3,"Real Bed","{TV,""Cable TV"",Internet,""Wireless Internet"",Kitchen,""Free Parking on Premises"",""Pets live on this property"",Dog(s),""Indoor Fireplace"",Heating,Washer,Dryer,""Smoke Detector"",""Carbon Monoxide Detector"",""Fire Extinguisher"",Essentials}","$200.00","$80.00",0,NA,NA,NA,NA,NA,NA,NA,75
"2325",8196883,"f","Seward Park",47.5527053900644,-122.262518622471,"House","Entire home/apt",6,2.5,2,3,"Real Bed","{TV,""Cable TV"",Internet,""Wireless Internet"",Kitchen,""Free Parking on Premises"",Heating,Washer,Dryer,""Smoke Detector"",Hangers,Iron,""Laptop Friendly Workspace""}","$100.00","$40.00",0,NA,NA,NA,NA,NA,NA,NA,52
"2326",7938153,"f","Seward Park",47.551768605922,-122.26177667167,"House","Private room",2,1,1,1,"Real Bed","{Internet,""Wireless Internet"",Kitchen,""Free Parking on Premises"",Breakfast,""Pets live on this property"",Cat(s),Heating,""Family/Kid Friendly"",Washer,Dryer,""Smoke Detector"",""Carbon Monoxide Detector"",""First Aid Kit"",""Fire Extinguisher"",Essentials,Shampoo}","$63.00","$25.00",5,100,10,10,10,10,10,1.23,52
"2327",2763078,"f","Seward Park",47.5592083362876,-122.274705338625,"House","Private room",3,1,1,2,"Real Bed","{Internet,""Wireless Internet"",Kitchen,""Free Parking on Premises"",Heating,Essentials,Shampoo}","$70.00","$20.00",97,92,9,10,10,9,9,4.66,83
"2328",3258213,"t","Seward Park",47.544622345644,-122.269518872106,"House","Private room",2,1,1,1,"Real Bed","{TV,""Cable TV"",Internet,""Wireless Internet"",""Air Conditioning"",""Wheelchair Accessible"",Kitchen,""Free Parking on Premises"",Breakfast,Heating,""Family/Kid Friendly"",Washer,Dryer,""Smoke Detector"",""First Aid Kit"",""Safety Card"",""Fire Extinguisher"",Essentials,Shampoo,Hangers,""Hair Dryer"",Iron,""Laptop Friendly Workspace""}","$60.00","$10.00",44,100,10,10,10,9,10,2.45,70
"2329",7809455,"t","Seward Park",47.550842010662,-122.27006763085,"House","Private room",2,1,1,1,"Real Bed","{TV,""Cable TV"",Internet,""Wireless Internet"",Kitchen,""Free Parking on Premises"",""Pets live on this property"",Cat(s),""Hot Tub"",""Indoor Fireplace"",Heating,""Family/Kid Friendly"",Washer,Dryer,""Smoke Detector"",""Carbon Monoxide Detector"",""First Aid Kit"",""Fire Extinguisher"",Essentials,Shampoo,""24-Hour Check-in"",Hangers,""Laptop Friendly Workspace""}","$39.00","",21,97,10,10,10,9,10,4.44,71
"2330",8409949,"f","Seward Park",47.544366489874,-122.268519373847,"House","Private room",2,1,1,1,"Real Bed","{Internet,""Wireless Internet"",Kitchen,""Free Parking on Premises"",Breakfast,""Indoor Fireplace"",Heating,""Family/Kid Friendly"",Washer,Dryer,""Smoke Detector"",""Carbon Monoxide Detector"",""Fire Extinguisher"",Essentials,Shampoo}","$36.00","$10.00",19,94,10,9,10,9,10,5.94,68
"2331",2150760,"f","Seward Park",47.5524365547125,-122.270692134204,"House","Entire home/apt",2,1,0,1,"Real Bed","{""Wireless Internet"",Kitchen,""Pets live on this property"",Heating,Essentials}","$100.00","",40,94,10,10,9,9,9,1.82,71
"2332",5424448,"f","Seward Park",47.5596012953792,-122.272153915046,"House","Entire home/apt",6,2,3,4,"Real Bed","{TV,Internet,""Wireless Internet"",Kitchen,""Free Parking on Premises"",""Indoor Fireplace"",Heating,""Family/Kid Friendly"",Washer,Dryer,""Smoke Detector"",""Carbon Monoxide Detector"",""Fire Extinguisher""}","$250.00","$100.00",1,80,10,10,10,8,8,0.18,81
"2333",1606171,"f","Seward Park",47.5458989206423,-122.263749345615,"Apartment","Private room",2,1,1,1,"Real Bed","{TV,Internet,""Wireless Internet"",Kitchen,""Free Parking on Premises"",Heating,""Smoke Detector"",""Carbon Monoxide Detector"",""First Aid Kit"",""Safety Card"",""Fire Extinguisher"",Essentials}","$38.00","",166,93,9,10,10,9,10,6.04,54
"2334",136480,"f","Seward Park",47.5550843544871,-122.264553261544,"House","Private room",2,1,1,1,"Real Bed","{""Wireless Internet"",Kitchen,""Pets live on this property"",Cat(s),Heating,Washer,Dryer}","$65.00","",34,95,10,10,10,9,10,1.12,59
"2335",4863369,"t","Seward Park",47.5654257971254,-122.276441149408,"House","Private room",2,1,1,1,"Real Bed","{Internet,""Wireless Internet"",""Pets live on this property"",Dog(s),""Other pet(s)"",Heating,""Family/Kid Friendly"",""Smoke Detector"",Essentials,Shampoo}","$68.00","$10.00",55,97,10,10,10,9,10,5.45,84
"2336",7547290,"f","Seward Park",47.5473219023606,-122.271623529832,"Apartment","Entire home/apt",4,1,2,2,"Real Bed","{TV,Internet,""Wireless Internet"",""Free Parking on Premises"",""Pets live on this property"",Dog(s),Cat(s),Heating,""Family/Kid Friendly"",""Smoke Detector"",""Carbon Monoxide Detector"",""First Aid Kit"",""Fire Extinguisher"",Essentials,Shampoo,""24-Hour Check-in"",Hangers,""Hair Dryer"",Iron,""Laptop Friendly Workspace""}","$110.00","$50.00",15,95,10,10,10,9,10,3.63,72
"2337",5918259,"t","Seward Park",47.5681646227417,-122.27464867975,"Apartment","Entire home/apt",2,1,1,1,"Real Bed","{Internet,""Wireless Internet"",Kitchen,""Free Parking on Premises"",""Pets live on this property"",Dog(s),""Hot Tub"",Heating,Washer,Dryer,""Smoke Detector"",Essentials}","$100.00","$50.00",31,99,10,10,10,10,10,3.91,86
"2338",5804875,"f","Seward Park",47.5518441464244,-122.262282640508,"House","Entire home/apt",5,1,2,2,"Real Bed","{TV,""Cable TV"",Internet,""Wireless Internet"",""Free Parking on Premises"",""Hot Tub"",""Indoor Fireplace"",Heating,""Family/Kid Friendly"",Washer,Dryer,Essentials,Shampoo}","$99.00","",2,100,9,10,10,9,9,2,52
"2339",8409941,"f","Seward Park",47.5436138768074,-122.267833500805,"House","Private room",2,1,1,1,"Real Bed","{Internet,""Wireless Internet"",Kitchen,""Free Parking on Premises"",Breakfast,""Indoor Fireplace"",Heating,""Family/Kid Friendly"",Washer,Dryer,""Smoke Detector"",""Carbon Monoxide Detector"",""Fire Extinguisher"",Essentials,Shampoo,""Lock on Bedroom Door"",""24-Hour Check-in"",""Hair Dryer"",Iron}","$34.00","$10.00",12,96,10,10,10,10,9,5.63,66
"2340",8409969,"f","Seward Park",47.5449608927788,-122.269233208351,"House","Private room",2,1,1,1,"Real Bed","{Internet,""Wireless Internet"",Kitchen,""Free Parking on Premises"",Breakfast,""Indoor Fireplace"",Heating,""Family/Kid Friendly"",Washer,Dryer,""Smoke Detector"",""Carbon Monoxide Detector"",""Fire Extinguisher"",Essentials,Shampoo}","$41.00","$10.00",21,95,10,10,9,9,10,5.94,70
"2341",9170870,"f","Seward Park",47.5653935995978,-122.271653291075,"House","Entire home/apt",4,1,1,2,"Real Bed","{""Cable TV"",Internet,""Wireless Internet"",Kitchen,""Pets Allowed"",Heating,""Family/Kid Friendly"",""Suitable for Events"",Washer,Dryer,""Smoke Detector"",""Carbon Monoxide Detector"",""First Aid Kit"",""Safety Card"",""Fire Extinguisher"",Essentials,Shampoo,""24-Hour Check-in"",Hangers,""Hair Dryer"",Iron,""Laptop Friendly Workspace""}","$98.00","$100.00",1,80,10,10,10,8,8,0.79,82
"2342",6168975,"t","Seward Park",47.5627825656219,-122.271917307209,"House","Entire home/apt",5,2,2,3,"Real Bed","{TV,Internet,""Wireless Internet"",""Air Conditioning"",Kitchen,""Free Parking on Premises"",""Pets live on this property"",Cat(s),""Indoor Fireplace"",Heating,""Suitable for Events"",""Smoke Detector"",""Carbon Monoxide Detector"",""First Aid Kit"",""Fire Extinguisher"",Essentials,Shampoo}","$188.00","$95.00",26,96,10,10,10,10,10,3.8,80
"2343",7263506,"f","Seward Park",47.557082593258,-122.275045694163,"Apartment","Entire home/apt",3,1,0,2,"Real Bed","{TV,""Cable TV"",Internet,""Wireless Internet"",Kitchen,""Free Parking on Premises"",""Pets live on this property"",Dog(s),Cat(s),""Indoor Fireplace"",Heating,""Family/Kid Friendly"",Washer,Dryer,""Smoke Detector"",""Carbon Monoxide Detector"",""First Aid Kit"",""Fire Extinguisher"",Essentials,Shampoo,Hangers,""Hair Dryer"",Iron,""Laptop Friendly Workspace""}","$85.00","$20.00",6,100,10,10,10,10,10,2.65,81
"2344",7037522,"f","Seward Park",47.5605246490603,-122.26633250905,"Apartment","Entire home/apt",2,1,0,1,"Real Bed","{""Cable TV"",""Wireless Internet"",Kitchen,""Free Parking on Premises"",Breakfast,Heating,Washer,Dryer,""Smoke Detector"",""Carbon Monoxide Detector"",""Fire Extinguisher"",Essentials,Shampoo}","$80.00","$25.00",27,96,10,10,10,10,10,4.53,53
"2345",1416763,"f","Seward Park",47.5442828495729,-122.264316411168,"House","Entire home/apt",8,1.5,4,4,"Real Bed","{TV,""Cable TV"",Internet,""Wireless Internet"",Kitchen,""Free Parking on Premises"",""Pets Allowed"",""Indoor Fireplace"",Heating,""Family/Kid Friendly"",""Suitable for Events"",Washer,Dryer,""Smoke Detector"",""Carbon Monoxide Detector"",""First Aid Kit"",""Fire Extinguisher"",Shampoo}","$150.00","$250.00",28,90,9,9,10,9,9,0.95,57
"2346",3726391,"t","Seward Park",47.5467239464665,-122.269902577227,"House","Entire home/apt",5,2,3,3,"Real Bed","{TV,""Cable TV"",Internet,""Wireless Internet"",""Air Conditioning"",""Wheelchair Accessible"",Kitchen,""Free Parking on Premises"",Breakfast,Heating,""Family/Kid Friendly"",Washer,Dryer,""Smoke Detector"",""First Aid Kit"",""Fire Extinguisher"",Essentials,Shampoo}","$160.00","$35.00",1,100,10,10,10,8,10,0.06,72
"2347",10188794,"f","Seward Park",47.565438885913,-122.270021757018,"Apartment","Entire home/apt",2,1,1,1,"Real Bed","{""Wireless Internet"",Kitchen,""Free Parking on Premises"",""Indoor Fireplace"",Heating,Washer,Dryer,Essentials,Shampoo,Hangers,""Laptop Friendly Workspace""}","$99.00","$25.00",0,NA,NA,NA,NA,NA,NA,NA,71
"2348",3488436,"f","Seward Park",47.5407971667969,-122.265118233801,"House","Private room",4,1,1,3,"Real Bed","{TV,""Cable TV"",Internet,""Wireless Internet"",Kitchen,""Free Parking on Premises"",""Pets Allowed"",""Indoor Fireplace"",Heating,""Family/Kid Friendly"",Washer,Dryer,""Smoke Detector"",""Carbon Monoxide Detector"",""First Aid Kit"",Essentials,Shampoo}","$75.00","",30,94,10,10,10,9,9,2.74,53
"2349",1277033,"f","Seward Park",47.5477923566498,-122.266202565302,"House","Private room",4,1,1,2,"Real Bed","{Internet,""Wireless Internet"",""Free Parking on Premises"",Heating,""Family/Kid Friendly"",Washer,Dryer,Essentials,Shampoo}","$75.00","$20.00",32,96,10,10,10,9,10,1.68,65
"2350",5241195,"f","Seward Park",47.5465998867922,-122.26452212199,"Apartment","Entire home/apt",5,1,1,1,"Real Bed","{TV,""Cable TV"",Internet,""Wireless Internet"",""Air Conditioning"",""Free Parking on Premises"",""Indoor Fireplace"",Heating,""Family/Kid Friendly"",Washer,Dryer,""Smoke Detector"",""Carbon Monoxide Detector"",""First Aid Kit"",""Fire Extinguisher"",Shampoo}","$65.00","$65.00",0,NA,NA,NA,NA,NA,NA,NA,59
"2351",2736961,"f","Seward Park",47.5517040871815,-122.269744911163,"House","Entire home/apt",3,1,0,1,"Real Bed","{TV,""Cable TV"",Internet,""Wireless Internet"",""Wheelchair Accessible"",""Free Parking on Premises"",Heating,""Family/Kid Friendly"",""Smoke Detector"",""Carbon Monoxide Detector"",Essentials,Shampoo,""24-Hour Check-in"",Hangers,""Hair Dryer"",Iron,""Laptop Friendly Workspace""}","$95.00","$35.00",54,96,10,10,10,9,10,2.56,71
"2352",4716486,"f","Seward Park",47.5518110279937,-122.267606908684,"House","Entire home/apt",4,1,1,1,"Real Bed","{""Wireless Internet"",Kitchen,""Free Parking on Premises"",""Pets Allowed"",Heating,Dryer,""Fire Extinguisher"",Essentials}","$90.00","$35.00",6,88,8,10,10,9,9,1.48,70
"2353",7386675,"f","Seward Park",47.5556844489542,-122.266459012956,"House","Entire home/apt",7,1,2,5,"Real Bed","{""Wireless Internet"",Kitchen,""Free Parking on Premises"",""Pets Allowed"",""Pets live on this property"",Dog(s),""Other pet(s)"",Heating,""Family/Kid Friendly"",Washer,Dryer,""Smoke Detector"",""Carbon Monoxide Detector"",Essentials,Shampoo}","$250.00","",1,100,8,10,10,10,8,0.19,64
"2354",5240694,"f","Seward Park",47.5519961250977,-122.26472164456,"House","Entire home/apt",8,1,1,3,"Real Bed","{TV,""Cable TV"",Internet,""Wireless Internet"",""Wheelchair Accessible"",Pool,Kitchen,""Free Parking on Premises"",""Pets Allowed"",""Pets live on this property"",Dog(s),Cat(s),""Hot Tub"",Heating,""Family/Kid Friendly"",""Suitable for Events"",Washer,Dryer,""Smoke Detector"",""Carbon Monoxide Detector"",""First Aid Kit"",""Fire Extinguisher"",Shampoo}","$115.00","$50.00",16,95,10,10,10,9,10,1.86,61
"2355",8566501,"f","Seward Park",47.5639614673675,-122.273554909746,"House","Private room",4,1.5,1,4,"Real Bed","{TV,""Wireless Internet"",""Air Conditioning"",Kitchen,""Free Parking on Premises"",Heating,""Family/Kid Friendly"",Washer,Dryer,""Smoke Detector"",""Carbon Monoxide Detector"",""First Aid Kit""}","$93.00","$100.00",0,NA,NA,NA,NA,NA,NA,NA,82
"2356",7402861,"f","Seward Park",47.5600025702751,-122.273673663593,"House","Private room",2,1,1,1,"Real Bed","{TV,Internet,""Wireless Internet"",Kitchen,Heating,""Smoke Detector"",""First Aid Kit"",""Fire Extinguisher"",Essentials,Shampoo,Hangers,""Hair Dryer"",""Laptop Friendly Workspace""}","$45.00","",4,95,10,10,10,10,10,0.78,82
"2357",741699,"t","Seward Park",47.5554631736805,-122.272183819934,"House","Entire home/apt",4,1,2,2,"Real Bed","{TV,""Cable TV"",Internet,""Wireless Internet"",Kitchen,""Free Parking on Premises"",""Pets Allowed"",""Indoor Fireplace"",Heating,""Family/Kid Friendly"",""Suitable for Events"",Washer,Dryer,Shampoo}","$168.00","$40.00",145,95,9,10,10,9,9,4.19,73
"2358",6108006,"t","Seward Park",47.5558175105363,-122.265351601914,"Apartment","Entire home/apt",2,1,1,1,"Real Bed","{TV,""Wireless Internet"",Kitchen,""Free Parking on Premises"",""Pets live on this property"",Dog(s),Heating,""Smoke Detector"",""Carbon Monoxide Detector"",""Fire Extinguisher"",Essentials,Shampoo}","$127.00","$50.00",21,99,10,10,10,10,10,2.97,60
"2359",8409962,"f","Seward Park",47.5455970350609,-122.269792382261,"House","Private room",2,1,1,1,"Real Bed","{Internet,""Wireless Internet"",Kitchen,""Free Parking on Premises"",Breakfast,""Indoor Fireplace"",Heating,""Family/Kid Friendly"",Washer,Dryer,""Smoke Detector"",""Carbon Monoxide Detector"",""Fire Extinguisher"",Essentials,Shampoo}","$35.00","$10.00",12,95,10,9,10,9,10,3.4,70
"2360",5834820,"t","Seward Park",47.5586360867769,-122.264484125562,"House","Private room",2,1,1,2,"Real Bed","{""Wireless Internet"",Heating,""Smoke Detector"",""Carbon Monoxide Detector"",""First Aid Kit"",Essentials}","$65.00","$15.00",26,99,10,10,10,10,10,3.17,53
"2361",6741135,"f","Seward Park",47.5466051625536,-122.266681839841,"House","Entire home/apt",7,3.5,3,5,"Real Bed","{TV,""Cable TV"",Internet,""Wireless Internet"",Kitchen,""Free Parking on Premises"",""Pets live on this property"",Cat(s),""Indoor Fireplace"",Heating,""Family/Kid Friendly"",Washer,Dryer,""Smoke Detector"",""Carbon Monoxide Detector"",""First Aid Kit"",""Fire Extinguisher"",Essentials,Shampoo}","$279.00","$125.00",2,100,10,10,10,10,10,0.41,66
"2362",6555393,"f","Seward Park",47.5627718607058,-122.272853952083,"House","Entire home/apt",4,1,1,2,"Real Bed","{TV,Internet,""Wireless Internet"",Kitchen,""Free Parking on Premises"",""Pets live on this property"",""Indoor Fireplace"",Heating,""Family/Kid Friendly"",Washer,Dryer,""Smoke Detector"",""Carbon Monoxide Detector"",""First Aid Kit"",""Fire Extinguisher"",Essentials,Shampoo}","$93.00","$50.00",14,93,10,10,10,10,10,2.44,82
"2363",67270,"f","Seward Park",47.561681429076,-122.272122827975,"House","Private room",2,1,1,1,"Real Bed","{Internet,""Wireless Internet"",""Free Parking on Premises"",""Pets live on this property"",Dog(s),Cat(s),Heating,""Smoke Detector"",""Carbon Monoxide Detector"",""First Aid Kit"",Essentials,Shampoo,""Lock on Bedroom Door"",Hangers,""Hair Dryer"",Iron,""Laptop Friendly Workspace""}","$65.00","",148,96,10,10,10,10,10,2.52,80
"2364",7005538,"t","Seward Park",47.5506054316358,-122.268129183401,"House","Entire home/apt",8,2,4,5,"Real Bed","{TV,""Cable TV"",Internet,""Wireless Internet"",Kitchen,""Free Parking on Premises"",""Pets Allowed"",""Pets live on this property"",Cat(s),""Hot Tub"",""Indoor Fireplace"",Heating,""Family/Kid Friendly"",Washer,Dryer,""Smoke Detector"",""Carbon Monoxide Detector"",""First Aid Kit"",""Fire Extinguisher"",Essentials,Shampoo}","$150.00","$125.00",4,100,10,10,10,9,10,0.71,71
"2365",1827586,"f","Seward Park",47.5535127370466,-122.261609816867,"House","Entire home/apt",8,2,3,3,"Real Bed","{TV,""Cable TV"",Internet,""Wireless Internet"",""Wheelchair Accessible"",Kitchen,""Free Parking on Premises"",""Pets Allowed"",""Pets live on this property"",Cat(s),""Indoor Fireplace"",Heating,""Family/Kid Friendly"",Washer,Dryer,""Smoke Detector"",""Carbon Monoxide Detector"",""First Aid Kit"",""Fire Extinguisher"",Essentials,Shampoo}","$375.00","$100.00",17,94,9,10,10,10,10,0.71,53
"2366",7900497,"f","North Delridge",47.5665469219031,-122.365442279216,"Apartment","Entire home/apt",2,1,0,1,"Real Bed","{TV,Internet,""Wireless Internet"",Kitchen,Heating,Essentials}","$85.00","",1,100,10,10,10,10,10,0.25,79
"2367",8157486,"f","North Delridge",47.5648607877757,-122.369352064945,"House","Private room",2,1.5,1,1,"Real Bed","{TV,Kitchen,""Free Parking on Premises"",""Pets Allowed"",""Pets live on this property"",Dog(s),""Indoor Fireplace"",Heating,""Family/Kid Friendly"",Washer,Dryer,""Smoke Detector"",""Carbon Monoxide Detector"",Essentials,Shampoo}","$50.00","$20.00",0,NA,NA,NA,NA,NA,NA,NA,71
"2368",4809486,"f","North Delridge",47.5562603900292,-122.363309783561,"House","Private room",2,1,1,1,"Real Bed","{""Cable TV"",Internet,""Wireless Internet"",Kitchen,""Free Parking on Premises"",""Pets Allowed"",""Pets live on this property"",Dog(s),""Indoor Fireplace"",Heating,Washer,Dryer,""Smoke Detector"",""Carbon Monoxide Detector"",""First Aid Kit"",Essentials,Shampoo}","$55.00","$25.00",4,100,10,10,10,10,10,0.94,83
"2369",9849122,"f","North Delridge",47.5684504344476,-122.362067067524,"House","Private room",2,1,1,1,"Real Bed","{Internet,""Wireless Internet"",Kitchen,""Free Parking on Premises"",""Smoking Allowed"",Heating,""Family/Kid Friendly"",Washer,Dryer,""Smoke Detector"",""Carbon Monoxide Detector"",""Fire Extinguisher"",Essentials,Shampoo,Hangers,""Laptop Friendly Workspace""}","$35.00","",2,100,10,10,10,10,10,2,94
"2370",9351911,"f","North Delridge",47.561386696486,-122.363915008964,"House","Private room",2,1.5,1,1,"Real Bed","{TV,Internet,""Wireless Internet"",Kitchen,""Free Parking on Premises"",""Pets live on this property"",Heating,Washer,Dryer,""Smoke Detector"",Essentials,Shampoo}","$85.00","",0,NA,NA,NA,NA,NA,NA,NA,88
"2371",3993960,"t","North Delridge",47.562106418082,-122.361731204982,"House","Entire home/apt",2,1,1,1,"Real Bed","{TV,""Cable TV"",Internet,""Wireless Internet"",Kitchen,""Free Parking on Premises"",Breakfast,Heating,Washer,Dryer,""Smoke Detector"",Essentials,Shampoo}","$75.00","$20.00",20,96,9,10,10,9,10,1.26,85
"2372",8989807,"f","North Delridge",47.5569117683189,-122.362250034788,"Townhouse","Entire home/apt",3,1.5,2,2,"Real Bed","{TV,Internet,""Wireless Internet"",Kitchen,""Pets Allowed"",""Hot Tub"",""Indoor Fireplace"",Heating,""Family/Kid Friendly"",Washer,Dryer,""Smoke Detector"",""Carbon Monoxide Detector"",""First Aid Kit"",Essentials}","$70.00","",0,NA,NA,NA,NA,NA,NA,NA,83
"2373",5299060,"f","North Delridge",47.5612972637559,-122.362401661618,"Apartment","Entire home/apt",2,1,1,1,"Real Bed","{""Cable TV"",""Wireless Internet"",Kitchen,Heating,Washer,Dryer,""Smoke Detector"",""Carbon Monoxide Detector"",""Fire Extinguisher"",Essentials,Shampoo,Hangers,""Hair Dryer"",Iron,""Laptop Friendly Workspace""}","$65.00","$25.00",60,96,10,10,10,9,10,6.14,85
"2374",3115801,"t","North Delridge",47.5623592757304,-122.360277663101,"Apartment","Entire home/apt",2,1,1,1,"Real Bed","{TV,""Wireless Internet"",Kitchen,""Free Parking on Premises"",Heating,Washer,Dryer,""Smoke Detector"",""Carbon Monoxide Detector"",Essentials,Shampoo,""24-Hour Check-in"",Hangers,""Hair Dryer"",Iron,""Laptop Friendly Workspace""}","$99.00","$40.00",5,100,10,10,10,9,9,0.27,85
"2375",9153365,"f","North Delridge",47.5605175953698,-122.36253587382,"Apartment","Entire home/apt",4,1,2,2,"Real Bed","{TV,""Cable TV"",""Wireless Internet"",Kitchen,""Free Parking on Premises"",""Pets Allowed"",""Hot Tub"",""Buzzer/Wireless Intercom"",Heating,""Family/Kid Friendly"",""Suitable for Events"",Washer,Dryer,Essentials,Shampoo,""24-Hour Check-in"",Hangers,""Hair Dryer"",Iron}","$75.00","",1,100,10,10,10,10,10,1,85
"2376",10015967,"f","North Delridge",47.564037892713,-122.373525868027,"House","Private room",2,1,1,1,"Real Bed","{TV,Internet,""Wireless Internet"",Kitchen,""Free Parking on Premises"",""Pets Allowed"",""Pets live on this property"",Heating,Washer,Dryer,""Smoke Detector"",""Carbon Monoxide Detector""}","$100.00","",0,NA,NA,NA,NA,NA,NA,NA,63
"2377",284480,"f","North Delridge",47.5678301180422,-122.370045687459,"Apartment","Entire home/apt",4,1,2,2,"Real Bed","{TV,""Cable TV"",Internet,""Wireless Internet"",Kitchen,""Washer / Dryer"",Heating,""Family/Kid Friendly"",Washer,Dryer}","$129.00","",0,NA,NA,NA,NA,NA,NA,NA,67
"2378",4916433,"f","North Delridge",47.5605960205269,-122.361747120652,"House","Entire home/apt",4,1.5,1,1,"Real Bed","{TV,Internet,""Wireless Internet"",Kitchen,""Free Parking on Premises"",""Indoor Fireplace"",Heating,""Family/Kid Friendly"",Washer,Dryer,""Smoke Detector"",""Carbon Monoxide Detector"",""First Aid Kit"",Essentials,Shampoo}","$80.00","",9,96,9,10,10,10,9,0.73,85
"2379",1732441,"t","North Delridge",47.5621188498996,-122.361217998317,"House","Entire home/apt",3,1,1,2,"Real Bed","{TV,""Cable TV"",Internet,""Wireless Internet"",Kitchen,""Free Parking on Premises"",""Pets Allowed"",Breakfast,""Indoor Fireplace"",Heating,""Family/Kid Friendly"",Washer,Dryer,""Smoke Detector"",Essentials,Shampoo}","$85.00","$20.00",48,98,9,10,10,9,10,1.95,85
"2380",2652941,"f","North Delridge",47.5649586477228,-122.37235469477,"House","Entire home/apt",3,1,1,2,"Real Bed","{TV,""Cable TV"",Internet,""Wireless Internet"",""Air Conditioning"",Kitchen,Heating,""Family/Kid Friendly"",Washer,Dryer,""Smoke Detector"",""Carbon Monoxide Detector"",""Fire Extinguisher"",Essentials}","$95.00","",37,95,10,10,10,9,9,1.76,65
"2381",2809796,"t","North Delridge",47.5641634006615,-122.366708277897,"House","Entire home/apt",3,1,0,2,"Real Bed","{TV,Internet,""Wireless Internet"",""Air Conditioning"",Kitchen,""Free Parking on Premises"",""Pets live on this property"",Dog(s),Heating,""Family/Kid Friendly"",Washer,Dryer,""Smoke Detector"",""Carbon Monoxide Detector"",""Fire Extinguisher"",Essentials}","$69.00","$60.00",45,99,10,10,10,10,10,2.28,78
"2382",9477539,"f","North Delridge",47.5637977258721,-122.362455973287,"House","Private room",2,1,1,1,"Real Bed","{TV,""Cable TV"",Internet,""Wireless Internet"",Kitchen,""Free Parking on Premises"",""Pets live on this property"",Dog(s),Heating,Washer,Dryer,""Smoke Detector"",""Carbon Monoxide Detector"",""First Aid Kit"",Essentials,Shampoo,""Lock on Bedroom Door""}","$42.00","$25.00",2,100,10,10,10,10,10,2,89
"2383",4479426,"t","North Delridge",47.5543182691899,-122.375527906505,"House","Private room",2,1,1,1,"Real Bed","{""Wireless Internet"",""Air Conditioning"",Kitchen,""Free Parking on Premises"",Breakfast,""Smoke Detector"",""Carbon Monoxide Detector"",""First Aid Kit"",""Safety Card"",""Fire Extinguisher"",Essentials,Shampoo}","$70.00","$20.00",15,99,10,10,10,10,9,2.06,59
"2384",8276416,"f","North Delridge",47.5668543782855,-122.365437981941,"Apartment","Private room",2,1,1,1,"Real Bed","{TV,""Cable TV"",Internet,""Wireless Internet"",""Wheelchair Accessible"",Kitchen,""Free Parking on Premises"",""Pets Allowed"",Gym,""Elevator in Building"",""Indoor Fireplace"",""Buzzer/Wireless Intercom"",Heating,""Family/Kid Friendly"",Washer,Dryer,""Smoke Detector"",""Carbon Monoxide Detector"",""First Aid Kit"",""Safety Card"",""Fire Extinguisher"",Essentials,Shampoo,""24-Hour Check-in"",Hangers,""Hair Dryer"",Iron,""Laptop Friendly Workspace""}","$55.00","$25.00",10,100,10,10,10,10,10,2.56,79
"2385",486344,"f","North Delridge",47.5581806394952,-122.363044998909,"House","Private room",1,1.5,1,1,"Real Bed","{Internet,""Wireless Internet"",Kitchen,""Free Parking on Premises"",""Pets live on this property"",Dog(s),""Indoor Fireplace"",Heating,Washer,Dryer,""Smoke Detector""}","$47.00","$5.00",45,95,9,10,10,9,10,1.05,82
"2386",1980395,"f","North Delridge",47.5661260854336,-122.366581437248,"House","Entire home/apt",6,2.5,2,3,"Real Bed","{TV,""Cable TV"",Internet,""Wireless Internet"",Kitchen,""Free Parking on Premises"",""Indoor Fireplace"",Heating,""Family/Kid Friendly"",Washer,Dryer,""Smoke Detector"",""Carbon Monoxide Detector"",""Fire Extinguisher"",Essentials,Shampoo}","$148.00","$100.00",17,92,10,10,9,9,10,0.76,77
"2387",7239217,"f","North Delridge",47.5537428442894,-122.364235214308,"House","Entire home/apt",4,1,0,2,"Real Bed","{Internet,""Wireless Internet"",Kitchen,""Free Parking on Premises"",""Pets Allowed"",Heating,""Family/Kid Friendly"",Washer,Dryer,""Smoke Detector"",""Carbon Monoxide Detector"",""Fire Extinguisher"",Essentials,Shampoo}","$95.00","$60.00",12,97,10,10,10,10,9,2.17,81
"2388",1328159,"f","North Delridge",47.5645842666518,-122.366309094771,"House","Private room",2,2.5,1,1,"Real Bed","{TV,""Cable TV"",Internet,""Wireless Internet"",Kitchen,""Indoor Fireplace"",Heating,Washer,Dryer,""Smoke Detector"",""Carbon Monoxide Detector"",""First Aid Kit"",""Fire Extinguisher"",Essentials,Shampoo}","$49.00","$10.00",57,98,10,10,10,10,10,1.9,78
"2389",5838129,"t","North Delridge",47.5658737878279,-122.368302534324,"House","Private room",2,1,1,1,"Real Bed","{Internet,""Wireless Internet"",""Free Parking on Premises"",Heating,""Smoke Detector"",Essentials,Shampoo,Hangers,""Hair Dryer"",Iron}","$65.00","$25.00",17,96,10,10,10,10,10,3.38,73
"2390",9664395,"f","North Delridge",47.5655720655696,-122.370420306491,"Apartment","Entire home/apt",3,1,1,1,"Real Bed","{TV,Internet,""Wireless Internet"",Kitchen,""Free Parking on Premises"",""Pets Allowed"",Gym,""Pets live on this property"",Dog(s),Heating,""Family/Kid Friendly"",""Smoke Detector"",""Carbon Monoxide Detector"",""Fire Extinguisher"",Essentials,Shampoo,""24-Hour Check-in"",Hangers,""Hair Dryer"",Iron,""Laptop Friendly Workspace""}","$50.00","$20.00",0,NA,NA,NA,NA,NA,NA,NA,69
"2391",4681687,"f","North Delridge",47.5576599997456,-122.376066873193,"House","Entire home/apt",2,1,0,1,"Real Bed","{""Wireless Internet"",""Free Parking on Premises"",Heating,""Smoke Detector"",""Carbon Monoxide Detector"",Essentials,Shampoo}","$58.00","$29.00",41,91,9,10,10,9,9,3.33,57
"2392",4264012,"f","North Delridge",47.5581605257712,-122.361196608814,"House","Private room",2,1.5,1,1,"Real Bed","{TV,Internet,""Wireless Internet"",Kitchen,""Free Parking on Premises"",""Indoor Fireplace"",Heating,""Family/Kid Friendly"",Washer,Dryer,""Smoke Detector"",""Carbon Monoxide Detector"",""First Aid Kit"",Essentials,Shampoo}","$55.00","",43,93,10,10,10,9,9,2.84,84
"2393",445199,"t","North Delridge",47.5696575879365,-122.36171127747,"House","Entire home/apt",5,1,2,3,"Real Bed","{TV,Internet,""Wireless Internet"",Pool,Kitchen,Gym,""Hot Tub"",Heating,""Family/Kid Friendly"",""Suitable for Events"",""Smoke Detector"",""Carbon Monoxide Detector"",""Fire Extinguisher"",Essentials}","$129.00","$89.00",84,98,10,10,10,9,10,1.94,110
"2394",7514366,"f","North Delridge",47.5685347510272,-122.370638667321,"Apartment","Entire home/apt",3,1,2,2,"Real Bed","{""Cable TV"",""Wireless Internet"",Kitchen,Heating,Washer,Dryer,""Smoke Detector"",""Carbon Monoxide Detector"",""Fire Extinguisher"",Essentials,""Hair Dryer"",""Laptop Friendly Workspace""}","$95.00","$50.00",5,100,9,10,10,9,10,1.53,67
"2395",5236979,"f","North Delridge",47.5618827739459,-122.365489363505,"House","Private room",3,1,1,2,"Real Bed","{TV,""Wireless Internet"",""Air Conditioning"",""Free Parking on Premises"",Breakfast,""Pets live on this property"",Dog(s),Heating,""Suitable for Events"",""Smoke Detector"",""First Aid Kit"",""Safety Card"",""Fire Extinguisher"",Essentials,Shampoo}","$49.00","$24.00",36,96,10,10,10,9,10,3.35,87
"2396",8555304,"f","North Delridge",47.5578191075647,-122.36348240089,"House","Private room",2,1,1,1,"Real Bed","{Internet,""Wireless Internet"",Kitchen,""Pets live on this property"",Dog(s),""Indoor Fireplace"",Heating,Washer,Dryer,""Smoke Detector"",Essentials}","$85.00","$10.00",1,80,6,10,10,10,10,0.59,81
"2397",8847951,"f","North Delridge",47.5683651910528,-122.356860087309,"Apartment","Entire home/apt",4,1,2,2,"Real Bed","{""Wireless Internet"",Kitchen,""Free Parking on Premises"",Heating,""Family/Kid Friendly"",Washer,Dryer,""Smoke Detector"",""Carbon Monoxide Detector"",""First Aid Kit"",""Safety Card"",""Fire Extinguisher"",Essentials,Shampoo,""24-Hour Check-in"",Hangers,""Hair Dryer""}","$100.00","$35.00",0,NA,NA,NA,NA,NA,NA,NA,129
"2398",3124383,"f","Maple Leaf",47.6960859671458,-122.318249934594,"Apartment","Private room",2,1,1,1,"Real Bed","{Internet,""Wireless Internet"",Kitchen,""Pets Allowed"",""Elevator in Building"",""Buzzer/Wireless Intercom"",Heating,""Family/Kid Friendly"",Washer,Dryer,""Smoke Detector"",""Carbon Monoxide Detector"",""First Aid Kit"",""Safety Card"",""Fire Extinguisher"",Essentials}","$59.00","$25.00",22,95,9,10,10,9,10,1.26,139
"2399",5863446,"f","Maple Leaf",47.7025924575974,-122.322826483566,"House","Private room",2,1,1,1,"Real Bed","{TV,""Cable TV"",Internet,Kitchen,""Free Parking on Premises"",""Hot Tub"",""Indoor Fireplace"",Heating,""Family/Kid Friendly"",""Suitable for Events"",Washer,Dryer,""Smoke Detector"",""Carbon Monoxide Detector"",Essentials,Shampoo}","$55.00","$30.00",0,NA,NA,NA,NA,NA,NA,NA,109
"2400",9155422,"f","Maple Leaf",47.6934532190052,-122.307655905147,"House","Private room",1,1,1,1,"Real Bed","{Internet,""Wireless Internet"",Kitchen,""Pets live on this property"",""Other pet(s)"",""Indoor Fireplace"",Heating,Washer,Dryer,""Smoke Detector"",""First Aid Kit"",""Fire Extinguisher"",Essentials,Shampoo,""Lock on Bedroom Door"",Hangers,""Hair Dryer"",Iron}","$55.00","",0,NA,NA,NA,NA,NA,NA,NA,151
"2401",5047188,"f","Maple Leaf",47.7070719068322,-122.31948110434,"Apartment","Private room",2,1,1,1,"Real Bed","{TV,""Cable TV"",Internet,""Wireless Internet"",Pool,Kitchen,""Free Parking on Premises"",Gym,""Indoor Fireplace"",""Buzzer/Wireless Intercom"",Heating,Washer,Dryer,""Smoke Detector"",""Carbon Monoxide Detector"",""First Aid Kit"",""Fire Extinguisher"",Essentials,Shampoo}","$51.00","",2,100,10,10,10,10,10,0.18,93
"2402",5825701,"t","Maple Leaf",47.6949490765615,-122.319887874966,"House","Entire home/apt",8,2,4,4,"Real Bed","{TV,""Cable TV"",Internet,""Wireless Internet"",Kitchen,""Free Parking on Premises"",""Hot Tub"",""Indoor Fireplace"",Heating,Washer,Dryer,""Smoke Detector"",""First Aid Kit"",""Fire Extinguisher"",Essentials,Shampoo}","$200.00","$125.00",30,98,10,10,10,10,10,3.49,145
"2403",5499882,"t","Maple Leaf",47.6946871508456,-122.306482071141,"Apartment","Entire home/apt",5,1,2,2,"Real Bed","{TV,Internet,""Wireless Internet"",Kitchen,""Free Parking on Premises"",Breakfast,""Pets live on this property"",""Other pet(s)"",Heating,""Family/Kid Friendly"",Washer,Dryer,""Smoke Detector"",""Carbon Monoxide Detector"",""First Aid Kit"",""Safety Card"",Essentials,Shampoo,Hangers,""Hair Dryer"",Iron,""Laptop Friendly Workspace""}","$100.00","$50.00",37,96,10,10,10,9,10,3.92,134
"2404",7529124,"f","Maple Leaf",47.6962174717174,-122.315764881385,"Apartment","Entire home/apt",2,1,0,1,"Pull-out Sofa","{Internet,""Wireless Internet"",Kitchen,Heating,""Family/Kid Friendly"",""Smoke Detector"",""Carbon Monoxide Detector"",""First Aid Kit"",""Fire Extinguisher"",Essentials,Shampoo}","$79.00","",20,97,10,10,10,9,10,5.88,137
"2405",7995944,"f","Maple Leaf",47.6981883805625,-122.316241020739,"House","Entire home/apt",2,1,1,1,"Real Bed","{TV,""Wireless Internet"",Kitchen,""Free Parking on Premises"",Heating,""Family/Kid Friendly"",Washer,Dryer,""Smoke Detector"",""Carbon Monoxide Detector"",""First Aid Kit"",""Fire Extinguisher"",Essentials,Shampoo}","$90.00","$20.00",25,96,10,10,10,9,9,5.91,122
"2406",5538874,"t","Maple Leaf",47.7043825451419,-122.322101526657,"Apartment","Shared room",1,1,1,1,"Futon","{TV,""Cable TV"",Internet,""Wireless Internet"",Pool,Kitchen,""Free Parking on Premises"",Breakfast,""Pets live on this property"",Cat(s),""Elevator in Building"",""Indoor Fireplace"",""Buzzer/Wireless Intercom"",Heating,Washer,Dryer,""Smoke Detector"",""Carbon Monoxide Detector"",""First Aid Kit"",""Safety Card"",""Fire Extinguisher"",Essentials,Shampoo}","$30.00","$75.00",3,100,10,10,10,10,10,0.41,103
"2407",4941356,"f","Maple Leaf",47.7068359667235,-122.321585164821,"Apartment","Shared room",1,1,1,1,"Futon","{TV,""Cable TV"",Internet,""Wireless Internet"",Kitchen,""Free Parking on Premises"",""Indoor Fireplace"",Heating,Washer,Dryer,""Smoke Detector"",""Carbon Monoxide Detector"",""First Aid Kit"",""Fire Extinguisher"",Shampoo}","$35.00","",16,89,9,9,9,9,9,1.32,96
"2408",7679928,"f","Maple Leaf",47.6942933649013,-122.312560195062,"House","Private room",2,1,1,1,"Real Bed","{Internet,""Wireless Internet"",""Air Conditioning"",Kitchen,""Free Parking on Premises"",""Pets live on this property"",""Indoor Fireplace"",Heating,Essentials}","$45.00","$5.00",3,87,9,10,10,10,10,0.6,147
"2409",10385,"f","Maple Leaf",47.6957185792781,-122.311943918734,"House","Private room",2,NA,1,1,"Real Bed","{TV,""Cable TV"",Internet,""Wireless Internet"",""Free Parking on Premises"",Heating,Washer,Dryer,""Smoke Detector"",""Fire Extinguisher"",Essentials,Shampoo}","$60.00","$30.00",74,94,10,9,10,9,10,0.97,134
"2410",4507137,"f","Maple Leaf",47.6983312098222,-122.32157421475,"Tent","Private room",1,0,1,1,"Airbed","{""Smoke Detector"",""Carbon Monoxide Detector"",""First Aid Kit""}","$50.00","",0,NA,NA,NA,NA,NA,NA,NA,127
"2411",7653539,"f","Maple Leaf",47.7076587737682,-122.321628075819,"Apartment","Entire home/apt",5,1,1,3,"Real Bed","{Internet,""Wireless Internet"",""Wheelchair Accessible"",Kitchen,""Free Parking on Premises"",Gym,Dog(s),Cat(s),""Elevator in Building"",Heating,""Family/Kid Friendly"",""Smoke Detector"",""Carbon Monoxide Detector"",""First Aid Kit"",""Fire Extinguisher"",Essentials,Shampoo}","$95.00","$60.00",3,87,9,9,9,9,9,0.59,93
"2412",5863558,"f","Maple Leaf",47.7039495307891,-122.32288611646,"House","Private room",2,1,1,1,"Real Bed","{TV,""Cable TV"",Internet,""Wireless Internet"",""Air Conditioning"",Kitchen,""Free Parking on Premises"",""Hot Tub"",""Indoor Fireplace"",Heating,""Family/Kid Friendly"",""Suitable for Events"",Washer,Dryer,""Smoke Detector"",""Carbon Monoxide Detector"",Essentials}","$64.00","$18.00",3,93,8,10,10,10,9,0.48,105
"2413",8472954,"f","Maple Leaf",47.7000684890244,-122.306017226248,"House","Private room",4,1,1,2,"Futon","{Internet,""Wireless Internet"",Kitchen,""Free Parking on Premises"",""Smoking Allowed"",""Pets Allowed"",""Pets live on this property"",Heating,""Family/Kid Friendly"",Washer,Dryer,""Smoke Detector"",""Carbon Monoxide Detector"",""First Aid Kit"",""Fire Extinguisher"",Essentials,Shampoo}","$51.00","",3,100,10,10,10,10,10,0.93,102
"2414",7952930,"f","Maple Leaf",47.7038827451606,-122.315892984884,"Apartment","Entire home/apt",4,1,1,2,"Real Bed","{TV,""Wireless Internet"",Kitchen,""Free Parking on Premises"",""Pets Allowed"",""Indoor Fireplace"",Heating,""Family/Kid Friendly"",Washer,Dryer,""Smoke Detector"",""First Aid Kit"",Essentials,Shampoo}","$75.00","$10.00",12,92,9,9,10,10,10,2.67,98
"2415",8556665,"f","Maple Leaf",47.7034374342974,-122.325707099447,"Apartment","Entire home/apt",4,2,2,3,"Real Bed","{TV,""Cable TV"",Internet,""Wireless Internet"",""Wheelchair Accessible"",Kitchen,""Pets Allowed"",Gym,""Elevator in Building"",""Hot Tub"",""Buzzer/Wireless Intercom"",Heating,""Family/Kid Friendly"",""Suitable for Events"",Washer,Dryer,""Smoke Detector"",""Carbon Monoxide Detector"",""First Aid Kit"",""Safety Card"",""Fire Extinguisher"",Essentials,Shampoo,Hangers,""Hair Dryer"",""Laptop Friendly Workspace""}","$94.00","$70.00",6,100,10,10,10,10,10,2,106
"2416",5500752,"t","Maple Leaf",47.6934929155944,-122.306325716584,"House","Entire home/apt",2,1,1,1,"Real Bed","{""Wireless Internet"",Kitchen,""Free Parking on Premises"",Breakfast,""Pets live on this property"",""Other pet(s)"",Heating,Essentials,Shampoo}","$100.00","$45.00",4,100,10,10,10,10,10,0.59,149
"2417",9048029,"f","Maple Leaf",47.7074650154183,-122.319476872971,"Apartment","Entire home/apt",3,1,1,2,"Airbed","{TV,""Wireless Internet"",Kitchen,""Free Parking on Premises"",Gym,""Elevator in Building"",Heating,""Family/Kid Friendly"",Washer,Dryer,""Smoke Detector"",""Carbon Monoxide Detector"",""First Aid Kit"",""Fire Extinguisher"",Essentials,Iron}","$90.00","$125.00",0,NA,NA,NA,NA,NA,NA,NA,92
"2418",4423130,"f","Maple Leaf",47.6974176066233,-122.32475236739,"House","Private room",3,1,1,2,"Real Bed","{TV,Internet,""Wireless Internet"",""Air Conditioning"",Kitchen,""Free Parking on Premises"",Heating,""Family/Kid Friendly"",Washer,Dryer,""Smoke Detector"",""First Aid Kit"",""Fire Extinguisher"",Essentials}","$69.00","$10.00",27,93,10,10,10,9,10,2.17,130
"2419",8473056,"f","Maple Leaf",47.6999781672004,-122.307737851792,"House","Entire home/apt",8,1,3,3,"Real Bed","{Internet,""Wireless Internet"",Kitchen,""Free Parking on Premises"",""Smoking Allowed"",""Pets Allowed"",""Pets live on this property"",Dog(s),Heating,""Family/Kid Friendly"",Washer,Dryer,""Smoke Detector"",""Carbon Monoxide Detector"",""First Aid Kit"",""Safety Card"",""Fire Extinguisher"",Essentials,Shampoo}","$139.00","$10.00",2,90,8,9,10,10,10,0.61,111
"2420",2071305,"t","Maple Leaf",47.7043788440985,-122.32085686317,"Apartment","Private room",1,1,1,1,"Real Bed","{TV,""Cable TV"",Internet,""Wireless Internet"",Pool,Kitchen,""Free Parking on Premises"",""Pets live on this property"",Cat(s),""Elevator in Building"",""Indoor Fireplace"",""Buzzer/Wireless Intercom"",Heating,""Family/Kid Friendly"",Washer,Dryer,""Smoke Detector"",""Carbon Monoxide Detector"",""First Aid Kit"",""Safety Card"",""Fire Extinguisher"",Essentials,Shampoo}","$55.00","$75.00",11,100,10,10,10,9,10,0.59,99
"2421",817115,"f","Maple Leaf",47.6944521705272,-122.325819001986,"Camper/RV","Entire home/apt",3,1,1,1,"Real Bed","{""Wireless Internet"",""Air Conditioning"",Kitchen,""Pets live on this property"",Dog(s),Heating,""Smoke Detector"",""Carbon Monoxide Detector"",""Fire Extinguisher"",Essentials}","$50.00","$20.00",121,93,9,10,10,9,9,3.25,153
"2422",6895132,"f","Maple Leaf",47.6987225187965,-122.311346563625,"House","Private room",3,1,1,1,"Real Bed","{""Free Parking on Premises"",""Indoor Fireplace"",Heating,""Family/Kid Friendly"",""Suitable for Events"",Shampoo}","$120.00","$50.00",4,100,10,10,10,9,10,0.61,118
"2423",8255196,"f","Maple Leaf",47.6931655894717,-122.306128635677,"Apartment","Private room",2,2,1,2,"Real Bed","{TV,Internet,""Wireless Internet"",Kitchen,""Elevator in Building"",Heating,""Smoke Detector"",""Fire Extinguisher""}","$59.00","",4,80,8,10,10,9,10,1.13,149
"2424",5051529,"f","Maple Leaf",47.692887258959,-122.307796200536,"Apartment","Entire home/apt",8,2,3,3,"Real Bed","{TV,""Cable TV"",Internet,""Wireless Internet"",Kitchen,""Free Parking on Premises"",""Elevator in Building"",Heating,""Family/Kid Friendly"",""Smoke Detector"",""Carbon Monoxide Detector"",""Fire Extinguisher"",Essentials}","$135.00","$90.00",10,96,10,10,9,9,10,0.99,155
"2425",5337848,"t","Maple Leaf",47.7005429196437,-122.317411587097,"House","Entire home/apt",2,1,1,1,"Real Bed","{TV,""Cable TV"",Internet,""Wireless Internet"",Kitchen,""Free Parking on Premises"",Heating,""Family/Kid Friendly"",""Smoke Detector"",""Carbon Monoxide Detector"",""Fire Extinguisher"",Essentials,Shampoo}","$110.00","$20.00",37,99,10,10,10,10,10,3.84,119
"2426",20868,"f","Maple Leaf",47.6953856704553,-122.313074947557,"Apartment","Entire home/apt",6,1,2,2,"Real Bed","{TV,""Cable TV"",""Wireless Internet"",""Wheelchair Accessible"",Kitchen,""Free Parking on Premises"",""Indoor Fireplace"",Heating,""Family/Kid Friendly"",Washer,Dryer,""Smoke Detector"",""Fire Extinguisher"",Essentials,Shampoo}","$137.00","$40.00",91,94,10,10,10,9,9,1.35,137
"2427",8385444,"f","Maple Leaf",47.6931015409921,-122.308630717278,"Apartment","Entire home/apt",4,1,1,2,"Real Bed","{TV,""Wireless Internet"",Kitchen,""Free Parking on Premises"",Heating,""Family/Kid Friendly"",Washer,Dryer,""Smoke Detector"",""Carbon Monoxide Detector"",""Safety Card"",""Fire Extinguisher"",Essentials,Shampoo,""24-Hour Check-in"",Hangers,""Hair Dryer"",Iron,""Laptop Friendly Workspace""}","$67.00","$20.00",6,93,9,10,10,10,10,2.09,153
"2428",637326,"t","Maple Leaf",47.6915432266063,-122.327287979395,"Apartment","Entire home/apt",4,1,1,1,"Real Bed","{TV,Internet,""Wireless Internet"",Kitchen,""Free Parking on Premises"",""Pets Allowed"",""Pets live on this property"",""Indoor Fireplace"",Heating,""Family/Kid Friendly"",""Smoke Detector"",""Carbon Monoxide Detector"",Essentials,Shampoo}","$110.00","$40.00",18,97,10,10,10,10,10,2.37,163
"2429",6557767,"t","Maple Leaf",47.703964921296,-122.32076118147,"Condominium","Private room",2,1,1,1,"Real Bed","{TV,Internet,""Wireless Internet"",""Wheelchair Accessible"",Pool,Kitchen,""Free Parking on Premises"",""Elevator in Building"",""Indoor Fireplace"",""Buzzer/Wireless Intercom"",Heating,Washer,Dryer,""Smoke Detector"",""Carbon Monoxide Detector"",""First Aid Kit"",""Safety Card"",""Fire Extinguisher"",Essentials,Shampoo}","$65.00","$15.00",33,95,10,10,10,9,10,4.48,101
"2430",4869458,"f","Maple Leaf",47.7029879972856,-122.322696649754,"House","Shared room",1,1,1,1,"Couch","{TV,""Cable TV"",Internet,""Wireless Internet"",""Air Conditioning"",Kitchen,""Free Parking on Premises"",""Hot Tub"",""Indoor Fireplace"",Heating,Washer,Dryer,""Smoke Detector"",""Carbon Monoxide Detector"",Essentials,Shampoo}","$37.00","$6.00",13,100,10,10,10,10,10,1.41,109
"2431",5319948,"t","Maple Leaf",47.698292855265,-122.321139963332,"House","Private room",2,1,1,1,"Real Bed","{TV,""Wireless Internet"",Kitchen,""Free Parking on Premises"",Gym,Heating,""Family/Kid Friendly"",Washer,Dryer,""Smoke Detector"",""Fire Extinguisher"",Essentials}","$65.00","$35.00",11,98,10,10,10,9,10,1.05,127
"2432",7638282,"f","Maple Leaf",47.6971778008175,-122.311744401606,"Other","Entire home/apt",2,1,1,1,"Real Bed","{TV,""Cable TV"",Internet,""Wireless Internet"",Kitchen,""Free Parking on Premises"",""Pets live on this property"",Dog(s),Cat(s),""Indoor Fireplace"",Heating,Washer,Dryer,""Smoke Detector"",""Carbon Monoxide Detector"",""First Aid Kit"",""Fire Extinguisher"",Essentials,Shampoo,Hangers,""Hair Dryer"",Iron,""Laptop Friendly Workspace""}","$130.00","$35.00",17,100,10,10,10,9,10,3.31,126
"2433",11411,"f","Maple Leaf",47.6957369530758,-122.31316340796,"House","Private room",2,NA,1,1,"Real Bed","{TV,""Cable TV"",Internet,""Wireless Internet"",""Free Parking on Premises"",Heating,Washer,Dryer,""Smoke Detector"",""Fire Extinguisher"",Essentials,Shampoo}","$60.00","$20.00",47,93,10,10,10,9,9,0.66,136
"2434",723846,"f","Maple Leaf",47.6965313152667,-122.31725876707,"House","Entire home/apt",3,1,0,1,"Real Bed","{TV,Internet,""Wireless Internet"",Kitchen,""Free Parking on Premises"",Heating,Washer,Dryer,""Smoke Detector"",""Carbon Monoxide Detector"",""First Aid Kit"",""Fire Extinguisher"",Essentials,Shampoo,""24-Hour Check-in"",Hangers,""Hair Dryer"",Iron,""Laptop Friendly Workspace""}","$79.00","$65.00",43,96,10,10,10,9,10,1.21,134
"2435",10104370,"f","Maple Leaf",47.6909081006453,-122.310482924056,"House","Entire home/apt",4,1,2,2,"Real Bed","{TV,""Wireless Internet"",""Air Conditioning"",Kitchen,""Free Parking on Premises"",""Pets live on this property"",Cat(s),Heating,""Family/Kid Friendly"",""Smoke Detector"",""Carbon Monoxide Detector"",Essentials,Shampoo,""24-Hour Check-in"",""Hair Dryer"",""Laptop Friendly Workspace""}","$72.00","",0,NA,NA,NA,NA,NA,NA,NA,171
"2436",5041669,"f","Maple Leaf",47.6949862710842,-122.306106338287,"Apartment","Entire home/apt",4,1,1,1,"Real Bed","{TV,""Cable TV"",Internet,""Wireless Internet"",""Wheelchair Accessible"",Kitchen,""Free Parking on Premises"",""Elevator in Building"",Heating,""Family/Kid Friendly"",""Smoke Detector"",""Carbon Monoxide Detector"",""Fire Extinguisher"",Essentials}","$95.00","$65.00",5,96,10,10,10,10,10,0.51,132
"2437",2197982,"t","Maple Leaf",47.6927671290596,-122.328645312637,"Apartment","Entire home/apt",2,1,0,1,"Real Bed","{TV,""Cable TV"",Internet,""Wireless Internet"",Kitchen,""Free Parking on Premises"",Heating,""Family/Kid Friendly"",Washer,Dryer,""Smoke Detector"",""Carbon Monoxide Detector"",Essentials,Shampoo}","$80.00","$60.00",72,98,10,10,10,9,10,3.15,157
"2438",10695,"f","Maple Leaf",47.6972009725803,-122.313481028971,"House","Private room",4,NA,1,2,"Real Bed","{TV,""Cable TV"",Internet,""Wireless Internet"",""Free Parking on Premises"",Heating,""Family/Kid Friendly"",Washer,Dryer,""Smoke Detector"",""Fire Extinguisher"",Essentials,Shampoo}","$109.00","$40.00",12,95,10,10,10,9,10,0.18,126
"2439",6005222,"f","Maple Leaf",47.7076714658206,-122.323620155954,"Apartment","Shared room",3,1,1,2,"Pull-out Sofa","{Internet,""Wireless Internet"",""Wheelchair Accessible"",Kitchen,""Free Parking on Premises"",Gym,Breakfast,Dog(s),""Elevator in Building"",Heating,""Family/Kid Friendly"",Washer,Dryer,""Smoke Detector"",""First Aid Kit"",""Fire Extinguisher"",Essentials,Shampoo}","$50.00","$60.00",0,NA,NA,NA,NA,NA,NA,NA,97
"2440",3317940,"t","Ravenna",47.6703578559365,-122.290431209552,"Apartment","Entire home/apt",2,1,1,1,"Real Bed","{""Wireless Internet"",Kitchen,""Free Parking on Premises"",Breakfast,""Pets live on this property"",Dog(s),Heating,""Family/Kid Friendly"",Washer,Dryer,""Smoke Detector"",""First Aid Kit"",""Fire Extinguisher"",Essentials,Shampoo}","$85.00","$40.00",45,98,10,10,10,10,10,2.68,129
"2441",8099917,"f","Ravenna",47.6733304518817,-122.290920700756,"Apartment","Entire home/apt",4,1,2,2,"Real Bed","{TV,""Cable TV"",Internet,""Wireless Internet"",Kitchen,""Free Parking on Premises"",""Indoor Fireplace"",Heating,""Family/Kid Friendly"",Washer,Dryer,""Smoke Detector"",""Carbon Monoxide Detector"",""Fire Extinguisher"",Essentials,Shampoo}","$115.00","$100.00",0,NA,NA,NA,NA,NA,NA,NA,130
"2442",8617171,"f","Ravenna",47.6664042726813,-122.299234130288,"House","Entire home/apt",6,1,2,3,"Real Bed","{TV,Internet,""Wireless Internet"",Kitchen,""Pets live on this property"",Dog(s),Heating,""Family/Kid Friendly"",""Smoke Detector"",""Carbon Monoxide Detector"",""First Aid Kit"",""Safety Card"",""Fire Extinguisher"",Essentials,Shampoo}","$98.00","",4,100,10,10,10,10,10,2.03,146
"2443",4181226,"f","Ravenna",47.6815070518001,-122.303516179166,"House","Private room",2,1,1,1,"Real Bed","{TV,""Cable TV"",Internet,""Wireless Internet"",Kitchen,""Free Parking on Premises"",""Pets Allowed"",""Pets live on this property"",Dog(s),Heating,Washer,Dryer,""Smoke Detector"",""Carbon Monoxide Detector"",""First Aid Kit"",""Fire Extinguisher"",Essentials,Shampoo}","$109.00","$50.00",1,100,10,NA,10,10,10,0.08,167
"2444",7074024,"f","Ravenna",47.6799280445955,-122.310432931405,"House","Private room",1,1,1,1,"Real Bed","{TV,Internet,""Wireless Internet"",Kitchen,Heating,Washer,Dryer,""Smoke Detector"",""Carbon Monoxide Detector"",""Fire Extinguisher"",Essentials}","$28.00","$25.00",4,95,10,10,10,10,10,0.94,187
"2445",2729077,"f","Ravenna",47.6674958946762,-122.295443321924,"House","Private room",1,2.5,1,1,"Real Bed","{""Wireless Internet"",Kitchen,Heating,Washer,Dryer,""Smoke Detector"",""Carbon Monoxide Detector"",""Fire Extinguisher"",Essentials,Shampoo,""Lock on Bedroom Door"",Hangers}","$39.00","$50.00",0,NA,NA,NA,NA,NA,NA,NA,139
"2446",7483750,"f","Ravenna",47.6805841551672,-122.306260966219,"Bed & Breakfast","Private room",2,1,1,1,"Real Bed","{Internet,""Wireless Internet"",""Free Parking on Premises"",Breakfast,""Pets live on this property"",Dog(s),Cat(s),Heating,""Smoke Detector"",""Carbon Monoxide Detector"",""First Aid Kit"",""Fire Extinguisher"",Essentials,Shampoo,""24-Hour Check-in"",Hangers,Iron,""Laptop Friendly Workspace""}","$63.00","",53,94,9,10,10,9,9,9.7,178
"2447",9030929,"f","Ravenna",47.679000391469,-122.300838419834,"House","Private room",3,1,1,1,"Real Bed","{TV,Internet,""Wireless Internet"",""Air Conditioning"",Kitchen,""Free Parking on Premises"",Heating,Washer,Dryer,""Smoke Detector"",Essentials,Shampoo,""24-Hour Check-in"",Hangers,""Hair Dryer"",Iron,""Laptop Friendly Workspace""}","$35.00","",6,97,10,10,10,10,10,3.53,142
"2448",1764233,"f","Ravenna",47.6656914985236,-122.295839510361,"House","Private room",1,1,1,1,"Real Bed","{""Wireless Internet"",Kitchen,Heating,Washer,Dryer,Essentials}","$42.00","$35.00",12,65,6,8,8,9,8,0.47,141
"2449",6218849,"f","Ravenna",47.6801816490463,-122.30977394113,"House","Private room",2,2,1,1,"Real Bed","{TV,Internet,""Wireless Internet"",Kitchen,Heating,Washer,Dryer,""Smoke Detector"",""Carbon Monoxide Detector"",""Fire Extinguisher"",Essentials}","$29.00","$25.00",3,100,10,10,10,10,10,0.41,185
"2450",4030600,"f","Ravenna",47.6776772044748,-122.29650746206,"House","Private room",2,1,1,1,"Real Bed","{TV,Internet,""Wireless Internet"",Kitchen,""Free Parking on Premises"",Breakfast,""Pets live on this property"",Cat(s),Heating,""Family/Kid Friendly"",Washer,Dryer,""Smoke Detector"",""Carbon Monoxide Detector"",""First Aid Kit"",""Safety Card"",""Fire Extinguisher"",Essentials,Shampoo}","$70.00","$20.00",32,95,10,10,10,10,9,2.03,134
"2451",4637801,"f","Ravenna",47.6723272188856,-122.291451162354,"House","Private room",2,1,1,1,"Real Bed","{TV,""Cable TV"",Internet,""Wireless Internet"",""Air Conditioning"",Kitchen,""Free Parking on Premises"",""Pets live on this property"",Cat(s),""Indoor Fireplace"",Heating,Washer,Dryer,""Smoke Detector"",""Carbon Monoxide Detector"",""First Aid Kit"",""Fire Extinguisher"",Essentials,Shampoo,""24-Hour Check-in"",""Laptop Friendly Workspace""}","$74.00","",8,98,10,10,10,10,9,1.59,130
"2452",2056276,"f","Ravenna",47.6812777045866,-122.307334234881,"House","Private room",1,1,1,1,"Real Bed","{TV,""Cable TV"",Internet,""Wireless Internet"",Kitchen,""Free Parking on Premises"",""Hot Tub"",""Indoor Fireplace"",Heating,""Family/Kid Friendly"",Washer,Dryer,""Smoke Detector"",""Carbon Monoxide Detector"",""First Aid Kit"",Essentials,Shampoo}","$75.00","$30.00",1,100,10,10,10,8,8,0.06,181
"2453",6214998,"f","Ravenna",47.6664399855266,-122.298502750535,"House","Private room",2,1,1,1,"Real Bed","{TV,""Cable TV"",""Wireless Internet"",Kitchen,""Pets Allowed"",""Pets live on this property"",Dog(s),Cat(s),Heating,""Family/Kid Friendly"",Washer,Dryer,""Smoke Detector"",""Carbon Monoxide Detector"",""Fire Extinguisher"",Essentials,Shampoo}","$85.00","$45.00",7,97,10,10,10,9,9,1.03,146
"2454",9168049,"f","Ravenna",47.667594215723,-122.298077300884,"House","Private room",2,2,1,2,"Real Bed","{TV,""Wireless Internet"",Kitchen,""Free Parking on Premises"",Heating,Washer,Dryer,""Smoke Detector"",""Lock on Bedroom Door"",""24-Hour Check-in""}","$50.00","",0,NA,NA,NA,NA,NA,NA,NA,145
"2455",10211928,"f","Ravenna",47.6771074936641,-122.302054829675,"House","Entire home/apt",2,1,1,1,"Real Bed","{Kitchen,""Pets Allowed"",Heating,""Family/Kid Friendly"",Washer,Dryer,""Smoke Detector"",""First Aid Kit"",""Safety Card"",""Fire Extinguisher"",Essentials,Shampoo,Hangers,""Hair Dryer"",Iron,""Laptop Friendly Workspace""}","$125.00","",0,NA,NA,NA,NA,NA,NA,NA,145
"2456",387464,"f","Ravenna",47.676753103982,-122.293971845675,"House","Entire home/apt",2,1,1,1,"Real Bed","{TV,""Cable TV"",Internet,""Wireless Internet"",Kitchen,""Free Parking on Premises"",Heating,""Family/Kid Friendly"",""Smoke Detector"",""First Aid Kit"",Essentials,Shampoo}","$93.00","$20.00",147,99,10,10,10,10,10,3.2,131
"2457",53867,"f","Ravenna",47.6756343678206,-122.295687267247,"House","Entire home/apt",3,1,1,1,"Real Bed","{TV,Internet,""Wireless Internet"",Kitchen,""Free Parking on Premises"",Heating,""Family/Kid Friendly"",""Smoke Detector"",""Carbon Monoxide Detector"",""First Aid Kit"",""Fire Extinguisher"",Essentials,Shampoo,""24-Hour Check-in"",Hangers,""Hair Dryer"",Iron,""Laptop Friendly Workspace""}","$86.00","$20.00",287,96,10,10,10,9,10,4.52,133
"2458",3146212,"t","Ravenna",47.6767351897795,-122.299824827111,"House","Entire home/apt",4,1,1,2,"Real Bed","{TV,""Cable TV"",Internet,""Wireless Internet"",Kitchen,Heating,Washer,Dryer,""Smoke Detector"",""Carbon Monoxide Detector"",""First Aid Kit"",""Safety Card"",""Fire Extinguisher"",Essentials,Shampoo,Hangers,Iron}","$80.00","$15.00",52,98,10,10,10,10,10,2.91,140
"2459",107046,"t","Ravenna",47.6696238937517,-122.299964365621,"House","Entire home/apt",8,2,4,6,"Real Bed","{TV,""Cable TV"",Internet,""Wireless Internet"",""Air Conditioning"",Kitchen,""Free Parking on Premises"",""Indoor Fireplace"",Heating,""Family/Kid Friendly"",Washer,Dryer,""Smoke Detector"",""Carbon Monoxide Detector"",""First Aid Kit"",""Fire Extinguisher"",Essentials,Shampoo}","$280.00","$150.00",22,98,10,10,10,10,10,0.45,145
"2460",4629020,"f","Ravenna",47.6744333721476,-122.293995185853,"Apartment","Entire home/apt",6,1,2,4,"Real Bed","{TV,""Cable TV"",Internet,""Wireless Internet"",Kitchen,""Free Parking on Premises"",Heating,""Family/Kid Friendly"",Washer,Dryer,""Smoke Detector"",""Carbon Monoxide Detector"",""Fire Extinguisher"",Essentials,Shampoo}","$138.00","$100.00",2,100,9,9,9,9,10,0.28,131
"2461",4324317,"f","Ravenna",47.6766160875816,-122.299046734504,"Apartment","Entire home/apt",2,1,0,1,"Real Bed","{Internet,""Wireless Internet"",""Wheelchair Accessible"",Kitchen,Heating,""Family/Kid Friendly"",Washer,Dryer,""Smoke Detector"",""Carbon Monoxide Detector"",""Fire Extinguisher"",Essentials}","$100.00","",17,87,9,10,9,9,9,1.8,139
"2462",6629278,"f","Ravenna",47.6853337483818,-122.301051664212,"Apartment","Private room",2,1,1,1,"Real Bed","{TV,Internet,""Wireless Internet"",""Air Conditioning"",Kitchen,""Free Parking on Premises"",Breakfast,""Pets live on this property"",""Indoor Fireplace"",Heating,Washer,Dryer,""Smoke Detector"",""Carbon Monoxide Detector"",""First Aid Kit"",""Fire Extinguisher"",Essentials,Shampoo}","$45.00","$30.00",8,95,9,10,10,9,9,1.14,147
"2463",8958290,"f","Ravenna",47.6763359358344,-122.307485857256,"House","Private room",2,1,1,1,"Real Bed","{TV,""Cable TV"",Internet,""Wireless Internet"",Kitchen,""Free Parking on Premises"",Breakfast,""Pets live on this property"",Cat(s),Heating,Washer,Dryer,""Smoke Detector"",""Carbon Monoxide Detector"",""First Aid Kit"",""Fire Extinguisher"",Essentials,Shampoo}","$39.00","",2,100,10,10,9,10,10,0.85,178
"2464",6676926,"t","Ravenna",47.6754517302114,-122.301419565935,"Apartment","Entire home/apt",6,1,2,3,"Real Bed","{TV,Internet,""Wireless Internet"",Kitchen,""Free Parking on Premises"",""Pets live on this property"",Dog(s),Heating,""Family/Kid Friendly"",Washer,Dryer,""Smoke Detector"",""Carbon Monoxide Detector"",""First Aid Kit"",""Safety Card"",""Fire Extinguisher"",Essentials,Shampoo,Hangers,""Hair Dryer"",Iron,""Laptop Friendly Workspace""}","$127.00","$25.00",35,99,10,10,10,10,10,5.71,143
"2465",7934356,"f","Ravenna",47.663763989929,-122.293609067195,"Apartment","Entire home/apt",3,1,2,3,"Real Bed","{""Wireless Internet"",""Pets live on this property"",Dog(s),""Family/Kid Friendly"",Dryer,""Smoke Detector"",""Carbon Monoxide Detector""}","$110.00","",3,67,7,10,10,8,7,0.66,139
"2466",4701141,"f","Ravenna",47.6781422723157,-122.297122650074,"House","Private room",2,1,1,1,"Real Bed","{TV,Internet,""Wireless Internet"",Kitchen,""Free Parking on Premises"",Breakfast,""Pets live on this property"",Cat(s),Heating,""Family/Kid Friendly"",Washer,Dryer,""Smoke Detector"",""Carbon Monoxide Detector"",""First Aid Kit"",""Safety Card"",""Fire Extinguisher"",Essentials,Shampoo}","$40.00","$20.00",2,100,10,10,10,10,10,0.21,135
"2467",7274556,"t","Ravenna",47.6709949212262,-122.297896661913,"House","Private room",1,1.5,1,1,"Real Bed","{TV,Internet,""Wireless Internet"",""Free Parking on Premises"",""Pets live on this property"",Cat(s),Heating,Washer,Dryer,""Smoke Detector"",""Carbon Monoxide Detector"",""First Aid Kit"",""Fire Extinguisher"",Essentials,Shampoo}","$40.00","$15.00",12,98,10,10,10,10,10,2.11,140
"2468",9186681,"f","Ravenna",47.6654004880448,-122.295066913112,"Apartment","Entire home/apt",3,1,1,1,"Real Bed","{""Cable TV"",""Wireless Internet"",Kitchen,""Indoor Fireplace"",Heating,Washer,Dryer,""Smoke Detector"",""Carbon Monoxide Detector"",Essentials}","$90.00","",0,NA,NA,NA,NA,NA,NA,NA,140
"2469",6907671,"f","Ravenna",47.6688380955533,-122.299326078079,"House","Entire home/apt",4,1,1,2,"Real Bed","{Internet,""Wireless Internet"",Kitchen,Heating,""Family/Kid Friendly"",Washer,Dryer,""Smoke Detector"",""Carbon Monoxide Detector"",""First Aid Kit"",Essentials,Shampoo}","$125.00","$35.00",6,77,9,9,9,8,8,1.03,146
"2470",1534622,"f","Ravenna",47.6660618455107,-122.2964917917,"House","Private room",1,1,1,1,"Real Bed","{TV,""Wireless Internet"",Kitchen,Heating,Washer,Dryer,Essentials}","$39.00","$40.00",16,83,9,9,9,10,8,0.57,141
"2471",6627129,"f","Ravenna",47.6642860026402,-122.300831284327,"Apartment","Entire home/apt",3,1,1,2,"Real Bed","{Internet,""Wireless Internet"",Kitchen,""Free Parking on Premises"",""Hot Tub"",Heating,Washer,Dryer,""Smoke Detector"",""Fire Extinguisher"",Essentials,Shampoo}","$80.00","",0,NA,NA,NA,NA,NA,NA,NA,155
"2472",1750010,"f","Ravenna",47.6810864142843,-122.307444156607,"House","Entire home/apt",8,2.5,3,3,"Real Bed","{TV,Internet,""Wireless Internet"",Kitchen,""Free Parking on Premises"",""Hot Tub"",""Indoor Fireplace"",Heating,""Family/Kid Friendly"",""Suitable for Events"",Washer,Dryer,""Smoke Detector"",""Carbon Monoxide Detector"",""First Aid Kit"",Essentials,Shampoo}","$325.00","$100.00",12,76,9,10,9,9,7,0.62,183
"2473",5805162,"t","Ravenna",47.6684383401462,-122.298572381447,"House","Entire home/apt",4,1,2,1,"Real Bed","{TV,Internet,""Wireless Internet"",Kitchen,""Free Parking on Premises"",Heating,""Family/Kid Friendly"",Washer,Dryer,""Smoke Detector"",""Carbon Monoxide Detector"",""First Aid Kit"",""Fire Extinguisher"",Essentials}","$95.00","$50.00",29,99,10,10,10,10,10,3.52,145
"2474",1136522,"f","Ravenna",47.6684218103443,-122.298792838819,"Apartment","Entire home/apt",6,1,1,2,"Real Bed","{TV,""Cable TV"",""Wireless Internet"",Kitchen,""Free Parking on Premises"",Heating,""Family/Kid Friendly"",""Suitable for Events"",Washer,Dryer}","$115.00","$70.00",15,87,9,9,9,9,9,0.5,146
"2475",4892529,"f","Ravenna",47.6805972370431,-122.307358401178,"House","Entire home/apt",8,1,3,4,"Real Bed","{""Wireless Internet"",""Wheelchair Accessible"",Kitchen,""Free Parking on Premises"",Heating,""Family/Kid Friendly"",""Suitable for Events"",Washer,Dryer,""Smoke Detector"",""Carbon Monoxide Detector"",Essentials,Shampoo}","$245.00","$60.00",3,53,7,10,9,9,6,0.51,184
"2476",2420536,"f","Ravenna",47.6790326302193,-122.311961179777,"House","Private room",4,1,1,2,"Real Bed","{TV,""Cable TV"",Internet,""Wireless Internet"",""Air Conditioning"",Kitchen,""Indoor Fireplace"",Heating,Washer,Dryer,""Smoke Detector"",""Carbon Monoxide Detector"",""First Aid Kit"",""Safety Card"",""Fire Extinguisher"",Essentials,Shampoo,""Lock on Bedroom Door"",""24-Hour Check-in"",Hangers,""Hair Dryer"",Iron,""Laptop Friendly Workspace""}","$69.00","$50.00",76,95,10,10,10,9,10,3.63,192
"2477",6612940,"f","Ravenna",47.6739980407531,-122.29357863347,"House","Entire home/apt",3,1,1,1,"Real Bed","{TV,""Wireless Internet"",""Wheelchair Accessible"",Kitchen,""Free Parking on Premises"",Heating,Washer,Dryer,""Smoke Detector"",""Carbon Monoxide Detector"",""Fire Extinguisher"",Essentials,Shampoo,Hangers,""Hair Dryer"",Iron,""Laptop Friendly Workspace""}","$129.00","",3,100,10,10,10,10,10,0.43,131
"2478",5471427,"f","Ravenna",47.678472093015,-122.310953146749,"House","Private room",2,1,1,1,"Real Bed","{TV,Internet,""Wireless Internet"",""Free Parking on Premises"",Heating,Washer,Dryer,""Smoke Detector"",""Carbon Monoxide Detector"",""Fire Extinguisher"",Essentials}","$28.00","$25.00",8,90,9,10,9,8,9,0.96,188
"2479",8714974,"f","Ravenna",47.6805099900538,-122.311534539327,"House","Private room",1,1,1,1,"Real Bed","{TV,""Wireless Internet"",Kitchen,""Free Parking on Premises"",""Indoor Fireplace"",Heating,Washer,Dryer,""Smoke Detector"",""Fire Extinguisher"",Essentials,Shampoo}","$49.00","$10.00",0,NA,NA,NA,NA,NA,NA,NA,189
"2480",8101791,"f","Ravenna",47.6736046436972,-122.2921716941,"Apartment","Entire home/apt",2,1,1,2,"Real Bed","{TV,""Cable TV"",Internet,""Wireless Internet"",Kitchen,""Free Parking on Premises"",Heating,Washer,Dryer,""Smoke Detector"",""Carbon Monoxide Detector"",""Fire Extinguisher"",Essentials,Shampoo}","$110.00","$50.00",0,NA,NA,NA,NA,NA,NA,NA,130
"2481",6599960,"f","Ravenna",47.6684736744875,-122.301780069934,"Apartment","Entire home/apt",3,1,1,1,"Real Bed","{TV,Internet,""Wireless Internet"",Kitchen,""Indoor Fireplace"",Heating,""Family/Kid Friendly"",Washer,Dryer,""Smoke Detector"",""Carbon Monoxide Detector"",""First Aid Kit"",""Fire Extinguisher"",Essentials}","$105.00","$30.00",13,91,9,10,10,9,9,1.95,146
"2482",8002965,"f","Ravenna",47.6795322071696,-122.298808094583,"House","Private room",1,1,1,1,"Pull-out Sofa","{TV,Internet,""Wireless Internet"",""Air Conditioning"",Kitchen,""Free Parking on Premises"",""Indoor Fireplace"",Heating,Washer,Dryer,""Smoke Detector"",""Carbon Monoxide Detector""}","$38.00","$5.00",10,96,10,10,10,10,10,2.73,137
"2483",8715320,"f","Ravenna",47.6799072479231,-122.310724714757,"House","Entire home/apt",4,1,2,2,"Real Bed","{TV,""Wireless Internet"",Kitchen,""Free Parking on Premises"",""Indoor Fireplace"",Heating,Washer,Dryer,Essentials,Shampoo,""Hair Dryer"",""Laptop Friendly Workspace""}","$130.00","$45.00",0,NA,NA,NA,NA,NA,NA,NA,187
"2484",9632775,"f","Ravenna",47.6662080458295,-122.295616481459,"House","Private room",1,1,1,1,"Real Bed","{Internet,""Wireless Internet"",Kitchen,Heating,Washer,Dryer,Essentials}","$39.00","$45.00",1,80,8,NA,4,NA,NA,1,141
"2485",5413564,"f","Ravenna",47.6705636000509,-122.297954663805,"House","Entire home/apt",4,2,2,2,"Real Bed","{Internet,""Wireless Internet"",Kitchen,""Free Parking on Premises"",""Indoor Fireplace"",Heating,""Family/Kid Friendly"",Washer,Dryer,""Smoke Detector"",""Fire Extinguisher"",Essentials,Shampoo}","$80.00","$50.00",2,80,8,10,10,10,8,1.43,140
"2486",5340242,"f","Ravenna",47.675741790807,-122.290766953195,"Apartment","Entire home/apt",3,1,1,2,"Real Bed","{TV,""Cable TV"",Internet,""Wireless Internet"",Kitchen,""Free Parking on Premises"",""Buzzer/Wireless Intercom"",Heating,Washer,Dryer,""Smoke Detector"",""Fire Extinguisher"",Essentials,Shampoo}","$110.00","$65.00",1,80,8,10,8,8,6,0.22,125
"2487",3676779,"f","Ravenna",47.6704884521819,-122.304431504637,"House","Entire home/apt",4,1,1,4,"Real Bed","{TV,Internet,""Wireless Internet"",Kitchen,""Free Parking on Premises"",""Pets Allowed"",""Pets live on this property"",Dog(s),Heating,""Family/Kid Friendly"",Washer,Dryer,""Smoke Detector"",""Carbon Monoxide Detector"",""First Aid Kit"",""Fire Extinguisher"",Essentials,Shampoo}","$100.00","$25.00",50,94,10,10,10,10,10,2.86,149
"2488",9157232,"f","Ravenna",47.6671185061016,-122.29767930367,"House","Private room",1,2,1,1,"Real Bed","{TV,""Wireless Internet"",Kitchen,""Free Parking on Premises"",Heating,Washer,Dryer,""Smoke Detector"",""Lock on Bedroom Door"",""Laptop Friendly Workspace""}","$50.00","",1,80,8,8,10,6,8,0.61,142
"2489",4208555,"t","Ravenna",47.6814368169036,-122.310449125195,"House","Entire home/apt",4,1,1,2,"Real Bed","{TV,Internet,""Wireless Internet"",""Free Parking on Premises"",Heating,""Family/Kid Friendly"",Washer,Dryer,""Smoke Detector"",""Carbon Monoxide Detector"",""First Aid Kit"",""Safety Card"",""Fire Extinguisher"",Essentials,Shampoo}","$75.00","$10.00",54,98,10,10,10,10,10,3.83,186
"2490",7026898,"t","Ravenna",47.6830082648281,-122.299750356202,"House","Private room",3,1,1,2,"Real Bed","{TV,""Cable TV"",Internet,""Wireless Internet"",""Free Parking on Premises"",Heating,""Family/Kid Friendly"",Washer,Dryer,""Smoke Detector"",""Safety Card"",""Fire Extinguisher"",Essentials,Shampoo}","$85.00","",16,98,10,10,10,9,10,2.53,140
"2491",3766055,"f","Ravenna",47.6804514416591,-122.311204691495,"House","Private room",2,1,1,1,"Real Bed","{""Wireless Internet"",""Wheelchair Accessible"",Kitchen,Heating,Washer,Dryer,""Fire Extinguisher"",Essentials}","$70.00","$20.00",27,96,10,10,10,10,9,1.56,189
"2492",8091417,"f","Ravenna",47.6775832358449,-122.300022292005,"House","Entire home/apt",4,1,2,1,"Real Bed","{TV,""Wireless Internet"",""Air Conditioning"",Kitchen,""Free Parking on Premises"",""Indoor Fireplace"",Heating,""Family/Kid Friendly"",Washer,Dryer,""Smoke Detector""}","$95.00","",0,NA,NA,NA,NA,NA,NA,NA,140
"2493",8253758,"f","Ravenna",47.6640874772146,-122.2908627434,"House","Private room",2,1,1,1,"Real Bed","{TV,Internet,""Wireless Internet"",Kitchen,""Free Parking on Premises"",""Indoor Fireplace"",Heating,Washer,Dryer,""Smoke Detector"",""First Aid Kit"",Essentials,Shampoo,""24-Hour Check-in"",Hangers,""Laptop Friendly Workspace""}","$50.00","",0,NA,NA,NA,NA,NA,NA,NA,135
"2494",3126153,"f","Ravenna",47.6813103615114,-122.305949543459,"House","Private room",2,1,1,1,"Real Bed","{TV,""Wireless Internet"",Kitchen,""Hot Tub"",""Indoor Fireplace"",Washer,Dryer,Essentials,Shampoo}","$115.00","$100.00",1,NA,NA,NA,NA,NA,NA,0.17,177
"2495",3434459,"t","Ravenna",47.6692063565569,-122.296493279251,"House","Private room",1,1.5,1,1,"Real Bed","{TV,Internet,""Wireless Internet"",""Free Parking on Premises"",""Pets live on this property"",Cat(s),Heating,Washer,Dryer,""Smoke Detector"",""Carbon Monoxide Detector"",""First Aid Kit"",""Fire Extinguisher"",Essentials,Shampoo}","$45.00","$15.00",5,96,10,10,10,10,9,0.96,137
"2496",7245586,"f","Ravenna",47.6664286662893,-122.298399373581,"House","Private room",2,2,1,1,"Real Bed","{TV,""Wireless Internet"",Kitchen,""Free Parking on Premises"",Heating,Washer,Dryer,""Smoke Detector"",""Laptop Friendly Workspace""}","$60.00","$10.00",2,60,4,4,7,9,7,0.41,146
"2497",5959816,"t","Ravenna",47.6687199498136,-122.298860436703,"Apartment","Entire home/apt",2,1,1,1,"Real Bed","{""Cable TV"",""Wireless Internet"",""Wheelchair Accessible"",Kitchen,""Free Parking on Premises"",""Pets live on this property"",Cat(s),Heating,""Family/Kid Friendly"",Washer,Dryer,""Smoke Detector"",Essentials}","$95.00","",29,98,10,10,10,10,10,3.77,146
"2498",3852117,"f","Ravenna",47.6784312431853,-122.311325429989,"Other","Entire home/apt",3,0.5,0,2,"Real Bed","{Internet,""Wireless Internet"",Kitchen,Heating}","$39.00","$20.00",101,94,9,10,10,9,9,6.86,188
"2499",7350992,"t","Ravenna",47.6761313670342,-122.310124988996,"Other","Entire home/apt",2,1,0,2,"Real Bed","{""Cable TV"",""Wireless Internet"",Kitchen,""Free Parking on Premises"",Heating,""Smoke Detector"",""First Aid Kit"",Essentials,Shampoo,""24-Hour Check-in"",""Hair Dryer"",Iron,""Laptop Friendly Workspace""}","$88.00","$20.00",18,98,10,10,10,10,10,3.2,186
"2500",3812725,"f","Ravenna",47.6820871958538,-122.29907862499,"House","Entire home/apt",8,3,3,3,"Real Bed","{TV,Internet,""Wireless Internet"",Kitchen,""Free Parking on Premises"",Breakfast,Heating,""Family/Kid Friendly"",Washer,Dryer,""Smoke Detector"",""Carbon Monoxide Detector"",""First Aid Kit"",""Safety Card"",""Fire Extinguisher"",Essentials,Shampoo}","$175.00","$100.00",3,93,10,9,9,9,9,0.19,137
"2501",4288801,"f","Ravenna",47.6799223464347,-122.310308498068,"House","Private room",2,1,1,1,"Real Bed","{""Wireless Internet"",Kitchen,Heating,""Fire Extinguisher"",Essentials}","$80.00","$20.00",6,90,10,9,10,9,10,0.45,187
"2502",5473498,"f","Ravenna",47.6785792274281,-122.309002551423,"House","Private room",2,1,1,1,"Real Bed","{TV,Internet,""Wireless Internet"",""Free Parking on Premises"",Heating,Washer,Dryer,""Smoke Detector"",""Carbon Monoxide Detector"",""Fire Extinguisher"",Essentials}","$35.00","$25.00",9,93,8,10,10,10,10,1.08,185
"2503",5057466,"t","Ravenna",47.6745186932754,-122.308917152955,"House","Private room",4,1,1,1,"Real Bed","{TV,""Cable TV"",Internet,""Wireless Internet"",Kitchen,""Free Parking on Premises"",""Indoor Fireplace"",Heating,""Family/Kid Friendly"",Washer,Dryer,""Smoke Detector"",""Carbon Monoxide Detector"",""First Aid Kit"",""Safety Card"",""Fire Extinguisher"",Essentials,Shampoo}","$84.00","",31,98,10,10,10,10,10,3.56,179
"2504",1541705,"f","Ravenna",47.6666076051043,-122.297264696741,"House","Private room",1,1,1,1,"Real Bed","{""Wireless Internet"",Kitchen,""Free Parking on Premises"",""Indoor Fireplace"",Heating,Washer,Dryer,""Smoke Detector"",""Fire Extinguisher"",Essentials}","$49.00","$40.00",14,80,8,8,9,9,9,0.49,142
"2505",7110923,"f","Ravenna",47.6725826955673,-122.301924758449,"House","Entire home/apt",6,2,3,3,"Real Bed","{TV,""Cable TV"",Internet,""Wireless Internet"",Kitchen,""Free Parking on Premises"",""Pets Allowed"",""Indoor Fireplace"",Heating,""Family/Kid Friendly"",Washer,Dryer,""Smoke Detector"",""Carbon Monoxide Detector"",""First Aid Kit"",""Fire Extinguisher"",Essentials,Shampoo}","$196.00","$90.00",10,98,10,10,10,10,10,4.35,147
"2506",9067268,"f","Ravenna",47.6681964479639,-122.299466288558,"House","Private room",2,2,1,2,"Real Bed","{TV,""Wireless Internet"",Kitchen,""Free Parking on Premises"",Heating,Washer,Dryer,""Smoke Detector"",""Lock on Bedroom Door"",""24-Hour Check-in"",""Laptop Friendly Workspace""}","$55.00","",0,NA,NA,NA,NA,NA,NA,NA,146
"2507",7500000,"f","Riverview",47.5529279082814,-122.361799817289,"House","Entire home/apt",4,1.5,2,2,"Real Bed","{TV,""Cable TV"",Internet,""Wireless Internet"",""Air Conditioning"",Kitchen,""Free Parking on Premises"",""Pets Allowed"",""Pets live on this property"",Dog(s),""Indoor Fireplace"",Heating,Washer,Dryer,""Smoke Detector"",""Carbon Monoxide Detector"",""First Aid Kit"",""Fire Extinguisher"",Essentials,Shampoo,""24-Hour Check-in"",Hangers,""Hair Dryer"",Iron}","$120.00","$60.00",5,100,10,10,10,8,9,1.06,83
"2508",2556794,"f","Riverview",47.5449517799817,-122.358203632704,"House","Entire home/apt",2,1,0,1,"Real Bed","{TV,""Cable TV"",Internet,""Wireless Internet"",""Air Conditioning"",Kitchen,""Free Parking on Premises"",""Pets live on this property"",Dog(s),Heating,Washer,Dryer,""Smoke Detector"",Essentials,""Laptop Friendly Workspace""}","$55.00","$50.00",4,100,10,10,10,10,10,0.34,76
"2509",6348159,"f","Riverview",47.5402752532781,-122.355802689221,"House","Private room",2,1,1,1,"Pull-out Sofa","{TV,Internet,""Wireless Internet"",Kitchen,Heating,""Smoke Detector"",""Carbon Monoxide Detector"",""Fire Extinguisher"",Essentials,Shampoo}","$60.00","",4,100,10,10,10,10,10,0.52,76
"2510",5941598,"f","Riverview",47.5434967437478,-122.351664096612,"House","Entire home/apt",5,1,2,3,"Real Bed","{TV,""Cable TV"",Internet,""Wireless Internet"",Kitchen,""Free Parking on Premises"",""Pets Allowed"",Heating,""Family/Kid Friendly"",Washer,Dryer,""Smoke Detector"",""Carbon Monoxide Detector"",""First Aid Kit"",""Fire Extinguisher"",Essentials,Shampoo}","$129.00","$80.00",22,90,10,10,10,9,9,2.55,79
"2511",3206305,"t","Riverview",47.5510293144157,-122.360584844729,"Apartment","Entire home/apt",3,1,1,2,"Real Bed","{TV,""Cable TV"",Internet,""Wireless Internet"",Kitchen,""Free Parking on Premises"",Breakfast,""Pets live on this property"",Cat(s),Heating,""Family/Kid Friendly"",""Suitable for Events"",Washer,Dryer,""Smoke Detector"",""Carbon Monoxide Detector"",""First Aid Kit"",""Safety Card"",""Fire Extinguisher"",Essentials,Shampoo}","$90.00","$40.00",58,97,10,10,10,9,9,3.04,81
"2512",3531616,"t","Riverview",47.5514912017843,-122.355317279309,"House","Private room",2,1,1,1,"Real Bed","{TV,""Cable TV"",Internet,""Wireless Internet"",Kitchen,""Free Parking on Premises"",Breakfast,""Indoor Fireplace"",""Buzzer/Wireless Intercom"",Heating,Washer,Dryer,""Smoke Detector"",Essentials,Shampoo}","$70.00","$15.00",37,98,10,10,10,9,10,2.06,81
"2513",3404700,"f","Riverview",47.5353037697597,-122.355273733286,"Apartment","Entire home/apt",2,1,1,1,"Futon","{TV,Internet,""Wireless Internet"",Kitchen,""Free Parking on Premises"",""Pets live on this property"",Heating,""Smoke Detector"",""Carbon Monoxide Detector"",""First Aid Kit"",""Fire Extinguisher"",Essentials,Shampoo}","$65.00","$25.00",55,96,10,10,10,9,10,3.04,72
"2514",533443,"t","Riverview",47.5366044050604,-122.356052313738,"House","Private room",2,1,1,1,"Real Bed","{TV,""Wireless Internet"",Kitchen,""Free Parking on Premises"",Breakfast,""Pets live on this property"",Dog(s),Heating,Washer,Dryer,""Smoke Detector"",""First Aid Kit"",""Fire Extinguisher"",Essentials}","$55.00","",204,97,10,10,10,9,10,4.74,74
"2515",6214517,"f","Portage Bay",47.6502765188239,-122.319191444917,"Apartment","Entire home/apt",3,1,1,2,"Real Bed","{TV,""Cable TV"",Internet,""Wireless Internet"",Kitchen,Heating,""Family/Kid Friendly"",Washer,Dryer,""Smoke Detector"",""Carbon Monoxide Detector"",""Safety Card"",Essentials,Shampoo,Hangers,""Hair Dryer"",Iron,""Laptop Friendly Workspace""}","$120.00","$80.00",22,95,10,10,10,10,10,3.25,275
"2516",8036620,"f","Portage Bay",47.6474162046486,-122.321375093182,"House","Entire home/apt",8,3.5,4,5,"Real Bed","{TV,Internet,""Wireless Internet"",Kitchen,""Free Parking on Premises"",""Indoor Fireplace"",Heating,""Family/Kid Friendly"",Washer,Dryer,""Smoke Detector"",""Carbon Monoxide Detector"",""Fire Extinguisher"",Essentials}","$525.00","$100.00",4,85,9,10,10,9,9,1.2,339
"2517",8152764,"t","Portage Bay",47.6504241178159,-122.322016879288,"Apartment","Entire home/apt",4,1,1,2,"Real Bed","{Internet,""Wireless Internet"",Kitchen,""Free Parking on Premises"",Heating,Washer,Dryer,""Smoke Detector"",""Carbon Monoxide Detector"",""Fire Extinguisher"",Essentials,Shampoo}","$99.00","",1,100,10,10,10,10,10,0.42,277
"2518",6837751,"t","Portage Bay",47.6446149675413,-122.32142406458,"House","Private room",1,1.5,1,1,"Real Bed","{TV,Internet,""Wireless Internet"",Kitchen,""Free Parking on Premises"",""Indoor Fireplace"",Washer,Dryer,""Smoke Detector"",""Carbon Monoxide Detector"",""First Aid Kit"",""Fire Extinguisher"",Essentials,Shampoo}","$90.00","",25,99,10,10,10,10,10,3.77,375
"2519",2459519,"t","Portage Bay",47.6457486590912,-122.318580705486,"House","Entire home/apt",10,4,6,7,"Real Bed","{TV,""Cable TV"",Internet,""Wireless Internet"",Kitchen,""Free Parking on Premises"",""Pets Allowed"",""Pets live on this property"",Dog(s),""Indoor Fireplace"",Heating,""Family/Kid Friendly"",Washer,Dryer,""Smoke Detector"",""Carbon Monoxide Detector"",""First Aid Kit"",""Safety Card"",""Fire Extinguisher"",Essentials,Shampoo}","$750.00","$300.00",13,94,10,10,9,9,9,1.46,353
"2520",4940379,"f","Portage Bay",47.6464612574571,-122.317040564176,"House","Entire home/apt",6,2,3,3,"Real Bed","{TV,""Cable TV"",Internet,""Wireless Internet"",Kitchen,""Free Parking on Premises"",""Pets Allowed"",""Indoor Fireplace"",Heating,""Family/Kid Friendly"",Washer,Dryer,""Smoke Detector"",""Carbon Monoxide Detector"",""First Aid Kit"",""Safety Card"",""Fire Extinguisher"",Essentials,Shampoo,""24-Hour Check-in"",Hangers,""Hair Dryer"",Iron,""Laptop Friendly Workspace""}","$250.00","$100.00",9,93,10,10,9,10,10,1.3,338
"2521",2413338,"f","Portage Bay",47.6502953495405,-122.320631350088,"Other","Private room",2,1,1,1,"Futon","{TV,""Cable TV"",Internet,""Wireless Internet"",Kitchen,Heating,Washer,Dryer,""Smoke Detector"",""Carbon Monoxide Detector"",""First Aid Kit"",""Fire Extinguisher"",Essentials,Shampoo,""Lock on Bedroom Door"",Hangers,""Hair Dryer"",Iron,""Laptop Friendly Workspace""}","$125.00","$50.00",18,99,10,10,10,10,10,0.84,279
"2522",2332949,"f","Portage Bay",47.6458672435839,-122.321415606969,"House","Entire home/apt",10,3,4,4,"Real Bed","{TV,""Cable TV"",Internet,""Wireless Internet"",Kitchen,""Free Parking on Premises"",""Indoor Fireplace"",Heating,""Family/Kid Friendly"",Washer,Dryer,""Smoke Detector"",""Carbon Monoxide Detector"",Essentials,Shampoo}","$380.00","$100.00",38,95,9,9,10,9,9,1.91,364
"2523",6543683,"t","Portage Bay",47.6442115616662,-122.322698916184,"House","Private room",2,1.5,1,1,"Real Bed","{TV,Internet,""Wireless Internet"",Kitchen,""Free Parking on Premises"",""Indoor Fireplace"",Heating,Washer,Dryer,""Smoke Detector"",""Carbon Monoxide Detector"",""First Aid Kit"",""Fire Extinguisher"",Essentials,Shampoo}","$130.00","",15,100,10,10,10,10,10,2.28,385
"2524",4340410,"f","Portage Bay",47.6474215233598,-122.32200400671,"Apartment","Entire home/apt",2,1,1,1,"Real Bed","{TV,""Cable TV"",Internet,""Wireless Internet"",Kitchen,""Free Parking on Premises"",""Pets Allowed"",""Pets live on this property"",Dog(s),""Elevator in Building"",Heating,""Family/Kid Friendly"",Washer,Dryer,""Smoke Detector"",Essentials,Shampoo}","$135.00","",5,76,7,9,10,8,8,0.34,337
"2525",7003848,"f","Portage Bay",47.6472877798652,-122.319455230172,"House","Entire home/apt",4,2,2,2,"Real Bed","{Internet,""Wireless Internet"",Kitchen,""Free Parking on Premises"",Heating,""Family/Kid Friendly"",Washer,Dryer,""Smoke Detector"",""Carbon Monoxide Detector"",Essentials,Shampoo}","$257.00","$100.00",10,100,10,10,10,10,10,1.73,337
"2526",3479851,"f","Portage Bay",47.6504420019688,-122.321979641713,"Apartment","Entire home/apt",3,1,1,1,"Real Bed","{Internet,""Wireless Internet"",""Air Conditioning"",Kitchen,""Free Parking on Premises"",""Pets Allowed"",""Elevator in Building"",""Buzzer/Wireless Intercom"",Heating,Washer,Dryer,""Smoke Detector"",""First Aid Kit"",""Safety Card"",""Fire Extinguisher"",Essentials,Shampoo}","$90.00","$50.00",14,100,10,10,10,10,10,2.39,277
"2527",5104918,"f","Portage Bay",47.6511246456092,-122.320430874181,"Apartment","Entire home/apt",5,1,2,3,"Real Bed","{TV,""Cable TV"",Internet,""Wireless Internet"",Kitchen,""Free Parking on Premises"",Heating,""Family/Kid Friendly"",Washer,Dryer,""Smoke Detector"",""Carbon Monoxide Detector"",Essentials,Shampoo,Hangers,""Hair Dryer"",Iron,""Laptop Friendly Workspace""}","$160.00","$80.00",25,92,10,10,10,10,9,2.88,255
"2528",1386306,"t","Bryant",47.6635478422584,-122.285938145684,"House","Private room",2,1,1,1,"Real Bed","{""Wireless Internet"",Kitchen,""Pets Allowed"",""Indoor Fireplace"",Heating,Washer,Dryer,""Smoke Detector"",""Fire Extinguisher"",Essentials}","$66.00","$15.00",63,96,10,10,10,9,10,2.14,123
"2529",486829,"t","Bryant",47.6645016242487,-122.283814657048,"House","Private room",2,1,1,1,"Real Bed","{TV,""Cable TV"",Internet,""Wireless Internet"",Kitchen,""Free Parking on Premises"",""Pets live on this property"",Dog(s),""Indoor Fireplace"",Heating,Washer,Dryer,""Smoke Detector"",""Carbon Monoxide Detector"",""First Aid Kit"",""Safety Card"",""Fire Extinguisher"",Essentials,Shampoo}","$65.00","",53,92,9,10,10,9,9,1.22,117
"2530",3604904,"f","Bryant",47.6655961493155,-122.28466836729,"House","Private room",2,1,1,1,"Pull-out Sofa","{Internet,""Wireless Internet"",Heating,""Family/Kid Friendly"",Essentials,Shampoo}","$60.00","",45,87,9,9,9,9,9,2.52,121
"2531",1450262,"t","Bryant",47.6691425601022,-122.279866544179,"House","Entire home/apt",4,3,2,2,"Real Bed","{TV,""Cable TV"",Internet,""Wireless Internet"",""Air Conditioning"",Kitchen,""Free Parking on Premises"",""Indoor Fireplace"",Heating,""Family/Kid Friendly"",Washer,Dryer,""Smoke Detector"",""Carbon Monoxide Detector"",Essentials,Shampoo,""24-Hour Check-in"",Hangers,""Hair Dryer"",Iron,""Laptop Friendly Workspace""}","$295.00","$145.00",25,99,10,10,10,10,10,0.86,118
"2532",9995551,"f","Bryant",47.66639415633,-122.288172505654,"Bungalow","Entire home/apt",2,1,0,2,"Real Bed","{TV,Internet,""Wireless Internet"",Kitchen,""Free Parking on Premises"",""Pets live on this property"",Dog(s),Heating,""Family/Kid Friendly"",""Smoke Detector"",""Fire Extinguisher"",Essentials,Shampoo,Hangers,""Hair Dryer"",""Laptop Friendly Workspace""}","$79.00","$60.00",1,100,10,10,10,10,10,1,128
"2533",8849095,"f","Bryant",47.6683600435266,-122.28958887766,"House","Entire home/apt",8,2,4,4,"Real Bed","{TV,""Cable TV"",Internet,""Wireless Internet"",Kitchen,""Free Parking on Premises"",""Indoor Fireplace"",Heating,""Family/Kid Friendly"",Washer,Dryer,""Smoke Detector"",""Carbon Monoxide Detector"",""First Aid Kit"",""Safety Card"",""Fire Extinguisher"",Essentials,Shampoo,Iron,""Laptop Friendly Workspace""}","$250.00","$80.00",0,NA,NA,NA,NA,NA,NA,NA,129
"2534",7742525,"t","Bryant",47.6650942286374,-122.284048509348,"House","Private room",2,1,1,1,"Real Bed","{TV,""Cable TV"",""Wireless Internet"",Kitchen,""Free Parking on Premises"",""Pets live on this property"",Dog(s),Heating,Washer,Dryer,""Smoke Detector"",""Carbon Monoxide Detector"",""First Aid Kit"",""Safety Card"",""Fire Extinguisher"",Shampoo}","$58.00","$15.00",2,100,10,10,10,10,10,0.42,118
"2535",4550199,"f","Bryant",47.6684640336596,-122.28298883801,"House","Entire home/apt",6,2,3,2,"Real Bed","{}","$250.00","$150.00",7,100,10,10,10,10,10,1.18,122
"2536",2822984,"f","Bryant",47.6734778739727,-122.288110401879,"House","Private room",3,1,1,3,"Real Bed","{TV,""Wireless Internet"",Kitchen,""Free Parking on Premises"",""Pets live on this property"",Cat(s),""Indoor Fireplace"",""Family/Kid Friendly"",Washer,Dryer,""Smoke Detector"",""Carbon Monoxide Detector""}","$50.00","",20,97,10,10,10,10,10,1.09,124
"2537",202260,"t","Bryant",47.6720765714533,-122.282816427757,"Apartment","Entire home/apt",2,1,1,1,"Real Bed","{Internet,""Wireless Internet"",Kitchen,""Free Parking on Premises"",""Pets live on this property"",Dog(s),""Indoor Fireplace"",Heating,Washer,Dryer,""Smoke Detector"",""Carbon Monoxide Detector"",""First Aid Kit"",""Fire Extinguisher"",Essentials,Shampoo,Hangers,Iron,""Laptop Friendly Workspace""}","$89.00","",134,98,10,10,10,10,10,2.52,123
"2538",8597687,"f","Bryant",47.6814455368523,-122.286673308837,"House","Private room",2,1,1,1,"Real Bed","{TV,Internet,""Wireless Internet"",""Free Parking on Premises"",Heating,Washer,Dryer,""Smoke Detector"",Essentials,Shampoo}","$47.00","$5.00",1,100,10,8,10,10,8,0.31,121
"2539",2309250,"f","Bryant",47.6697523933534,-122.287507911792,"House","Entire home/apt",5,1,3,3,"Real Bed","{TV,""Cable TV"",Internet,""Wireless Internet"",Kitchen,""Free Parking on Premises"",Heating,""Family/Kid Friendly"",Washer,Dryer,""Smoke Detector"",""Carbon Monoxide Detector"",""First Aid Kit"",""Safety Card"",""Fire Extinguisher"",Essentials,Shampoo,""24-Hour Check-in"",Hangers,""Hair Dryer"",Iron}","$189.00","$150.00",23,100,10,10,10,10,10,1.16,126
"2540",7420339,"f","Bryant",47.6660071807613,-122.286744980721,"House","Entire home/apt",4,1,2,2,"Real Bed","{Internet,""Wireless Internet"",Kitchen,""Free Parking on Premises"",""Indoor Fireplace"",Heating,""Family/Kid Friendly"",Washer,Dryer,""Smoke Detector"",""Carbon Monoxide Detector"",""Fire Extinguisher"",Essentials,Shampoo}","$175.00","$50.00",2,90,9,10,9,9,9,0.37,125
"2541",1742425,"f","Bryant",47.6619905974133,-122.290728811927,"House","Entire home/apt",3,1,1,1,"Real Bed","{TV,""Cable TV"",Internet,""Wireless Internet"",""Air Conditioning"",Kitchen,""Free Parking on Premises"",""Pets live on this property"",Cat(s),Heating,Washer,Dryer,""Smoke Detector"",""Carbon Monoxide Detector"",""First Aid Kit"",""Safety Card"",""Fire Extinguisher"",Essentials,Shampoo,""Hair Dryer"",Iron}","$95.00","$85.00",48,93,9,10,10,10,9,1.84,137
"2542",4559985,"f","Bryant",47.6630591500992,-122.289447745802,"Apartment","Entire home/apt",4,1,2,2,"Real Bed","{TV,""Cable TV"",Internet,""Wireless Internet"",Kitchen,Heating,""Family/Kid Friendly"",Washer,Dryer,""Smoke Detector"",""Carbon Monoxide Detector"",""Fire Extinguisher"",Essentials,Shampoo,""24-Hour Check-in"",Hangers,""Hair Dryer"",Iron}","$80.00","$85.00",4,80,10,9,7,9,8,0.33,129
"2543",6304139,"f","Bryant",47.6811872031056,-122.289257437824,"House","Entire home/apt",4,1,1,2,"Real Bed","{""Wireless Internet"",Kitchen,""Free Parking on Premises"",Heating,""Family/Kid Friendly"",""Smoke Detector"",""Carbon Monoxide Detector"",""First Aid Kit"",""Safety Card"",""Fire Extinguisher"",Essentials}","$95.00","$75.00",8,100,10,10,10,10,10,1.14,125
"2544",2610187,"f","Bryant",47.6763510569969,-122.289498759902,"Apartment","Entire home/apt",3,1,0,2,"Real Bed","{""Wireless Internet"",Kitchen,""Free Parking on Premises"",Heating,""Suitable for Events"",Washer,Dryer,""Smoke Detector"",""First Aid Kit"",Essentials,Shampoo}","$65.00","$60.00",4,85,9,8,9,8,9,0.2,123
"2545",8508341,"f","Bryant",47.66374670205,-122.288703549517,"House","Entire home/apt",6,2,2,2,"Real Bed","{TV,""Cable TV"",Internet,""Wireless Internet"",Kitchen,Gym,Heating,""Family/Kid Friendly"",Washer,Dryer,""Smoke Detector"",""Carbon Monoxide Detector"",""Fire Extinguisher"",Essentials,Shampoo,""24-Hour Check-in"",Hangers,""Hair Dryer"",Iron,""Laptop Friendly Workspace""}","$150.00","$100.00",1,80,10,10,10,10,8,0.46,131
"2546",7327623,"f","Bryant",47.6656180519684,-122.287880710489,"Loft","Entire home/apt",2,1,1,1,"Real Bed","{TV,Internet,""Wireless Internet"",Kitchen,""Free Parking on Premises"",""Pets live on this property"",Dog(s),Heating,""Smoke Detector"",""Carbon Monoxide Detector"",""Fire Extinguisher"",Essentials,Shampoo}","$94.00","$75.00",21,99,10,10,10,10,10,3.75,126
"2547",2412633,"f","Bryant",47.6680649388824,-122.284536310424,"Townhouse","Entire home/apt",2,1,1,2,"Real Bed","{TV,""Cable TV"",Internet,""Wireless Internet"",""Air Conditioning"",Kitchen,""Free Parking on Premises"",""Indoor Fireplace"",Heating,Washer,Dryer,""Smoke Detector"",Essentials,Shampoo}","$109.00","$75.00",12,96,9,10,10,10,10,0.54,122
"2548",4205026,"t","Bryant",47.6644279668194,-122.286192886141,"House","Private room",2,1,1,1,"Real Bed","{""Wireless Internet"",Kitchen,""Free Parking on Premises"",""Pets live on this property"",Dog(s),Heating,Washer,Dryer,""Smoke Detector"",""Carbon Monoxide Detector"",""First Aid Kit"",""Safety Card"",""Fire Extinguisher"",Essentials,Shampoo,Hangers,""Hair Dryer"",Iron,""Laptop Friendly Workspace""}","$62.00","$25.00",20,94,9,10,10,10,9,3.35,125
"2549",7858454,"f","Bryant",47.6706080750074,-122.287847521069,"House","Entire home/apt",3,2,2,2,"Real Bed","{TV,""Cable TV"",Internet,""Wireless Internet"",""Air Conditioning"",Kitchen,""Indoor Fireplace"",Heating,Washer,Dryer,""Smoke Detector"",""First Aid Kit"",""Safety Card"",""Fire Extinguisher"",Essentials,Shampoo}","$150.00","",3,100,10,10,9,9,9,0.84,126
"2550",9299824,"f","Bryant",47.6678038586067,-122.287738119471,"House","Entire home/apt",6,1,3,3,"Real Bed","{TV,""Cable TV"",Internet,""Wireless Internet"",Kitchen,""Free Parking on Premises"",""Hot Tub"",Heating,""Family/Kid Friendly"",Washer,Dryer,""Smoke Detector"",""Fire Extinguisher"",Essentials,Shampoo,""24-Hour Check-in"",Hangers,""Hair Dryer"",Iron,""Laptop Friendly Workspace""}","$185.00","$165.00",0,NA,NA,NA,NA,NA,NA,NA,126
"2551",656909,"t","Bryant",47.6656639878869,-122.285676667608,"House","Private room",2,1,1,1,"Real Bed","{TV,""Cable TV"",""Wireless Internet"",Kitchen,""Pets live on this property"",Dog(s),""Indoor Fireplace"",Heating,Washer,Dryer,""Smoke Detector"",""Carbon Monoxide Detector"",""First Aid Kit"",""Safety Card"",""Fire Extinguisher"",Essentials,Shampoo}","$64.00","",22,96,10,10,10,9,10,0.56,124
"2552",6728419,"t","Bryant",47.6723432521106,-122.283290719001,"House","Entire home/apt",2,1,1,1,"Real Bed","{TV,""Wireless Internet"",""Free Parking on Premises"",""Indoor Fireplace"",Heating,Washer,Dryer,""Smoke Detector"",""Carbon Monoxide Detector"",Essentials,Shampoo}","$100.00","",45,99,10,10,10,10,10,6.46,123
"2553",8766231,"f","Bryant",47.6629230907927,-122.289003902493,"House","Entire home/apt",6,2,3,4,"Real Bed","{TV,""Cable TV"",Internet,""Wireless Internet"",Kitchen,""Free Parking on Premises"",""Indoor Fireplace"",Heating,""Family/Kid Friendly"",Washer,Dryer,""Smoke Detector"",""Fire Extinguisher"",Essentials}","$125.00","",0,NA,NA,NA,NA,NA,NA,NA,129
"2554",9110560,"f","Bryant",47.6691184363368,-122.285046034199,"House","Private room",2,1,1,1,"Real Bed","{Internet,""Wireless Internet"",Kitchen,""Free Parking on Premises"",Heating,Washer,Dryer,""Smoke Detector"",""Carbon Monoxide Detector"",""Safety Card"",""Fire Extinguisher"",Essentials,Shampoo,""Lock on Bedroom Door"",""24-Hour Check-in"",Hangers,""Hair Dryer"",Iron,""Laptop Friendly Workspace""}","$45.00","",1,100,10,10,10,10,10,1,122
"2555",4599119,"f","Bryant",47.6717853449558,-122.287677504796,"House","Entire home/apt",3,1.5,2,2,"Real Bed","{TV,""Cable TV"",Internet,""Wireless Internet"",""Air Conditioning"",Kitchen,""Free Parking on Premises"",""Indoor Fireplace"",Heating,Washer,Dryer,""Smoke Detector"",""Carbon Monoxide Detector"",""First Aid Kit"",""Fire Extinguisher"",Essentials,Shampoo,""24-Hour Check-in"",Hangers,""Hair Dryer"",Iron,""Laptop Friendly Workspace""}","$180.00","$85.00",4,100,10,10,10,10,10,0.34,124
"2556",10043487,"f","Bryant",47.6696399149561,-122.281995873385,"Townhouse","Private room",1,1,1,1,"Real Bed","{""Wireless Internet"",Heating,""Smoke Detector"",""Fire Extinguisher"",Essentials,""Laptop Friendly Workspace""}","$60.00","$30.00",0,NA,NA,NA,NA,NA,NA,NA,121
"2557",3646393,"t","Montlake",47.6396578405291,-122.304631525284,"House","Entire home/apt",4,1,1,2,"Real Bed","{TV,""Cable TV"",Internet,""Wireless Internet"",""Free Parking on Premises"",""Pets live on this property"",Dog(s),Heating,""Family/Kid Friendly"",Washer,Dryer,""Smoke Detector"",""First Aid Kit"",""Fire Extinguisher"",Essentials,Shampoo,""24-Hour Check-in"",Hangers,""Hair Dryer"",Iron,""Laptop Friendly Workspace""}","$125.00","$40.00",30,98,10,10,10,10,10,4.46,316
"2558",6537432,"f","Montlake",47.6376667299154,-122.315304280164,"House","Entire home/apt",8,3.5,5,4,"Real Bed","{TV,""Cable TV"",Internet,""Wireless Internet"",Kitchen,""Free Parking on Premises"",""Pets Allowed"",Heating,""Family/Kid Friendly"",Washer,Dryer,""Smoke Detector"",""Fire Extinguisher"",Essentials,Shampoo}","$415.00","$150.00",0,NA,NA,NA,NA,NA,NA,NA,431
"2559",1950446,"f","Montlake",47.6365043077423,-122.319304770176,"House","Entire home/apt",7,1,2,3,"Real Bed","{Internet,""Wireless Internet"",Kitchen,""Free Parking on Premises"",""Pets Allowed"",Heating,""Family/Kid Friendly"",Essentials,Shampoo}","$129.00","$40.00",136,84,8,9,9,9,9,5.49,439
"2560",9519968,"f","Montlake",47.6397288998846,-122.301218101314,"House","Entire home/apt",5,1,2,3,"Real Bed","{Internet,""Wireless Internet"",Kitchen,""Free Parking on Premises"",""Pets Allowed"",""Indoor Fireplace"",Heating,""Family/Kid Friendly"",Washer,Dryer,""Smoke Detector"",""Carbon Monoxide Detector"",""First Aid Kit"",""Fire Extinguisher"",Essentials,Shampoo,""24-Hour Check-in"",Hangers,""Hair Dryer"",Iron,""Laptop Friendly Workspace""}","$130.00","$75.00",4,80,7,8,8,8,8,4,286
"2561",8507062,"f","Montlake",47.6371305690135,-122.302713804138,"House","Private room",2,0,1,1,"Real Bed","{TV,Internet,""Wireless Internet"",Kitchen,Breakfast,Heating,""Smoke Detector"",""Carbon Monoxide Detector"",""First Aid Kit"",""Fire Extinguisher"",Essentials,Shampoo}","$55.00","$15.00",6,97,10,10,10,9,10,1.8,314
"2562",4454121,"t","Montlake",47.6401277490639,-122.315258763584,"Apartment","Entire home/apt",6,1,2,4,"Real Bed","{Internet,""Wireless Internet"",Kitchen,""Free Parking on Premises"",Heating,""Family/Kid Friendly"",Washer,Dryer,""Smoke Detector"",""Carbon Monoxide Detector"",""Fire Extinguisher"",Essentials,Shampoo}","$160.00","$50.00",5,88,10,10,10,10,10,0.35,406
"2563",8505940,"f","Montlake",47.6363941756384,-122.302400553478,"House","Private room",2,0,1,1,"Real Bed","{TV,Internet,""Wireless Internet"",""Air Conditioning"",Kitchen,Breakfast,Heating,""Smoke Detector"",""Carbon Monoxide Detector"",""First Aid Kit"",""Fire Extinguisher"",Essentials,Shampoo,""24-Hour Check-in"",Hangers,""Hair Dryer"",""Laptop Friendly Workspace""}","$55.00","$15.00",14,97,10,10,10,10,10,4.2,312
"2564",1012003,"f","Montlake",47.6397566149925,-122.322251600334,"Apartment","Private room",4,1,1,2,"Real Bed","{TV,""Cable TV"",Internet,""Wireless Internet"",Kitchen,""Free Parking on Premises"",Heating,Washer,Dryer,""Smoke Detector"",""Carbon Monoxide Detector"",""Fire Extinguisher"",Essentials,Shampoo}","$115.00","",12,98,10,10,10,10,10,0.37,426
"2565",7024684,"t","Montlake",47.6399286534066,-122.318713770974,"House","Entire home/apt",7,3.5,4,4,"Real Bed","{TV,Internet,""Wireless Internet"",Kitchen,""Free Parking on Premises"",""Indoor Fireplace"",Heating,""Family/Kid Friendly"",Washer,Dryer,""Smoke Detector"",""Carbon Monoxide Detector"",""Fire Extinguisher"",Essentials,Shampoo}","$260.00","$175.00",6,100,10,10,10,10,10,2.17,422
"2566",6938542,"t","Montlake",47.6380283646074,-122.318600023474,"House","Private room",2,1,1,1,"Real Bed","{TV,Internet,""Wireless Internet"",Kitchen,Heating,""Family/Kid Friendly"",Washer,Dryer,""Smoke Detector"",""Fire Extinguisher"",Essentials,Shampoo}","$110.00","$25.00",19,95,10,10,10,10,10,3.15,430
"2567",2350464,"f","Montlake",47.637443822351,-122.31442707912,"House","Entire home/apt",9,2.5,4,5,"Real Bed","{TV,Internet,""Wireless Internet"",Kitchen,""Free Parking on Premises"",""Indoor Fireplace"",Heating,""Family/Kid Friendly"",Washer,Dryer,""Smoke Detector"",""Carbon Monoxide Detector"",""Fire Extinguisher"",Essentials,Shampoo}","$750.00","$75.00",17,99,10,10,10,10,10,0.77,432
"2568",10281965,"f","Montlake",47.6384927776121,-122.300496507769,"House","Private room",2,1,1,1,"Real Bed","{Internet,Kitchen,""Free Parking on Premises"",""Pets Allowed"",""Indoor Fireplace"",Heating,""Family/Kid Friendly"",Washer,Dryer,""Smoke Detector"",""Carbon Monoxide Detector"",""First Aid Kit"",""Safety Card"",""Fire Extinguisher"",Essentials,Shampoo,""24-Hour Check-in"",""Hair Dryer"",Iron,""Laptop Friendly Workspace""}","$55.00","$25.00",0,NA,NA,NA,NA,NA,NA,NA,289
"2569",63308,"t","Montlake",47.6387721531812,-122.318435543806,"House","Entire home/apt",2,1,1,1,"Real Bed","{""Cable TV"",""Wireless Internet"",""Free Parking on Premises"",""Pets live on this property"",Dog(s),Heating,""Smoke Detector"",""Fire Extinguisher"",Essentials,Shampoo}","$89.00","",320,98,10,10,10,10,10,5.2,429
"2570",3352685,"t","Montlake",47.6403668535787,-122.315849238938,"Treehouse","Entire home/apt",2,1,0,1,"Real Bed","{Internet,""Wireless Internet"",Kitchen,""Free Parking on Premises"",""Indoor Fireplace"",Heating,""Smoke Detector"",""Carbon Monoxide Detector"",""Fire Extinguisher"",Essentials,Shampoo}","$200.00","",10,100,10,10,10,9,10,0.55,409
"2571",9368950,"f","Montlake",47.6377747122028,-122.319983920645,"House","Private room",2,1,1,1,"Real Bed","{TV,""Cable TV"",Internet,""Wireless Internet"",Kitchen,""Pets Allowed"",Breakfast,""Pets live on this property"",Cat(s),""Indoor Fireplace"",Heating,""Family/Kid Friendly"",Washer,Dryer,""Smoke Detector"",""First Aid Kit"",""Fire Extinguisher"",Shampoo,""Lock on Bedroom Door"",Hangers,""Hair Dryer"",Iron,""Laptop Friendly Workspace""}","$85.00","",0,NA,NA,NA,NA,NA,NA,NA,431
"2572",6386210,"f","Montlake",47.640030674228,-122.298502812511,"House","Entire home/apt",9,3.5,4,5,"Real Bed","{TV,Internet,""Wireless Internet"",Kitchen,""Free Parking on Premises"",Gym,""Pets live on this property"",""Other pet(s)"",""Indoor Fireplace"",Heating,""Family/Kid Friendly"",Washer,Dryer,""Smoke Detector"",""Carbon Monoxide Detector"",""First Aid Kit"",""Safety Card"",""Fire Extinguisher"",Essentials,Shampoo}","$400.00","$150.00",5,100,10,10,10,10,10,0.67,264
"2573",2385623,"f","Montlake",47.6365851665897,-122.315885450011,"House","Private room",2,1.5,1,1,"Real Bed","{TV,Internet,""Wireless Internet"",Kitchen,""Indoor Fireplace"",Heating,""Family/Kid Friendly"",Washer,Dryer,Essentials,Shampoo}","$100.00","$10.00",23,98,10,10,10,10,9,1.01,436
"2574",5006092,"f","Montlake",47.6379919220945,-122.304008126318,"Apartment","Entire home/apt",2,1,1,1,"Real Bed","{TV,""Cable TV"",Internet,""Wireless Internet"",Kitchen,""Free Parking on Premises"",""Indoor Fireplace"",Heating,""Family/Kid Friendly"",Washer,Dryer,""Smoke Detector"",""First Aid Kit"",""Fire Extinguisher"",Essentials,Shampoo}","$125.00","$40.00",29,96,10,10,10,10,9,3.21,324
"2575",7070169,"t","Montlake",47.6403343522052,-122.305260802652,"House","Entire home/apt",2,1,1,1,"Real Bed","{TV,""Cable TV"",Internet,""Wireless Internet"",Kitchen,""Free Parking on Premises"",""Indoor Fireplace"",Heating,Washer,Dryer,""Smoke Detector"",""Carbon Monoxide Detector"",""First Aid Kit"",""Fire Extinguisher"",Essentials,Shampoo,""24-Hour Check-in"",Hangers,""Hair Dryer"",Iron,""Laptop Friendly Workspace""}","$115.00","$35.00",24,99,10,10,10,10,10,4.14,319
"2576",7988792,"f","Broadway",47.6148605405356,-122.31546833124,"House","Private room",1,1,1,1,"Real Bed","{TV,""Wireless Internet"",""Air Conditioning"",Kitchen,""Free Parking on Premises"",""Indoor Fireplace"",Heating,Washer,Dryer,""Smoke Detector"",""Carbon Monoxide Detector"",""Safety Card"",""Fire Extinguisher"",Essentials}","$50.00","",0,NA,NA,NA,NA,NA,NA,NA,420
"2577",6335327,"f","Broadway",47.6241379172702,-122.327275543116,"Apartment","Private room",1,1,1,1,"Real Bed","{TV,Internet,Kitchen,""Elevator in Building"",Washer,Dryer,""Smoke Detector"",Essentials}","$59.00","$50.00",4,95,10,10,10,10,10,0.52,462
"2578",3858725,"f","Broadway",47.6210590438307,-122.328220102372,"Apartment","Entire home/apt",2,1,1,1,"Real Bed","{TV,Internet,""Wireless Internet"",""Wheelchair Accessible"",Kitchen,""Free Parking on Premises"",""Elevator in Building"",""Buzzer/Wireless Intercom"",Heating,Washer,Dryer,""Smoke Detector"",""Carbon Monoxide Detector"",""First Aid Kit"",""Safety Card"",Essentials,Shampoo}","$122.00","$50.00",12,94,10,10,10,10,9,0.73,442
"2579",385438,"f","Broadway",47.6283656790065,-122.326260468912,"Apartment","Entire home/apt",6,2,2,2,"Real Bed","{TV,""Cable TV"",Internet,""Wireless Internet"",""Air Conditioning"",""Wheelchair Accessible"",Kitchen,""Free Parking on Premises"",""Elevator in Building"",""Indoor Fireplace"",""Buzzer/Wireless Intercom"",Heating,""Family/Kid Friendly"",Washer,Dryer}","$175.00","$100.00",4,90,8,10,9,8,8,0.09,497
"2580",3615614,"t","Broadway",47.619663889592,-122.319116279594,"Apartment","Private room",2,1,1,1,"Real Bed","{Internet,""Wireless Internet"",Kitchen,""Pets live on this property"",Dog(s),Cat(s),""Buzzer/Wireless Intercom"",Heating,Washer,Dryer,""Smoke Detector"",""Carbon Monoxide Detector"",""First Aid Kit"",""Safety Card"",""Fire Extinguisher"",Essentials,Shampoo}","$69.00","$12.00",124,97,10,10,10,10,10,7.07,428
"2581",8339580,"f","Broadway",47.6243200104128,-122.326086283014,"Apartment","Entire home/apt",5,1,2,2,"Real Bed","{TV,Internet,""Wireless Internet"",""Air Conditioning"",Kitchen,""Pets Allowed"",""Buzzer/Wireless Intercom"",Heating,""Family/Kid Friendly"",Washer,Dryer,""Smoke Detector"",""Carbon Monoxide Detector"",""Safety Card"",""Fire Extinguisher"",Essentials,""Hair Dryer"",Iron,""Laptop Friendly Workspace""}","$150.00","$50.00",3,100,10,10,10,10,9,1.05,467
"2582",9480029,"f","Broadway",47.6163804961492,-122.317866223602,"Apartment","Entire home/apt",2,1,1,1,"Real Bed","{Kitchen,""Smoke Detector"",Essentials,Shampoo}","$80.00","$15.00",0,NA,NA,NA,NA,NA,NA,NA,421
"2583",139463,"f","Broadway",47.6216864965535,-122.32061884969,"Apartment","Entire home/apt",2,1,0,1,"Real Bed","{""Cable TV"",""Wireless Internet"",Kitchen,Heating,Washer,Dryer,""Smoke Detector"",""Carbon Monoxide Detector"",""Fire Extinguisher""}","$95.00","$40.00",91,95,10,10,10,10,10,1.64,445
"2584",7957689,"f","Broadway",47.6181706863093,-122.323443777841,"Condominium","Entire home/apt",2,1,0,1,"Real Bed","{TV,""Cable TV"",Internet,""Wireless Internet"",Kitchen,""Pets live on this property"",Cat(s),""Elevator in Building"",""Buzzer/Wireless Intercom"",Heating,Washer,Dryer,""Smoke Detector"",""Carbon Monoxide Detector"",Essentials,Shampoo,Hangers,""Hair Dryer"",Iron}","$100.00","$20.00",3,93,9,9,10,10,9,0.92,427
"2585",6646894,"f","Broadway",47.6200208998532,-122.322808628812,"Apartment","Entire home/apt",3,1,0,1,"Real Bed","{TV,Internet,""Wireless Internet"",""Wheelchair Accessible"",Kitchen,Gym,""Pets live on this property"",""Elevator in Building"",Heating,""Family/Kid Friendly"",""Suitable for Events"",Washer,Dryer,""Smoke Detector"",""Carbon Monoxide Detector"",""First Aid Kit"",""Fire Extinguisher"",Essentials,Shampoo}","$175.00","$50.00",8,93,9,10,10,10,9,1.26,434
"2586",8907548,"f","Broadway",47.6150668256986,-122.325609160028,"Apartment","Entire home/apt",4,1,1,3,"Real Bed","{TV,Internet,""Wireless Internet"",Kitchen,""Free Parking on Premises"",Heating,""Family/Kid Friendly"",""Smoke Detector"",""Carbon Monoxide Detector"",""Fire Extinguisher"",Shampoo}","$200.00","",0,NA,NA,NA,NA,NA,NA,NA,420
"2587",3551668,"f","Broadway",47.614181221284,-122.314070005263,"Apartment","Entire home/apt",4,2,2,2,"Real Bed","{TV,Internet,""Wireless Internet"",Kitchen,""Family/Kid Friendly"",Washer,Dryer,Essentials}","$195.00","$95.00",31,97,10,10,10,10,9,1.81,415
"2588",2357110,"f","Broadway",47.6225107853602,-122.320514707284,"Apartment","Private room",2,1,1,1,"Real Bed","{TV,""Cable TV"",Internet,""Wireless Internet"",Kitchen,Gym,""Elevator in Building"",""Indoor Fireplace"",""Buzzer/Wireless Intercom"",Heating,Washer,Dryer,""Smoke Detector"",""Carbon Monoxide Detector"",""First Aid Kit"",""Safety Card"",""Fire Extinguisher"",Essentials,Shampoo}","$145.00","$20.00",4,93,7,10,10,9,9,0.54,447
"2589",7784802,"f","Broadway",47.6207283772894,-122.321096997222,"Apartment","Entire home/apt",3,1,0,1,"Real Bed","{TV,Internet,""Wireless Internet"",Kitchen,""Pets live on this property"",Cat(s),""Elevator in Building"",Heating,Washer,Dryer,""Smoke Detector"",Essentials,Shampoo}","$100.00","$15.00",16,96,10,10,10,10,10,3.75,436
"2590",10210625,"f","Broadway",47.6247480818919,-122.320325970532,"Apartment","Entire home/apt",2,0.5,1,2,"Real Bed","{TV,Internet,""Wireless Internet"",Kitchen,""Buzzer/Wireless Intercom"",Heating,Washer,Dryer,""Smoke Detector"",""Carbon Monoxide Detector"",""Fire Extinguisher"",Essentials,Shampoo,""24-Hour Check-in"",""Hair Dryer"",Iron,""Laptop Friendly Workspace""}","$90.00","",0,NA,NA,NA,NA,NA,NA,NA,465
"2591",9137469,"f","Broadway",47.6197338156038,-122.322740823038,"Loft","Entire home/apt",3,1,1,1,"Real Bed","{TV,Internet,""Wireless Internet"",Kitchen,Heating,""Smoke Detector"",""Carbon Monoxide Detector"",""First Aid Kit"",""Fire Extinguisher"",Essentials,Shampoo,Hangers,""Laptop Friendly Workspace""}","$150.00","$45.00",2,100,10,10,10,10,9,2,434
"2592",6032726,"f","Broadway",47.6270528964999,-122.319544900557,"House","Entire home/apt",9,3.5,5,5,"Real Bed","{TV,""Cable TV"",Internet,""Wireless Internet"",""Air Conditioning"",Kitchen,Washer,Dryer,""Smoke Detector"",""Carbon Monoxide Detector"",""Fire Extinguisher""}","$550.00","$175.00",19,94,10,10,10,10,9,2.37,486
"2593",7802266,"f","Broadway",47.6149527327326,-122.319411855023,"Apartment","Private room",2,1,1,1,"Real Bed","{TV,""Cable TV"",Internet,""Wireless Internet"",Kitchen,Gym,""Elevator in Building"",Washer,Dryer,""Smoke Detector"",""Carbon Monoxide Detector"",""First Aid Kit"",""Fire Extinguisher""}","$162.00","$35.00",1,80,8,10,10,10,10,0.24,424
"2594",10250735,"f","Broadway",47.6237913572442,-122.316514117843,"Apartment","Entire home/apt",2,1,0,1,"Real Bed","{TV,""Wireless Internet"",""Smoke Detector"",""Carbon Monoxide Detector"",Essentials,""24-Hour Check-in""}","$75.00","",0,NA,NA,NA,NA,NA,NA,NA,454
"2595",7496485,"f","Broadway",47.6268736415518,-122.320517502353,"Apartment","Entire home/apt",3,1,1,1,"Real Bed","{TV,""Cable TV"",Internet,""Wireless Internet"",""Air Conditioning"",Kitchen,""Free Parking on Premises"",Heating,""Family/Kid Friendly"",""Smoke Detector"",""Carbon Monoxide Detector"",""Fire Extinguisher"",Essentials,Shampoo}","$185.00","$25.00",1,100,10,10,10,10,10,0.23,486
"2596",7638263,"f","Broadway",47.6334915854844,-122.322302816424,"Townhouse","Private room",2,1,1,1,"Real Bed","{TV,""Cable TV"",""Wireless Internet"",Kitchen,""Free Parking on Premises"",""Pets live on this property"",Dog(s),""Indoor Fireplace"",Heating,Washer,Dryer,""Smoke Detector"",""Carbon Monoxide Detector"",""First Aid Kit"",""Fire Extinguisher"",Essentials,Shampoo,Hangers,""Hair Dryer"",Iron,""Laptop Friendly Workspace""}","$50.00","$25.00",3,100,9,10,10,10,10,1.53,494
"2597",7421950,"f","Broadway",47.6175558059814,-122.314188739537,"Apartment","Entire home/apt",6,1,0,3,"Real Bed","{Internet,""Wireless Internet"",Kitchen,Heating,""Family/Kid Friendly"",""Smoke Detector"",""Carbon Monoxide Detector"",Shampoo}","$130.00","",17,88,10,9,9,9,8,3.09,417
"2598",8356608,"f","Broadway",47.6245639629714,-122.316614982995,"Apartment","Entire home/apt",4,1,1,2,"Real Bed","{Internet,""Wireless Internet"",Kitchen,Heating,""Family/Kid Friendly"",Washer,Dryer,""Smoke Detector"",""Carbon Monoxide Detector"",""First Aid Kit"",""Fire Extinguisher"",Essentials,Shampoo}","$230.00","",0,NA,NA,NA,NA,NA,NA,NA,456
"2599",1354750,"f","Broadway",47.6220293263737,-122.313869796018,"Apartment","Entire home/apt",2,1,1,1,"Real Bed","{""Wireless Internet"",Kitchen,Heating,""Family/Kid Friendly"",Washer,Dryer,""Smoke Detector"",""Carbon Monoxide Detector"",Essentials}","$79.00","",26,94,9,10,10,10,9,1.85,439
"2600",2687172,"f","Broadway",47.6235343056579,-122.315566012397,"Apartment","Entire home/apt",2,1,0,1,"Pull-out Sofa","{Internet,""Wireless Internet"",Kitchen,""Free Parking on Premises"",Heating,""Smoke Detector"",""Carbon Monoxide Detector"",Essentials}","$85.00","$25.00",11,91,10,10,10,10,9,0.79,454
"2601",3498114,"f","Broadway",47.6222301633771,-122.314092197373,"Apartment","Entire home/apt",2,1,0,1,"Real Bed","{TV,Internet,""Wireless Internet"",Kitchen,Heating,""Smoke Detector"",Essentials,Shampoo}","$70.00","$35.00",64,89,9,10,10,10,9,3.54,439
"2602",9580021,"f","Broadway",47.6232202075512,-122.315236080889,"Apartment","Entire home/apt",2,1,0,1,"Real Bed","{TV,""Cable TV"",Internet,""Wireless Internet"",Kitchen,""Indoor Fireplace"",""Buzzer/Wireless Intercom"",Heating,""Family/Kid Friendly"",Washer,Dryer,""Smoke Detector"",""Carbon Monoxide Detector"",""First Aid Kit"",""Safety Card"",""Fire Extinguisher"",Essentials,Shampoo,""Hair Dryer"",""Laptop Friendly Workspace""}","$85.00","$55.00",8,100,10,10,10,10,10,6.15,449
"2603",9994758,"f","Broadway",47.6237996632605,-122.319034167244,"Apartment","Entire home/apt",2,1,0,1,"Real Bed","{TV,""Cable TV"",Internet,""Wireless Internet"",Kitchen,Breakfast,Heating,Washer,Dryer,""Smoke Detector"",""Carbon Monoxide Detector"",""Fire Extinguisher"",Essentials,Shampoo}","$75.00","$25.00",0,NA,NA,NA,NA,NA,NA,NA,458
"2604",10035274,"f","Broadway",47.6162709259526,-122.325998965803,"Apartment","Entire home/apt",3,1,1,2,"Real Bed","{TV,Internet,""Wireless Internet"",""Wheelchair Accessible"",""Elevator in Building"",Heating,Washer,Dryer,""Smoke Detector"",Essentials}","$95.00","$20.00",0,NA,NA,NA,NA,NA,NA,NA,421
"2605",8369321,"f","Broadway",47.6209765227401,-122.31607875844,"Apartment","Entire home/apt",2,1,1,1,"Real Bed","{Internet,""Wireless Internet"",Kitchen,Heating,""Smoke Detector"",""Carbon Monoxide Detector"",""Fire Extinguisher"",Essentials,Shampoo}","$62.00","$35.00",1,100,10,10,10,10,10,0.28,436
"2606",7500191,"f","Broadway",47.6228559875135,-122.317089900385,"Apartment","Entire home/apt",2,1,0,1,"Real Bed","{TV,""Cable TV"",Internet,""Wireless Internet"",""Air Conditioning"",Kitchen,Heating,""Family/Kid Friendly"",Washer,Dryer,""Smoke Detector"",""Carbon Monoxide Detector"",Essentials,Shampoo}","$119.00","$75.00",9,96,10,10,10,10,9,1.67,450
"2607",6870575,"t","Broadway",47.6131378986073,-122.317537722677,"Apartment","Entire home/apt",3,1,0,1,"Real Bed","{TV,Internet,""Wireless Internet"",""Air Conditioning"",Kitchen,""Elevator in Building"",Heating,Washer,Dryer,""Smoke Detector"",""Carbon Monoxide Detector"",Essentials,Shampoo,""24-Hour Check-in"",Hangers,""Hair Dryer"",Iron,""Laptop Friendly Workspace""}","$149.00","$50.00",43,98,10,10,10,10,10,6.42,418
"2608",8594717,"f","Broadway",47.6198222800547,-122.318816071128,"Apartment","Entire home/apt",5,1,1,1,"Real Bed","{TV,Internet,""Wireless Internet"",Kitchen,""Buzzer/Wireless Intercom"",Heating,""Family/Kid Friendly"",Washer,Dryer,""Smoke Detector"",""Carbon Monoxide Detector"",Essentials,Shampoo}","$139.00","$25.00",19,97,10,10,10,10,10,6.71,428
"2609",134091,"t","Broadway",47.6214209584679,-122.316419530711,"Apartment","Entire home/apt",4,1,1,2,"Real Bed","{TV,""Cable TV"",Internet,""Wireless Internet"",Kitchen,""Free Parking on Premises"",Heating,""Family/Kid Friendly"",Washer,Dryer,""Smoke Detector"",Shampoo}","$150.00","$70.00",28,99,10,10,10,10,10,0.53,439
"2610",8473625,"f","Broadway",47.6142156145783,-122.325531729188,"Apartment","Entire home/apt",2,1,1,1,"Real Bed","{Kitchen,""Free Parking on Premises"",Breakfast,""Elevator in Building"",Heating,""Family/Kid Friendly"",""Smoke Detector"",""Carbon Monoxide Detector"",Essentials,Shampoo,Hangers}","$148.00","",2,70,8,10,10,10,8,1.36,423
"2611",258571,"f","Broadway",47.6159666234543,-122.326937765406,"Apartment","Entire home/apt",2,1,1,1,"Real Bed","{TV,Internet,""Wireless Internet"",Kitchen,Heating,""Smoke Detector"",""Carbon Monoxide Detector"",Essentials}","$79.00","$72.00",278,89,8,9,10,9,9,5.57,421
"2612",9473967,"f","Broadway",47.6257149887761,-122.317310292076,"Apartment","Entire home/apt",2,1,0,1,"Real Bed","{TV,""Cable TV"",Internet,""Wireless Internet"",Kitchen,""Buzzer/Wireless Intercom"",Heating,Washer,Dryer,Essentials,""24-Hour Check-in"",Hangers,""Hair Dryer"",Iron,""Laptop Friendly Workspace""}","$69.00","$25.00",2,100,10,10,10,10,10,2,469
"2613",890677,"t","Broadway",47.6232140002257,-122.320021966618,"House","Entire home/apt",6,2.5,2,3,"Real Bed","{""Cable TV"",Internet,""Wireless Internet"",""Air Conditioning"",Kitchen,""Free Parking on Premises"",""Indoor Fireplace"",Heating,""Family/Kid Friendly"",Washer,Dryer,""Smoke Detector"",""Carbon Monoxide Detector"",Essentials,Shampoo}","$147.00","$125.00",55,98,10,10,10,10,10,1.56,453
"2614",4211081,"t","Broadway",47.6232988151406,-122.317168227483,"House","Entire home/apt",8,2.5,3,4,"Real Bed","{TV,Internet,""Wireless Internet"",Kitchen,""Free Parking on Premises"",""Indoor Fireplace"",Heating,""Family/Kid Friendly"",Washer,Dryer,""Smoke Detector"",""Carbon Monoxide Detector"",""First Aid Kit"",""Safety Card"",""Fire Extinguisher"",Essentials,Shampoo,""24-Hour Check-in"",Hangers,""Hair Dryer"",Iron,""Laptop Friendly Workspace""}","$256.00","$60.00",70,98,10,10,10,10,9,4.83,451
"2615",7843995,"t","Broadway",47.6164952505781,-122.327084250174,"Apartment","Entire home/apt",3,1,1,1,"Real Bed","{TV,Internet,""Wireless Internet"",Kitchen,""Elevator in Building"",Heating,""Smoke Detector"",""Carbon Monoxide Detector"",Essentials,Shampoo,""24-Hour Check-in"",Hangers,""Hair Dryer"",Iron,""Laptop Friendly Workspace""}","$129.00","$40.00",32,96,10,10,10,10,9,6.86,422
"2616",9494623,"f","Broadway",47.6252448410722,-122.316494256922,"Apartment","Entire home/apt",1,1,0,1,"Real Bed","{TV,""Cable TV"",Internet,""Wireless Internet"",Kitchen,""Buzzer/Wireless Intercom"",Heating,Washer,Dryer,Essentials,""24-Hour Check-in"",Hangers,""Hair Dryer"",Iron,""Laptop Friendly Workspace""}","$59.00","$25.00",1,80,10,10,10,10,8,1,463
"2617",882274,"f","Broadway",47.6170419945497,-122.326864472856,"Apartment","Entire home/apt",2,1,1,1,"Real Bed","{TV,Internet,""Wireless Internet"",Kitchen,Heating,""Smoke Detector"",""Carbon Monoxide Detector"",""First Aid Kit"",""Fire Extinguisher"",Essentials}","$79.00","$72.00",189,84,8,9,9,9,9,5.32,424
"2618",3594885,"f","Broadway",47.616620173696,-122.323714499558,"Apartment","Entire home/apt",4,1,1,1,"Real Bed","{Internet,""Wireless Internet"",Kitchen,Gym,""Elevator in Building"",Heating,Washer,Dryer,""Smoke Detector"",Essentials}","$150.00","$70.00",8,93,8,9,10,10,9,0.46,422
"2619",1768883,"t","Broadway",47.6221667584119,-122.316872642096,"Apartment","Entire home/apt",4,1,2,2,"Real Bed","{Internet,""Wireless Internet"",Kitchen,""Pets live on this property"",Dog(s),Heating,""Family/Kid Friendly"",Washer,Dryer,""Smoke Detector"",""Carbon Monoxide Detector"",""Fire Extinguisher"",Essentials}","$175.00","$25.00",6,93,9,10,10,9,8,0.22,441
"2620",948077,"f","Broadway",47.6279574725614,-122.32466949471,"House","Entire home/apt",2,1,NA,1,"Real Bed","{TV,""Cable TV"",Internet,""Wireless Internet"",Kitchen,""Free Parking on Premises"",""Indoor Fireplace"",Heating,Washer,Dryer,""Smoke Detector"",""First Aid Kit"",""Fire Extinguisher"",Essentials,Shampoo,Hangers,Iron}","$99.00","",77,100,10,10,10,10,10,2.28,493
"2621",4841586,"f","Broadway",47.6153102881738,-122.314524504293,"House","Entire home/apt",4,1,1,2,"Real Bed","{TV,Kitchen,""Free Parking on Premises"",Heating,""Family/Kid Friendly"",Washer,Dryer,""Smoke Detector"",""Carbon Monoxide Detector"",""First Aid Kit"",""Fire Extinguisher"",Essentials,Shampoo}","$100.00","$45.00",28,90,10,10,9,10,8,3,419
"2622",5640214,"f","Broadway",47.6171839864933,-122.318289606392,"Apartment","Entire home/apt",2,1,0,1,"Real Bed","{Internet,""Wireless Internet"",Kitchen,""Elevator in Building"",""Buzzer/Wireless Intercom"",Heating,Washer,Dryer,""Smoke Detector"",""Carbon Monoxide Detector"",""First Aid Kit"",Essentials,Shampoo,Iron,""Laptop Friendly Workspace""}","$75.00","$35.00",22,94,9,9,10,10,9,2.28,422
"2623",9011350,"f","Broadway",47.6256256322154,-122.318076967027,"Apartment","Entire home/apt",2,1,0,1,"Real Bed","{TV,""Cable TV"",Internet,""Wireless Internet"",Kitchen,Heating,Washer,Dryer,""Smoke Detector"",""Carbon Monoxide Detector"",""First Aid Kit"",""Fire Extinguisher"",Essentials,""24-Hour Check-in"",Hangers,""Hair Dryer"",Iron,""Laptop Friendly Workspace""}","$69.00","$25.00",2,100,10,10,10,10,9,1.2,469
"2624",5695717,"f","Broadway",47.6185336379621,-122.318507537952,"Apartment","Entire home/apt",2,1,0,1,"Real Bed","{Internet,""Wireless Internet"",Kitchen,""Buzzer/Wireless Intercom"",Heating,Washer,Dryer,""Smoke Detector"",""Carbon Monoxide Detector"",Essentials,Shampoo}","$103.00","$50.00",24,96,10,10,10,10,9,2.93,423
"2625",4718921,"f","Broadway",47.6160158679711,-122.3235361537,"Apartment","Entire home/apt",2,1,0,1,"Real Bed","{Internet,""Wireless Internet"",Kitchen,""Pets live on this property"",Cat(s),Heating,Washer,Dryer,""Smoke Detector"",""First Aid Kit"",""Fire Extinguisher"",Essentials,Shampoo}","$80.00","$50.00",15,88,9,9,10,9,8,1.35,420
"2626",557126,"t","Broadway",47.6196773838927,-122.324147043718,"House","Private room",2,1,1,1,"Real Bed","{Internet,""Wireless Internet"",""Pets live on this property"",Dog(s),Heating,""Smoke Detector"",""Carbon Monoxide Detector"",""Fire Extinguisher"",Essentials,Shampoo,""24-Hour Check-in"",""Hair Dryer""}","$90.00","$25.00",175,97,10,10,10,10,10,4.26,434
"2627",8053554,"f","Broadway",47.6191817221558,-122.325792973106,"Apartment","Private room",2,1,1,1,"Airbed","{TV,Internet,""Wireless Internet"",""Air Conditioning"",Kitchen,""Pets live on this property"",Dog(s),""Buzzer/Wireless Intercom"",Heating,Washer,Dryer,""Smoke Detector"",""Carbon Monoxide Detector"",""First Aid Kit"",""Fire Extinguisher"",Essentials,Shampoo}","$150.00","$6.00",0,NA,NA,NA,NA,NA,NA,NA,431
"2628",2488228,"t","Broadway",47.6208746524319,-122.318053877717,"House","Private room",2,1.5,1,1,"Real Bed","{Internet,""Wireless Internet"",Heating,Washer,Dryer,""Smoke Detector"",""Carbon Monoxide Detector"",""First Aid Kit"",""Safety Card"",""Fire Extinguisher"",Essentials,Shampoo}","$69.00","$25.00",104,99,10,10,10,10,10,5.7,437
"2629",6865200,"f","Broadway",47.6162496444032,-122.322292097674,"Apartment","Entire home/apt",2,1,1,1,"Real Bed","{TV,Internet,""Wireless Internet"",Kitchen,Heating,Washer,Dryer,""Smoke Detector"",""First Aid Kit"",Essentials,Shampoo}","$120.00","",5,72,7,10,10,9,7,1.28,422
"2630",8779676,"f","Broadway",47.61815863519,-122.319184547664,"House","Private room",2,1,1,1,"Real Bed","{}","$65.00","",6,87,10,10,10,10,9,2.22,421
"2631",9929059,"t","Broadway",47.615713728837,-122.328089141429,"Apartment","Entire home/apt",2,1,0,1,"Real Bed","{TV,Internet,""Wireless Internet"",""Air Conditioning"",Kitchen,Heating,""Smoke Detector"",""Carbon Monoxide Detector"",Essentials,Shampoo}","$99.00","$45.00",3,100,10,10,10,10,10,3,421
"2632",8919372,"f","Broadway",47.615412493112,-122.324967599226,"Condominium","Entire home/apt",4,1,1,2,"Real Bed","{TV,Internet,""Wireless Internet"",Kitchen,""Free Parking on Premises"",""Elevator in Building"",""Buzzer/Wireless Intercom"",Heating,""Family/Kid Friendly"",Washer,Dryer,""Smoke Detector"",""Carbon Monoxide Detector"",""Fire Extinguisher"",Essentials,Shampoo,Hangers,""Hair Dryer"",Iron,""Laptop Friendly Workspace""}","$110.00","$65.00",5,92,10,9,9,10,9,2.63,420
"2633",8257837,"f","Broadway",47.6369825622804,-122.321733228116,"Apartment","Entire home/apt",6,2,3,3,"Real Bed","{TV,""Cable TV"",Internet,""Wireless Internet"",""Air Conditioning"",Kitchen,""Free Parking on Premises"",""Pets Allowed"",Heating,Washer,Dryer,""Smoke Detector"",""First Aid Kit"",""Fire Extinguisher"",Essentials}","$395.00","$175.00",0,NA,NA,NA,NA,NA,NA,NA,434
"2634",4607830,"f","Broadway",47.6141907678189,-122.32389228115,"Apartment","Entire home/apt",2,1,1,1,"Real Bed","{TV,Internet,""Wireless Internet"",""Wheelchair Accessible"",Kitchen,""Elevator in Building"",Heating,""Family/Kid Friendly"",Washer,Dryer,""Smoke Detector"",""Carbon Monoxide Detector"",""Safety Card"",""Fire Extinguisher"",Essentials,Shampoo,""24-Hour Check-in"",Hangers,""Hair Dryer"",Iron,""Laptop Friendly Workspace""}","$98.00","$15.00",22,96,9,10,10,10,9,1.69,423
"2635",1545801,"f","Broadway",47.6254559215092,-122.32174151696,"Apartment","Entire home/apt",8,2,2,3,"Real Bed","{TV,""Cable TV"",Internet,""Wireless Internet"",Kitchen,Gym,""Elevator in Building"",""Buzzer/Wireless Intercom"",Heating,Washer,Dryer,""Smoke Detector"",""Carbon Monoxide Detector"",""First Aid Kit"",""Safety Card"",""Fire Extinguisher"",Essentials,Shampoo}","$325.00","$40.00",23,90,9,9,10,10,9,0.81,476
"2636",4129218,"f","Broadway",47.6237945222221,-122.319750595554,"Apartment","Entire home/apt",4,1,0,2,"Pull-out Sofa","{TV,""Cable TV"",Internet,""Wireless Internet"",Kitchen,Heating,""Family/Kid Friendly"",""Smoke Detector"",""Carbon Monoxide Detector"",""Fire Extinguisher"",Essentials,Shampoo,Hangers,""Hair Dryer"",Iron,""Laptop Friendly Workspace""}","$90.00","$40.00",2,90,10,10,10,10,10,2,459
"2637",6390214,"f","Broadway",47.6204689665023,-122.318634696597,"Apartment","Entire home/apt",2,1,0,1,"Real Bed","{Internet,""Wireless Internet"",Kitchen,Heating,""Family/Kid Friendly"",Washer,Dryer,""Carbon Monoxide Detector"",Essentials,Shampoo}","$110.00","$15.00",20,97,10,10,10,9,10,2.68,431
"2638",9757138,"f","Broadway",47.6235570238001,-122.315150116749,"Apartment","Entire home/apt",4,1,1,2,"Real Bed","{TV,Internet,""Wireless Internet"",""Wheelchair Accessible"",Kitchen,""Elevator in Building"",""Buzzer/Wireless Intercom"",Heating,Washer,Dryer,Essentials,Shampoo,""24-Hour Check-in"",Hangers,""Hair Dryer"",Iron,""Laptop Friendly Workspace""}","$70.00","$50.00",0,NA,NA,NA,NA,NA,NA,NA,454
"2639",7872980,"f","Broadway",47.6164066677845,-122.327690032859,"Apartment","Entire home/apt",5,2,2,2,"Real Bed","{TV,Internet,""Wireless Internet"",Kitchen,""Free Parking on Premises"",""Elevator in Building"",""Buzzer/Wireless Intercom"",Heating,""Family/Kid Friendly"",Washer,Dryer,""Smoke Detector"",""Carbon Monoxide Detector"",Essentials,Shampoo,Hangers,""Hair Dryer""}","$210.00","$40.00",10,96,8,10,9,10,9,2.21,422
"2640",458191,"f","Broadway",47.6238311339076,-122.319304195332,"House","Private room",2,2,1,1,"Real Bed","{TV,""Cable TV"",Internet,""Wireless Internet"",""Free Parking on Premises"",""Pets Allowed"",""Elevator in Building"",""Hot Tub"",Heating,""Family/Kid Friendly"",""Suitable for Events"",Washer,Dryer}","$49.00","$39.00",11,100,10,10,10,10,10,0.37,459
"2641",7725597,"f","Broadway",47.6244207708112,-122.317179020324,"Apartment","Entire home/apt",3,1,0,1,"Real Bed","{TV,Internet,""Wireless Internet"",Kitchen,""Indoor Fireplace"",Heating,""Smoke Detector"",""Safety Card"",Essentials,Shampoo}","$120.00","$20.00",6,100,9,10,10,10,9,1.82,456
"2642",4660517,"f","Broadway",47.6230361416995,-122.326477162323,"Cabin","Entire home/apt",3,1,1,1,"Real Bed","{Kitchen,""Pets live on this property"",Cat(s),Heating,""Family/Kid Friendly"",""Smoke Detector"",""Carbon Monoxide Detector"",""First Aid Kit"",""Fire Extinguisher"",Essentials,Shampoo}","$210.00","$35.00",25,95,9,10,10,10,10,1.96,457
"2643",3426639,"f","Broadway",47.6219897564254,-122.322255151387,"Apartment","Private room",1,1,1,1,"Real Bed","{Internet,""Wireless Internet"",Kitchen,Heating,Washer,Dryer,""Smoke Detector"",""Carbon Monoxide Detector"",""First Aid Kit"",""Fire Extinguisher"",Essentials,Shampoo,""24-Hour Check-in"",Hangers,""Hair Dryer"",Iron,""Laptop Friendly Workspace""}","$62.00","",71,87,9,10,10,10,9,3.88,448
"2644",6118359,"t","Broadway",47.6269635230695,-122.323272748435,"House","Private room",4,2,1,1,"Real Bed","{""Wireless Internet"",""Air Conditioning"",Kitchen,Heating,""Family/Kid Friendly"",""Smoke Detector"",""Carbon Monoxide Detector"",""First Aid Kit"",""Safety Card"",""Fire Extinguisher"",Essentials,Shampoo}","$70.00","$20.00",38,98,10,10,10,10,10,5.38,488
"2645",7665114,"f","Broadway",47.6223974515012,-122.32249951793,"House","Private room",2,1.5,1,1,"Real Bed","{Internet,""Wireless Internet"",Kitchen,""Free Parking on Premises"",Heating,Washer,Dryer,""Smoke Detector"",""Carbon Monoxide Detector"",""Fire Extinguisher"",Essentials,Shampoo}","$90.00","$25.00",0,NA,NA,NA,NA,NA,NA,NA,449
"2646",281789,"t","Broadway",47.6198828240707,-122.319612564158,"Bed & Breakfast","Private room",2,8,1,1,"Real Bed","{TV,Internet,""Wireless Internet"",""Free Parking on Premises"",Breakfast,Heating,""Smoke Detector"",""Carbon Monoxide Detector"",""First Aid Kit"",""Safety Card"",""Fire Extinguisher"",Essentials}","$99.00","",5,100,10,10,10,10,10,0.1,429
"2647",3930270,"f","Broadway",47.6188795299812,-122.317956985652,"Apartment","Private room",2,1,1,1,"Real Bed","{TV,""Cable TV"",Internet,""Wireless Internet"",Kitchen,""Free Parking on Premises"",""Indoor Fireplace"",""Buzzer/Wireless Intercom"",Heating,Washer,Dryer,""Smoke Detector"",""Carbon Monoxide Detector"",""First Aid Kit"",""Fire Extinguisher"",Essentials,Shampoo,Hangers,""Hair Dryer"",Iron,""Laptop Friendly Workspace""}","$58.00","$25.00",117,94,10,10,10,10,9,7.45,424
"2648",9016362,"f","Broadway",47.6206804527362,-122.323158520174,"Loft","Private room",2,1.5,1,1,"Real Bed","{TV,""Wireless Internet"",Kitchen,""Smoking Allowed"",Heating,""Suitable for Events"",Washer,Dryer,""Smoke Detector"",""Carbon Monoxide Detector"",Essentials,Shampoo}","$81.00","",3,93,9,10,10,10,9,1.73,432
"2649",7987846,"f","Broadway",47.6163731305774,-122.324607650651,"Condominium","Entire home/apt",6,1,2,3,"Real Bed","{TV,""Cable TV"",Internet,""Wireless Internet"",""Air Conditioning"",Kitchen,""Smoking Allowed"",""Pets Allowed"",""Pets live on this property"",Dog(s),""Elevator in Building"",Heating,""Family/Kid Friendly"",Washer,Dryer,""Smoke Detector"",""Carbon Monoxide Detector"",""First Aid Kit"",""Safety Card"",""Fire Extinguisher"",Essentials,Shampoo,""24-Hour Check-in"",Hangers,""Hair Dryer"",Iron,""Laptop Friendly Workspace""}","$99.00","$100.00",3,80,8,8,8,10,6,1.15,421
"2650",3803212,"f","Broadway",47.6148738841372,-122.314177328657,"Apartment","Entire home/apt",4,1,1,1,"Real Bed","{""Wireless Internet"",Kitchen,Heating,Dryer,Essentials,Shampoo}","$150.00","$100.00",3,100,9,10,10,9,10,0.18,419
"2651",3424991,"f","Broadway",47.6234303968228,-122.322750845484,"House","Private room",2,1,1,1,"Real Bed","{Internet,""Wireless Internet"",Kitchen,Heating,Washer,Dryer,""Smoke Detector"",""Carbon Monoxide Detector"",""First Aid Kit"",""Fire Extinguisher"",Essentials,Shampoo,""Lock on Bedroom Door"",""24-Hour Check-in"",Hangers,""Hair Dryer"",Iron,""Laptop Friendly Workspace""}","$64.00","",55,88,8,10,10,10,9,2.98,457
"2652",752483,"f","Broadway",47.6199512046839,-122.316647245711,"House","Entire home/apt",4,2,2,2,"Real Bed","{TV,""Cable TV"",Internet,""Wireless Internet"",Kitchen,Heating,Washer,Dryer,Essentials}","$160.00","$75.00",13,95,9,10,10,10,9,0.35,425
"2653",1897000,"f","Broadway",47.6221781120089,-122.317571744778,"Apartment","Entire home/apt",3,1,1,1,"Real Bed","{TV,Internet,""Wireless Internet"",Kitchen,""Pets Allowed"",""Pets live on this property"",Dog(s),Heating,Washer,Dryer}","$155.00","$75.00",15,98,9,10,10,10,9,0.61,445
"2654",6349598,"f","Broadway",47.6203994986097,-122.317467667292,"Apartment","Entire home/apt",2,1,1,1,"Real Bed","{TV,Internet,""Wireless Internet"",Kitchen,Heating,""Smoke Detector"",""Carbon Monoxide Detector"",Essentials,Shampoo}","$135.00","",8,88,9,9,10,9,8,1.46,430
"2655",4809601,"f","Broadway",47.6170192851903,-122.327147047661,"Apartment","Entire home/apt",4,2,2,3,"Real Bed","{TV,Pool,Kitchen,""Elevator in Building"",""Buzzer/Wireless Intercom"",Heating,Washer,Dryer,Essentials,Shampoo}","$275.00","",0,NA,NA,NA,NA,NA,NA,NA,424
"2656",9137398,"f","Broadway",47.6181068388546,-122.322931763656,"House","Private room",2,1,1,1,"Real Bed","{TV,Internet,""Wireless Internet"",Kitchen,Heating,Essentials,Shampoo,Hangers}","$85.00","$30.00",0,NA,NA,NA,NA,NA,NA,NA,426
"2657",9137075,"f","Broadway",47.6194529792045,-122.321126034137,"House","Private room",2,1,1,1,"Real Bed","{Internet,""Wireless Internet"",Heating,""Smoke Detector"",""Carbon Monoxide Detector"",""First Aid Kit"",""Fire Extinguisher"",Essentials,Shampoo,Hangers}","$85.00","$30.00",0,NA,NA,NA,NA,NA,NA,NA,430
"2658",1100714,"f","Broadway",47.6172411586122,-122.31772664159,"House","Private room",4,1,1,2,"Real Bed","{Internet,""Wireless Internet"",""Free Parking on Premises"",Heating,""Family/Kid Friendly"",Washer,Dryer,Shampoo}","$75.00","",134,80,8,9,9,9,8,5.63,420
"2659",5977556,"f","Broadway",47.6261929506649,-122.3199550585,"House","Private room",2,1,1,1,"Real Bed","{TV,""Cable TV"",""Wireless Internet"",Washer,Dryer,""Smoke Detector"",""Carbon Monoxide Detector"",""First Aid Kit"",""Fire Extinguisher""}","$120.00","$25.00",36,97,10,10,10,10,10,4.14,479
"2660",1090449,"t","Broadway",47.6178456239485,-122.328094632103,"Apartment","Entire home/apt",4,1,1,1,"Real Bed","{TV,Internet,""Wireless Internet"",Kitchen,Heating,""Family/Kid Friendly"",""Smoke Detector"",""Carbon Monoxide Detector"",""Fire Extinguisher"",Essentials,Shampoo,""24-Hour Check-in"",Hangers,""Hair Dryer"",Iron,""Laptop Friendly Workspace""}","$135.00","$60.00",135,95,9,10,10,10,9,4.18,428
"2661",4199019,"t","Broadway",47.6215326290327,-122.325044863046,"House","Private room",4,1,1,2,"Real Bed","{TV,Internet,""Wireless Internet"",Kitchen,""Free Parking on Premises"",""Indoor Fireplace"",Heating,""Family/Kid Friendly"",Washer,Dryer,""Smoke Detector"",""Carbon Monoxide Detector"",""Fire Extinguisher"",Essentials,Shampoo}","$110.00","$100.00",0,NA,NA,NA,NA,NA,NA,NA,440
"2662",1520593,"f","Broadway",47.6238833175342,-122.319588641156,"House","Private room",2,0.5,1,1,"Real Bed","{Internet,""Wireless Internet"",Kitchen,""Free Parking on Premises"",Heating,Washer,Dryer}","$79.00","$35.00",10,72,6,9,9,10,8,0.36,460
"2663",1928010,"f","Broadway",47.6249180310223,-122.326038055097,"House","Private room",2,1.5,1,2,"Real Bed","{TV,""Cable TV"",Internet,""Wireless Internet"",Kitchen,Heating,""Family/Kid Friendly"",""Suitable for Events"",Washer,Dryer,""Smoke Detector"",""Carbon Monoxide Detector"",""First Aid Kit"",""Fire Extinguisher"",Essentials,Shampoo}","$79.00","$25.00",132,95,10,10,10,10,9,5.34,468
"2664",7177194,"f","Broadway",47.6260026338601,-122.323306016614,"Townhouse","Entire home/apt",4,2.5,2,2,"Real Bed","{TV,""Cable TV"",Internet,""Wireless Internet"",Kitchen,""Free Parking on Premises"",""Hot Tub"",""Indoor Fireplace"",Heating,Washer,Dryer,""Smoke Detector"",""Carbon Monoxide Detector"",Essentials,Shampoo,""24-Hour Check-in"",Hangers,""Hair Dryer"",""Laptop Friendly Workspace""}","$245.00","$180.00",0,NA,NA,NA,NA,NA,NA,NA,482
"2665",7635966,"f","Broadway",47.619738139923,-122.321009998517,"Apartment","Private room",2,1,1,1,"Real Bed","{TV,Internet,""Wireless Internet"",Kitchen,""Elevator in Building"",""Indoor Fireplace"",Heating,Washer,Dryer,Essentials}","$220.00","",2,100,10,10,10,10,10,0.43,430
"2666",6325283,"f","Broadway",47.6169946777343,-122.325485281795,"Apartment","Entire home/apt",2,1,0,1,"Real Bed","{Internet,""Wireless Internet"",""Air Conditioning"",Kitchen,""Buzzer/Wireless Intercom"",Heating,""Family/Kid Friendly"",Washer,Dryer,""Smoke Detector"",""Carbon Monoxide Detector"",Shampoo}","$109.00","",7,89,10,9,9,8,9,1,424
"2667",6644796,"f","Broadway",47.6179417661483,-122.316881556987,"Apartment","Entire home/apt",4,1,0,2,"Real Bed","{TV,Internet,""Wireless Internet"",""Air Conditioning"",Kitchen,""Pets Allowed"",""Pets live on this property"",""Elevator in Building"",Heating,""Family/Kid Friendly"",Washer,Dryer,""Smoke Detector"",""Carbon Monoxide Detector"",Essentials,Shampoo}","$79.00","$65.00",5,100,10,10,10,10,10,0.96,419
"2668",8053921,"f","Broadway",47.6197315998664,-122.316815021578,"Apartment","Shared room",2,1,1,2,"Real Bed","{Internet,""Wireless Internet"",Kitchen,""Pets Allowed"",""Pets live on this property"",Dog(s),Heating,Washer,Dryer,""Smoke Detector"",""Carbon Monoxide Detector"",Essentials,Shampoo,""24-Hour Check-in"",Hangers,Iron}","$45.00","$25.00",15,97,9,10,10,10,9,3.54,424
"2669",841049,"f","Broadway",47.6242475433009,-122.318379412366,"House","Private room",1,1,1,1,"Real Bed","{""Wireless Internet"",Kitchen,Heating,""Smoke Detector"",""Carbon Monoxide Detector"",Essentials,Shampoo,""Hair Dryer"",Iron}","$58.00","",279,95,10,10,10,10,10,7.59,459
"2670",7128310,"f","Broadway",47.6222442703115,-122.328487596499,"Apartment","Entire home/apt",2,1,1,2,"Real Bed","{}","$100.00","$60.00",7,80,9,10,9,10,9,1.17,447
"2671",7718203,"f","Broadway",47.6158426891446,-122.325529141507,"Apartment","Entire home/apt",2,1,1,1,"Real Bed","{TV,Internet,""Wireless Internet"",Kitchen,Heating,""Smoke Detector"",""Carbon Monoxide Detector"",""First Aid Kit"",Essentials,Shampoo}","$80.00","$50.00",9,100,10,10,10,10,10,1.86,419
"2672",9774404,"f","Broadway",47.6170618028164,-122.325872429452,"Apartment","Entire home/apt",2,1,0,1,"Real Bed","{""Wireless Internet"",Kitchen,""Smoking Allowed"",""Pets Allowed"",""Pets live on this property"",Dog(s),Heating,""Family/Kid Friendly"",Washer,Dryer,""Smoke Detector"",""Carbon Monoxide Detector"",""Fire Extinguisher"",Essentials,Shampoo,""24-Hour Check-in"",Hangers,""Hair Dryer"",Iron,""Laptop Friendly Workspace""}","$100.00","",0,NA,NA,NA,NA,NA,NA,NA,424
"2673",7789438,"t","Broadway",47.6193256568374,-122.325820244157,"Apartment","Entire home/apt",2,1,1,1,"Real Bed","{TV,""Cable TV"",Internet,""Wireless Internet"",Kitchen,Gym,""Elevator in Building"",""Buzzer/Wireless Intercom"",Heating,Washer,Dryer,""Smoke Detector"",""Carbon Monoxide Detector"",""First Aid Kit"",""Safety Card"",""Fire Extinguisher"",Essentials,Shampoo,""24-Hour Check-in"",Hangers,""Hair Dryer"",Iron,""Laptop Friendly Workspace""}","$139.00","$85.00",19,99,10,10,10,10,10,4.87,431
"2674",7775663,"f","Broadway",47.6217134321533,-122.327261737576,"Apartment","Entire home/apt",2,1.5,1,1,"Real Bed","{Kitchen,""Elevator in Building"",Heating,Washer,Dryer,""Smoke Detector"",""Carbon Monoxide Detector"",Essentials}","$169.00","",15,97,9,10,10,10,9,3.52,443
"2675",8014547,"f","Broadway",47.620130939794,-122.324028732428,"Apartment","Entire home/apt",2,1,0,1,"Futon","{Internet,""Wireless Internet"",Kitchen,Heating,""Family/Kid Friendly"",Washer,Dryer,""Smoke Detector"",""Carbon Monoxide Detector"",""First Aid Kit"",Essentials}","$114.00","$10.00",6,100,10,10,10,10,10,1.46,434
"2676",1716901,"f","Broadway",47.6202973068312,-122.32529437681,"Apartment","Entire home/apt",4,1,1,2,"Real Bed","{""Wireless Internet"",Kitchen,Breakfast,Heating,Washer,Dryer,""Smoke Detector"",""Carbon Monoxide Detector"",Essentials,Shampoo}","$85.00","",15,97,9,10,10,10,10,2.1,436
"2677",6477225,"t","Broadway",47.6206633423153,-122.324661186035,"Apartment","Entire home/apt",7,1,2,2,"Real Bed","{TV,Internet,""Wireless Internet"",Kitchen,Heating,Washer,Dryer,""Smoke Detector"",""Carbon Monoxide Detector"",""Fire Extinguisher"",Essentials}","$100.00","$89.00",12,92,10,10,10,10,10,1.71,436
"2678",2217257,"t","Broadway",47.6211413990394,-122.324892727019,"Apartment","Entire home/apt",4,1,1,1,"Real Bed","{Internet,""Wireless Internet"",Kitchen,Heating,""Family/Kid Friendly"",Washer,Dryer,""Smoke Detector"",""Carbon Monoxide Detector"",""First Aid Kit"",""Fire Extinguisher"",Essentials,Shampoo}","$125.00","$30.00",27,96,10,10,10,10,9,1.33,438
"2679",7580593,"f","Broadway",47.6198704994475,-122.323988508423,"Apartment","Entire home/apt",4,1,0,2,"Real Bed","{TV,Internet,""Wireless Internet"",""Air Conditioning"",Kitchen,Heating,""Family/Kid Friendly"",Washer,Dryer,""Smoke Detector"",Essentials}","$190.00","$50.00",0,NA,NA,NA,NA,NA,NA,NA,434
"2680",1828232,"f","Broadway",47.6205646907861,-122.325081555155,"Apartment","Entire home/apt",2,1,1,1,"Real Bed","{TV,Internet,""Wireless Internet"",Kitchen,""Free Parking on Premises"",""Pets live on this property"",Cat(s),Heating,Washer,Dryer,Essentials}","$100.00","",8,95,10,10,10,9,10,0.42,436
"2681",4725935,"f","Broadway",47.6233526661923,-122.323068860581,"House","Shared room",1,1,1,1,"Real Bed","{Internet,""Wireless Internet"",Kitchen,Heating,Washer,Dryer,""Smoke Detector"",""Carbon Monoxide Detector"",""First Aid Kit"",""Fire Extinguisher"",Essentials,Shampoo,Hangers,""Hair Dryer"",Iron,""Laptop Friendly Workspace""}","$40.00","",44,90,9,10,10,10,9,3.38,457
"2682",9061439,"f","Broadway",47.6229030904774,-122.325980475688,"Apartment","Shared room",2,1,1,1,"Real Bed","{TV,Internet,""Wireless Internet"",""Air Conditioning"",Kitchen,""Pets live on this property"",Cat(s),""Elevator in Building"",""Smoke Detector"",""Carbon Monoxide Detector"",""Fire Extinguisher"",Essentials,Shampoo,""24-Hour Check-in"",Hangers,""Hair Dryer"",""Laptop Friendly Workspace""}","$40.00","",0,NA,NA,NA,NA,NA,NA,NA,457
"2683",6545602,"f","Broadway",47.6236213438628,-122.319529888336,"House","Shared room",1,0.5,1,1,"Real Bed","{Internet,""Wireless Internet"",Kitchen,""Free Parking on Premises"",Heating,Washer,Dryer}","$53.00","$35.00",1,100,10,10,10,10,10,0.29,456
"2684",2688555,"t","Broadway",47.6176091839757,-122.327791105073,"Apartment","Entire home/apt",8,2,2,3,"Real Bed","{TV,Internet,""Wireless Internet"",Kitchen,""Free Parking on Premises"",""Indoor Fireplace"",Heating,Washer,Dryer,""Smoke Detector"",""Carbon Monoxide Detector"",""Fire Extinguisher"",Essentials,Shampoo}","$250.00","$120.00",41,96,10,10,10,10,9,2.1,427
"2685",7984550,"f","Broadway",47.6248604351699,-122.321068065931,"House","Shared room",1,1,1,1,"Real Bed","{Internet,""Wireless Internet"",Kitchen,Heating,Washer,Dryer,""Smoke Detector"",Essentials}","$65.00","$35.00",0,NA,NA,NA,NA,NA,NA,NA,465
"2686",6561753,"f","Broadway",47.6236529544448,-122.32090432358,"House","Shared room",1,0.5,1,1,"Real Bed","{Internet,""Wireless Internet"",Kitchen,""Free Parking on Premises"",Heating,Washer,Dryer}","$55.00","$35.00",10,96,9,9,9,10,10,1.47,459
"2687",6561811,"f","Broadway",47.6241243288054,-122.319975500765,"House","Shared room",1,0.5,1,1,"Real Bed","{Internet,""Wireless Internet"",Kitchen,""Free Parking on Premises"",Heating,Washer,Dryer}","$53.00","$35.00",5,92,9,8,10,10,9,0.79,463
"2688",6545246,"f","Broadway",47.6252852200058,-122.320090108954,"House","Shared room",1,0.5,1,1,"Real Bed","{Internet,""Wireless Internet"",Kitchen,Heating,Washer,Dryer,""Smoke Detector"",Essentials}","$55.00","$35.00",1,80,8,4,6,8,8,0.24,469
"2689",1520501,"f","Broadway",47.6243012108505,-122.319154249385,"House","Shared room",1,0.5,1,1,"Real Bed","{Internet,""Wireless Internet"",Kitchen,""Free Parking on Premises"",Heating,Washer,Dryer}","$49.00","$35.00",4,70,8,9,9,10,7,0.24,462
"2690",5618094,"f","Broadway",47.6224431548028,-122.315741465635,"Apartment","Private room",2,1,1,1,"Real Bed","{TV,Internet,""Wireless Internet"",Kitchen,""Indoor Fireplace"",Heating,Washer,Dryer,""Smoke Detector"",""Carbon Monoxide Detector"",""Fire Extinguisher"",Essentials,Shampoo}","$75.00","$10.00",6,92,8,9,10,10,9,0.66,441
"2691",279063,"f","Broadway",47.6246501891507,-122.316889445397,"Apartment","Private room",2,1,1,1,"Real Bed","{TV,Internet,""Wireless Internet"",""Air Conditioning"",Kitchen,""Indoor Fireplace"",Heating,""Family/Kid Friendly"",""Smoke Detector"",""Carbon Monoxide Detector"",""First Aid Kit"",""Safety Card"",""Fire Extinguisher"",Essentials,Shampoo}","$89.00","$10.00",294,91,9,9,10,10,9,6.06,457
"2692",5030361,"t","Broadway",47.620326671469,-122.315805130766,"Apartment","Private room",2,1,1,1,"Real Bed","{TV,Internet,""Wireless Internet"",Kitchen,""Elevator in Building"",""Hot Tub"",""Indoor Fireplace"",""Buzzer/Wireless Intercom"",Heating,Washer,Dryer,""Smoke Detector"",""First Aid Kit"",""Fire Extinguisher"",Essentials,Shampoo,Hangers,""Hair Dryer""}","$90.00","$15.00",49,96,10,10,10,10,10,4.98,428
"2693",6779893,"f","Broadway",47.6231865866163,-122.327222469382,"Condominium","Entire home/apt",2,1,1,1,"Real Bed","{TV,""Cable TV"",Internet,""Wireless Internet"",Kitchen,""Free Parking on Premises"",""Elevator in Building"",""Indoor Fireplace"",Heating,Washer,Dryer,""Smoke Detector"",Essentials,Shampoo}","$250.00","",7,100,10,10,10,10,9,1.21,457
"2694",796594,"f","Broadway",47.6229791123333,-122.328656048693,"Apartment","Entire home/apt",2,1,1,1,"Real Bed","{TV,Internet,""Air Conditioning"",Kitchen,""Free Parking on Premises"",""Elevator in Building"",""Indoor Fireplace"",Heating,Washer,Dryer}","$199.00","$68.00",22,94,9,10,10,10,9,0.61,451
"2695",1030615,"t","Broadway",47.6286935123958,-122.320542234303,"House","Private room",2,1,1,1,"Real Bed","{Internet,""Wireless Internet"",Kitchen,""Smoking Allowed"",Breakfast,""Indoor Fireplace"",Heating,""Family/Kid Friendly"",Washer,Dryer,""Smoke Detector"",""Carbon Monoxide Detector"",""First Aid Kit"",Essentials,Shampoo,""24-Hour Check-in"",Hangers,""Hair Dryer"",Iron,""Laptop Friendly Workspace""}","$95.00","$20.00",83,99,10,10,10,10,10,2.48,492
"2696",6328923,"f","Broadway",47.6220285237967,-122.316354630694,"House","Private room",2,1,1,1,"Real Bed","{""Wireless Internet"",Heating,""Family/Kid Friendly"",""Smoke Detector"",""Carbon Monoxide Detector"",""First Aid Kit"",""Fire Extinguisher"",Essentials,Shampoo}","$89.00","$20.00",19,97,10,10,10,10,10,2.57,439
"2697",7050492,"f","Broadway",47.6216417738877,-122.326844765762,"Apartment","Entire home/apt",2,1,1,1,"Real Bed","{TV,Internet,""Wireless Internet"",Kitchen,""Free Parking on Premises"",""Elevator in Building"",Heating,Washer,Dryer,""Smoke Detector"",""Carbon Monoxide Detector"",Essentials,Shampoo}","$110.00","$35.00",12,93,10,10,10,10,9,2.02,442
"2698",2418658,"f","Broadway",47.6188523358309,-122.326261986149,"Apartment","Entire home/apt",2,1,0,1,"Real Bed","{Kitchen,""Pets Allowed"",Cat(s),""Elevator in Building"",""Buzzer/Wireless Intercom"",Heating,""Family/Kid Friendly"",Washer,Dryer,Essentials,Shampoo}","$155.00","$35.00",135,92,9,9,10,10,9,6.02,430
"2699",387078,"f","Broadway",47.6217782546955,-122.32378708882,"Apartment","Entire home/apt",4,NA,1,1,"Real Bed","{TV,""Cable TV"",Internet,""Wireless Internet"",""Air Conditioning"",Kitchen,Heating,""Family/Kid Friendly""}","$119.00","$88.00",52,96,10,9,10,10,9,1.41,445
"2700",10012724,"f","Broadway",47.614852878885,-122.323992117141,"Apartment","Shared room",1,1,1,1,"Real Bed","{Internet,""Wireless Internet"",""Air Conditioning"",Kitchen,""Buzzer/Wireless Intercom"",Heating,Washer,""Smoke Detector"",""Carbon Monoxide Detector"",Essentials,Shampoo,""24-Hour Check-in"",Hangers,""Hair Dryer"",Iron}","$25.00","",2,100,10,10,10,10,10,2,423
"2701",6768768,"f","Broadway",47.6148183567356,-122.325058198103,"Apartment","Entire home/apt",2,1,1,1,"Futon","{Internet,""Wireless Internet"",Kitchen,""Elevator in Building"",Heating,""Family/Kid Friendly"",Washer,Dryer,""Smoke Detector"",""Carbon Monoxide Detector"",Essentials}","$159.00","$50.00",8,95,10,10,10,10,10,1.22,423
"2702",338043,"f","Broadway",47.6188049396816,-122.31884911656,"Apartment","Entire home/apt",5,1,1,3,"Real Bed","{TV,Internet,""Wireless Internet"",""Wheelchair Accessible"",Kitchen,""Free Parking on Premises"",""Pets Allowed"",Gym,Breakfast,""Elevator in Building"",""Buzzer/Wireless Intercom"",Heating,Washer,Dryer,""Smoke Detector"",""Carbon Monoxide Detector"",""Fire Extinguisher"",Essentials,Shampoo,""24-Hour Check-in"",Hangers,""Hair Dryer"",Iron,""Laptop Friendly Workspace""}","$125.00","$60.00",8,95,10,10,10,10,9,2.67,424
"2703",4701205,"f","Broadway",47.6168189449138,-122.32471227293,"Apartment","Shared room",2,1,1,1,"Futon","{TV,""Cable TV"",Internet,""Wireless Internet"",Kitchen,""Buzzer/Wireless Intercom"",Heating,Washer,Dryer,""Smoke Detector"",""Carbon Monoxide Detector"",""First Aid Kit"",""Fire Extinguisher"",Essentials,Shampoo}","$25.00","",39,85,7,9,10,10,9,3.55,423
"2704",338091,"f","Broadway",47.619174388428,-122.321849191223,"Apartment","Entire home/apt",5,1,1,3,"Real Bed","{TV,Internet,""Wireless Internet"",""Wheelchair Accessible"",Kitchen,""Pets Allowed"",Gym,Breakfast,""Elevator in Building"",""Indoor Fireplace"",""Buzzer/Wireless Intercom"",Heating,Washer,Dryer,Shampoo,""24-Hour Check-in"",Hangers,""Hair Dryer"",Iron,""Laptop Friendly Workspace""}","$225.00","$60.00",84,91,8,9,10,10,9,1.85,429
"2705",7235573,"t","Broadway",47.6238781516624,-122.326249569141,"Apartment","Entire home/apt",2,1,1,1,"Real Bed","{TV,""Cable TV"",Internet,""Wireless Internet"",Kitchen,""Buzzer/Wireless Intercom"",Heating,Washer,Dryer,""Smoke Detector"",""Carbon Monoxide Detector"",""First Aid Kit"",""Fire Extinguisher"",Essentials,Shampoo}","$140.00","$35.00",8,98,10,10,10,10,10,1.48,462
"2706",7579854,"f","Broadway",47.6284754897619,-122.321615763305,"Apartment","Entire home/apt",4,1,1,2,"Real Bed","{TV,""Cable TV"",Internet,""Wireless Internet"",Kitchen,""Free Parking on Premises"",Heating,""Family/Kid Friendly"",Washer,Dryer,""Smoke Detector"",""Carbon Monoxide Detector"",""Safety Card"",""Fire Extinguisher"",Essentials,Shampoo}","$89.00","$25.00",15,89,9,9,9,9,9,2.85,493
"2707",1525972,"f","Broadway",47.6220578274437,-122.318094705035,"Apartment","Entire home/apt",2,1,2,1,"Real Bed","{Internet,""Wireless Internet"",Kitchen,""Free Parking on Premises"",Heating,Washer,Dryer,""Smoke Detector"",""Carbon Monoxide Detector"",Shampoo}","$190.00","$20.00",31,93,10,10,10,10,9,1.07,443
"2708",3626497,"f","Broadway",47.6229771931221,-122.327050787698,"Apartment","Entire home/apt",2,1,1,1,"Real Bed","{Internet,""Wireless Internet"",Kitchen,""Buzzer/Wireless Intercom"",Heating,""Smoke Detector"",""Carbon Monoxide Detector"",Essentials}","$99.00","$25.00",15,97,10,10,10,10,9,0.85,455
"2709",8102064,"f","Broadway",47.6236285988214,-122.326889208235,"Apartment","Entire home/apt",3,1,1,2,"Real Bed","{TV,Internet,""Wireless Internet"",Kitchen,""Pets live on this property"",Cat(s),""Elevator in Building"",Heating,Washer,Dryer,""Smoke Detector"",""Carbon Monoxide Detector"",""Fire Extinguisher"",Essentials,Shampoo}","$49.00","$30.00",2,100,10,10,10,10,10,0.54,457
"2710",447488,"f","Broadway",47.619531468473,-122.31581446686,"House","Private room",2,1,1,1,"Real Bed","{TV,""Cable TV"",Internet,""Wireless Internet"",Kitchen,""Indoor Fireplace"",Heating,""Family/Kid Friendly"",Washer,Dryer}","$100.00","$35.00",51,94,9,10,10,10,9,1.23,424
"2711",835149,"f","Broadway",47.6223855595158,-122.314767291077,"House","Private room",1,1,1,1,"Real Bed","{Internet,""Wireless Internet"",Kitchen,Heating,""Smoke Detector"",""Carbon Monoxide Detector"",Essentials,Shampoo,Hangers,""Hair Dryer"",Iron}","$58.00","",263,96,10,10,10,10,10,7.19,439
"2712",3759039,"f","Broadway",47.6200017105456,-122.31691482498,"House","Private room",2,2,1,1,"Real Bed","{Internet,""Wireless Internet"",Kitchen,""Free Parking on Premises"",""Indoor Fireplace"",Heating,Washer,Dryer,""Smoke Detector"",""Carbon Monoxide Detector"",""Fire Extinguisher"",Essentials,Shampoo}","$200.00","",0,NA,NA,NA,NA,NA,NA,NA,425
"2713",6131411,"t","Broadway",47.6211245274145,-122.32487225136,"Apartment","Entire home/apt",6,1,2,2,"Real Bed","{TV,Internet,""Wireless Internet"",Kitchen,Heating,Washer,Dryer,""Smoke Detector"",""Carbon Monoxide Detector"",""Fire Extinguisher"",Essentials,Shampoo}","$150.00","$95.00",5,96,10,10,10,10,10,0.69,438
"2714",4679983,"f","Broadway",47.6149106049354,-122.326115831707,"Apartment","Private room",2,1,1,1,"Real Bed","{TV,Internet,""Wireless Internet"",Kitchen,""Elevator in Building"",""Buzzer/Wireless Intercom"",Heating,Washer,Dryer,""Smoke Detector"",Essentials,Shampoo}","$59.00","$30.00",24,97,9,10,10,10,10,2.01,420
"2715",7821003,"f","Broadway",47.62169511078,-122.326681033538,"Apartment","Entire home/apt",2,1,1,1,"Real Bed","{TV,""Cable TV"",Internet,""Wireless Internet"",Kitchen,""Pets Allowed"",""Elevator in Building"",Heating,Washer,Dryer,Essentials,Hangers,Iron,""Laptop Friendly Workspace""}","$65.00","",2,100,9,10,10,10,10,1.62,442
"2716",9939359,"f","Broadway",47.6166900814812,-122.323881878234,"Apartment","Entire home/apt",2,1,0,1,"Real Bed","{TV,Internet,""Wireless Internet"",Kitchen,Heating,""Smoke Detector"",""Carbon Monoxide Detector"",Iron,""Laptop Friendly Workspace""}","$80.00","",2,90,10,10,10,10,9,2,422
"2717",9494946,"f","Broadway",47.6261763009358,-122.317624812517,"Apartment","Entire home/apt",2,1,0,1,"Real Bed","{TV,""Cable TV"",Internet,""Wireless Internet"",Kitchen,""Buzzer/Wireless Intercom"",Heating,Washer,Dryer,Essentials,""24-Hour Check-in"",Hangers,""Hair Dryer"",Iron,""Laptop Friendly Workspace""}","$69.00","$25.00",2,70,10,10,9,10,7,2,474
"2718",745099,"f","Broadway",47.6282440887156,-122.319087123231,"House","Private room",1,NA,1,1,"Real Bed","{}","$75.00","",0,NA,NA,NA,NA,NA,NA,NA,490
"2719",8054518,"f","Broadway",47.6224145523198,-122.312660588442,"Apartment","Entire home/apt",2,1,0,1,"Real Bed","{TV,""Cable TV"",Internet,""Wireless Internet"",Kitchen,""Free Parking on Premises"",""Pets live on this property"",Heating,""Family/Kid Friendly"",""Smoke Detector"",""Carbon Monoxide Detector"",Essentials}","$97.00","$27.00",8,95,10,10,10,10,9,1.88,436
"2720",1141226,"f","Broadway",47.6147909816066,-122.323260432709,"Apartment","Entire home/apt",4,1,1,1,"Real Bed","{TV,""Cable TV"",Internet,""Wireless Internet"",""Air Conditioning"",Kitchen,""Buzzer/Wireless Intercom"",Heating,""Family/Kid Friendly"",Washer,Dryer,""Smoke Detector"",""Carbon Monoxide Detector"",""First Aid Kit"",""Safety Card"",""Fire Extinguisher"",Essentials,Shampoo}","$174.00","$60.00",19,98,10,10,10,10,9,0.87,423
"2721",9866909,"f","Broadway",47.6263242731296,-122.317082838962,"House","Private room",2,1,1,2,"Real Bed","{""Wireless Internet"",Kitchen,""Free Parking on Premises"",Heating,""Smoke Detector"",Shampoo,""Lock on Bedroom Door"",Hangers,""Hair Dryer"",Iron,""Laptop Friendly Workspace""}","$78.00","",0,NA,NA,NA,NA,NA,NA,NA,475
"2722",1790020,"f","Broadway",47.6236070837533,-122.31723534882,"Apartment","Private room",2,1,1,1,"Real Bed","{TV,Internet,""Wireless Internet"",""Air Conditioning"",Kitchen,""Indoor Fireplace"",Heating,""Family/Kid Friendly"",""Smoke Detector"",""Carbon Monoxide Detector"",""First Aid Kit"",""Safety Card"",""Fire Extinguisher"",Essentials,Shampoo}","$89.00","$10.00",193,90,9,9,9,10,9,7.24,453
"2723",4277026,"t","Broadway",47.6216177709746,-122.31476472434,"House","Private room",2,1,1,1,"Real Bed","{Internet,""Wireless Internet"",Kitchen,Heating,Washer,Dryer,""Smoke Detector"",""First Aid Kit"",""Safety Card"",""Fire Extinguisher"",Essentials,Shampoo}","$100.00","",7,94,9,10,10,9,9,0.52,436
"2724",4082250,"f","Broadway",47.6179641525542,-122.327027180261,"Apartment","Entire home/apt",2,1,1,1,"Real Bed","{TV,Internet,""Wireless Internet"",Kitchen,Heating,Washer,Dryer,""Smoke Detector"",""Carbon Monoxide Detector"",""First Aid Kit"",""Fire Extinguisher"",Essentials,""Hair Dryer"",Iron,""Laptop Friendly Workspace""}","$125.00","$50.00",3,60,6,9,9,9,7,0.19,427
"2725",5637990,"f","Broadway",47.6350448680412,-122.321017352431,"House","Entire home/apt",4,2,2,2,"Real Bed","{TV,Internet,""Wireless Internet"",Kitchen,Heating,Washer,Dryer,""Smoke Detector"",""Carbon Monoxide Detector"",Essentials,Shampoo,""24-Hour Check-in"",Hangers,""Hair Dryer"",Iron,""Laptop Friendly Workspace""}","$130.00","$80.00",3,80,6,8,9,7,7,0.75,459
"2726",2909809,"f","Broadway",47.6206869917683,-122.327487184821,"Apartment","Entire home/apt",4,1,1,1,"Real Bed","{Internet,""Wireless Internet"",Kitchen,""Pets live on this property"",Dog(s),""Family/Kid Friendly"",""Smoke Detector"",""Carbon Monoxide Detector"",""Fire Extinguisher"",Essentials,Shampoo}","$132.00","",11,96,8,10,10,10,9,0.55,437
"2727",1356339,"f","Broadway",47.6221365574658,-122.325702483212,"Apartment","Entire home/apt",4,1,1,1,"Real Bed","{TV,""Cable TV"",Internet,""Wireless Internet"",""Air Conditioning"",Kitchen,Heating,""Family/Kid Friendly"",Washer,Dryer}","$119.00","$87.00",61,96,10,10,10,10,9,2.18,448
"2728",3884805,"f","Broadway",47.6227679699019,-122.326168127375,"Apartment","Entire home/apt",4,1,1,2,"Real Bed","{Internet,""Wireless Internet"",Kitchen,""Pets live on this property"",Cat(s),""Buzzer/Wireless Intercom"",Heating,Washer,Dryer,""Smoke Detector"",""Fire Extinguisher"",Essentials,Shampoo,""24-Hour Check-in"",Hangers,""Hair Dryer"",Iron,""Laptop Friendly Workspace""}","$150.00","$30.00",1,100,10,10,10,10,10,0.81,455
"2729",5395530,"f","Broadway",47.6265913094508,-122.326755617074,"Apartment","Entire home/apt",2,1,1,2,"Real Bed","{TV,Internet,""Wireless Internet"",Kitchen,""Free Parking on Premises"",""Pets live on this property"",Cat(s),""Buzzer/Wireless Intercom"",Heating,""Family/Kid Friendly"",Washer,Dryer,""Smoke Detector"",""Carbon Monoxide Detector"",""First Aid Kit"",""Safety Card"",""Fire Extinguisher"",Essentials,Shampoo}","$115.00","$50.00",17,95,10,10,10,10,10,1.77,486
"2730",10295151,"f","Broadway",47.6234513557949,-122.325865285809,"Apartment","Entire home/apt",4,1,1,2,"Real Bed","{TV,""Cable TV"",Internet,""Wireless Internet"",""Air Conditioning"",Kitchen,Heating,""Family/Kid Friendly"",Washer,Dryer,Essentials,Shampoo,""24-Hour Check-in"",Hangers,""Hair Dryer"",Iron,""Laptop Friendly Workspace""}","$99.00","$88.00",0,NA,NA,NA,NA,NA,NA,NA,457
"2731",6481695,"f","Broadway",47.6203538978024,-122.317026091774,"House","Entire home/apt",2,1,1,1,"Real Bed","{""Wireless Internet"",Heating,""Smoke Detector"",""Carbon Monoxide Detector"",""First Aid Kit"",""Fire Extinguisher"",Essentials,Shampoo}","$99.00","$30.00",0,NA,NA,NA,NA,NA,NA,NA,429
"2732",5660792,"f","Broadway",47.6167714519308,-122.317589162848,"House","Private room",2,1,1,1,"Real Bed","{TV,Internet,""Wireless Internet"",Kitchen,""Free Parking on Premises"",""Pets Allowed"",""Pets live on this property"",Dog(s),Heating,Dryer,""Smoke Detector"",""Carbon Monoxide Detector"",Essentials,Shampoo}","$120.00","$10.00",41,93,9,10,10,10,9,4.47,420
"2733",7435912,"f","Broadway",47.6223426782403,-122.315960513272,"Apartment","Private room",2,1,1,1,"Real Bed","{Internet,""Wireless Internet"",Kitchen,""Free Parking on Premises"",""Smoking Allowed"",""Indoor Fireplace"",Heating,Washer,Dryer,""Smoke Detector"",Essentials}","$70.00","",4,90,9,10,10,10,9,0.94,440
"2734",4768038,"f","Broadway",47.630100578971,-122.31311902768,"Apartment","Private room",2,1,1,1,"Real Bed","{TV,Internet,""Wireless Internet"",Kitchen,""Free Parking on Premises"",""Elevator in Building"",Heating,Washer,Dryer,""Smoke Detector"",""Carbon Monoxide Detector"",""First Aid Kit"",""Fire Extinguisher"",Essentials,Shampoo}","$150.00","",44,95,10,10,10,10,10,3.66,487
"2735",1416279,"t","Broadway",47.6260812561663,-122.325391080726,"Apartment","Entire home/apt",2,1,1,1,"Real Bed","{TV,Internet,""Wireless Internet"",Kitchen,Heating,Washer,Dryer,""Smoke Detector"",""First Aid Kit"",""Fire Extinguisher"",Essentials,Shampoo}","$145.00","",29,93,9,10,10,10,9,1.48,482
"2736",9970609,"f","Broadway",47.6189098825825,-122.317571000473,"Apartment","Private room",2,1,1,1,"Real Bed","{Internet,""Wireless Internet"",Kitchen,Heating,Essentials,Shampoo}","$118.00","$12.00",0,NA,NA,NA,NA,NA,NA,NA,424
"2737",6835466,"f","Broadway",47.6155385670632,-122.324860550671,"Apartment","Entire home/apt",2,1,1,1,"Real Bed","{Internet,""Wireless Internet"",Kitchen,""Buzzer/Wireless Intercom"",Heating,Washer,Dryer,""Smoke Detector"",""Carbon Monoxide Detector"",""Safety Card"",""Fire Extinguisher"",Essentials,Shampoo}","$100.00","$35.00",2,100,10,10,10,10,10,0.41,419
"2738",3418230,"f","Broadway",47.6358835717539,-122.321857410483,"House","Private room",4,1,1,3,"Real Bed","{Internet,""Wireless Internet"",Kitchen,""Free Parking on Premises"",""Pets live on this property"",Dog(s),Heating,""Family/Kid Friendly"",""Suitable for Events"",Washer,Dryer,""Smoke Detector"",""Carbon Monoxide Detector"",""First Aid Kit"",""Safety Card"",""Fire Extinguisher"",Essentials,Shampoo}","$100.00","",11,98,10,10,10,10,10,0.62,450
"2739",9843421,"f","Broadway",47.6244566615092,-122.316170755173,"Apartment","Entire home/apt",4,1,1,3,"Real Bed","{Internet,""Wireless Internet"",Kitchen,""Free Parking on Premises"",""Elevator in Building"",Heating,Washer,Dryer,""Smoke Detector"",""Fire Extinguisher"",Essentials,Hangers}","$65.00","",0,NA,NA,NA,NA,NA,NA,NA,452
"2740",3543791,"f","Broadway",47.6163036719748,-122.32357462265,"Apartment","Entire home/apt",3,1,0,1,"Real Bed","{Internet,Kitchen,""Elevator in Building"",""Buzzer/Wireless Intercom"",Heating,Washer,Dryer,""Smoke Detector"",Essentials,Shampoo}","$115.00","$10.00",6,97,9,9,10,10,9,1.41,421
"2741",3552006,"t","Broadway",47.6223437124316,-122.325844548148,"Apartment","Entire home/apt",2,1,1,1,"Real Bed","{TV,Kitchen,""Elevator in Building"",Heating,""Family/Kid Friendly"",Washer,Dryer,""Smoke Detector"",""Carbon Monoxide Detector"",""First Aid Kit"",Essentials,Shampoo}","$149.00","$75.00",28,98,10,10,10,10,9,1.56,451
"2742",7149703,"f","Broadway",47.6218705073806,-122.327845174207,"Apartment","Private room",2,1,1,1,"Real Bed","{Internet,""Wireless Internet"",Kitchen,""Elevator in Building"",Heating,Essentials,Shampoo}","$59.00","$35.00",24,93,9,9,10,9,9,4.62,444
"2743",4526943,"f","Broadway",47.6282548872639,-122.326198717071,"Apartment","Entire home/apt",2,1,1,1,"Real Bed","{""Cable TV"",Internet,""Wireless Internet"",Kitchen,""Free Parking on Premises"",""Pets Allowed"",Heating,Washer,Dryer,""Smoke Detector"",""Carbon Monoxide Detector"",Shampoo}","$155.00","$100.00",4,70,10,9,9,10,9,0.94,496
"2744",7557951,"f","Broadway",47.62266250007,-122.327929011667,"Apartment","Entire home/apt",3,1,1,2,"Real Bed","{TV,Internet,""Wireless Internet"",Kitchen,""Free Parking on Premises"",Heating,""Family/Kid Friendly"",""Smoke Detector"",""Carbon Monoxide Detector"",""First Aid Kit"",""Safety Card"",""Fire Extinguisher"",Essentials,Shampoo}","$100.00","$20.00",3,100,10,10,10,10,10,0.7,452
"2745",4808173,"f","Broadway",47.6162083159477,-122.316236240912,"Apartment","Entire home/apt",3,1,1,1,"Real Bed","{Internet,""Wireless Internet"",Kitchen,""Buzzer/Wireless Intercom"",Heating,Shampoo}","$175.00","",3,100,8,10,10,10,9,0.24,420
"2746",4404126,"t","Broadway",47.6141735353387,-122.326929626678,"Apartment","Private room",1,1,1,1,"Real Bed","{""Elevator in Building"",""Buzzer/Wireless Intercom"",""Smoke Detector""}","$70.00","",22,98,10,10,10,10,10,5.12,423
"2747",7902137,"f","Broadway",47.6160448718405,-122.326448709523,"Apartment","Private room",5,1,1,2,"Real Bed","{TV,""Cable TV"",Internet,""Wireless Internet"",""Air Conditioning"",""Wheelchair Accessible"",Kitchen,""Free Parking on Premises"",Gym,Breakfast,""Elevator in Building"",""Hot Tub"",""Indoor Fireplace"",""Buzzer/Wireless Intercom"",Heating,""Family/Kid Friendly"",Washer,Dryer,""Smoke Detector"",""Carbon Monoxide Detector"",""First Aid Kit"",""Safety Card"",""Fire Extinguisher"",Essentials,Shampoo,""24-Hour Check-in"",Hangers,""Hair Dryer"",Iron,""Laptop Friendly Workspace""}","$84.00","$20.00",38,97,9,10,10,10,10,8.09,421
"2748",8453633,"f","Broadway",47.6240605193102,-122.327785472975,"House","Entire home/apt",4,1,2,2,"Real Bed","{TV,Internet,""Wireless Internet"",Kitchen,Heating,""Family/Kid Friendly"",""Smoke Detector"",""Carbon Monoxide Detector"",""Safety Card"",""Fire Extinguisher"",Essentials}","$175.00","$40.00",1,100,10,10,10,10,10,0.86,461
"2749",2004931,"t","Broadway",47.6149763053589,-122.323857014772,"Apartment","Entire home/apt",3,1,1,1,"Real Bed","{TV,Internet,""Wireless Internet"",Kitchen,""Elevator in Building"",""Buzzer/Wireless Intercom"",Heating,""Family/Kid Friendly"",Washer,Dryer,""Smoke Detector"",""Carbon Monoxide Detector"",""First Aid Kit"",""Safety Card"",""Fire Extinguisher"",Essentials,Shampoo,""24-Hour Check-in"",Hangers,""Hair Dryer"",Iron,""Laptop Friendly Workspace""}","$167.00","$60.00",48,96,10,10,10,10,9,1.96,423
"2750",7179783,"f","Broadway",47.6207506311838,-122.316541114005,"Townhouse","Private room",2,1,1,1,"Real Bed","{Internet,""Wireless Internet"",""Air Conditioning"",""Pets Allowed"",""Pets live on this property"",Cat(s),Heating,""Family/Kid Friendly"",Washer,Dryer,""Smoke Detector"",""Carbon Monoxide Detector"",""First Aid Kit"",Essentials,Shampoo,""24-Hour Check-in"",Hangers,Iron}","$99.00","",1,100,10,10,10,10,10,1,433
"2751",7241235,"t","Broadway",47.6194395562393,-122.320592130505,"Apartment","Entire home/apt",2,1,0,1,"Real Bed","{""Wireless Internet"",""Air Conditioning"",Kitchen,""Elevator in Building"",Washer,Dryer,""Smoke Detector"",""Carbon Monoxide Detector"",""Safety Card"",Essentials}","$100.00","$50.00",12,100,10,10,10,10,10,2.05,429
"2752",6249458,"t","Broadway",47.6233648257769,-122.319002929192,"Apartment","Entire home/apt",5,2,2,2,"Real Bed","{TV,""Cable TV"",Internet,""Wireless Internet"",""Air Conditioning"",Kitchen,""Free Parking on Premises"",Heating,""Family/Kid Friendly"",Washer,Dryer,""Smoke Detector"",""Carbon Monoxide Detector"",""First Aid Kit"",""Safety Card"",""Fire Extinguisher"",Essentials,Shampoo}","$259.00","$80.00",13,98,9,10,10,10,9,1.6,454
"2753",1537246,"t","Broadway",47.6244632891363,-122.324694738932,"Apartment","Entire home/apt",2,1,1,1,"Real Bed","{TV,""Cable TV"",Internet,""Wireless Internet"",Kitchen,""Free Parking on Premises"",""Buzzer/Wireless Intercom"",Heating,Washer,Dryer,""Smoke Detector"",""Carbon Monoxide Detector"",""First Aid Kit"",""Fire Extinguisher"",Essentials,Shampoo}","$139.00","$60.00",55,97,10,10,10,10,10,1.91,469
"2754",841140,"f","Broadway",47.6170104048705,-122.320399662533,"Apartment","Entire home/apt",4,1,2,2,"Real Bed","{TV,""Cable TV"",Internet,""Wireless Internet"",""Wheelchair Accessible"",Kitchen,""Elevator in Building"",Heating,""Family/Kid Friendly"",Washer,Dryer,Essentials,Shampoo}","$185.00","",13,98,10,10,10,10,10,0.36,422
"2755",1961950,"t","Broadway",47.6190524571069,-122.31769418441,"Apartment","Entire home/apt",3,1,0,2,"Real Bed","{TV,""Wireless Internet"",Kitchen,""Free Parking on Premises"",Heating,Washer,Dryer,""Smoke Detector"",""Carbon Monoxide Detector"",""Safety Card"",""Fire Extinguisher"",Essentials,Shampoo}","$99.00","",17,98,10,10,10,10,10,1.3,424
"2756",8735996,"f","Broadway",47.6202801596971,-122.323130353626,"Apartment","Entire home/apt",2,1,0,1,"Real Bed","{TV,Internet,""Wireless Internet"",Kitchen,Heating,Essentials}","$90.00","",0,NA,NA,NA,NA,NA,NA,NA,434
"2757",1220471,"f","Broadway",47.6159784415274,-122.326930630209,"Apartment","Entire home/apt",3,1.5,2,1,"Real Bed","{TV,""Wireless Internet"",""Air Conditioning"",Kitchen,""Elevator in Building"",""Buzzer/Wireless Intercom"",Heating,""Family/Kid Friendly"",Washer,Dryer,""Smoke Detector"",""First Aid Kit"",""Fire Extinguisher"",Shampoo}","$250.00","$100.00",4,100,10,10,10,10,9,0.13,421
"2758",7369,"f","Broadway",47.6153973781013,-122.325639561882,"Condominium","Entire home/apt",2,1,1,1,"Real Bed","{TV,""Wireless Internet"",Kitchen,""Elevator in Building"",Heating,Washer,Dryer,""Smoke Detector"",""First Aid Kit"",Essentials,Shampoo,Hangers,""Hair Dryer"",Iron,""Laptop Friendly Workspace""}","$85.00","",40,94,10,10,10,10,9,0.5,420
"2759",9137899,"f","Broadway",47.6177310203808,-122.326250374183,"Apartment","Entire home/apt",3,1,1,1,"Real Bed","{TV,Internet,""Wireless Internet"",""Wheelchair Accessible"",Kitchen,""Free Parking on Premises"",""Elevator in Building"",Heating,""Family/Kid Friendly"",Washer,Dryer,""Smoke Detector"",""First Aid Kit"",""Safety Card"",""Fire Extinguisher"",Essentials,Shampoo,Hangers,Iron,""Laptop Friendly Workspace""}","$100.00","$25.00",2,100,10,10,10,10,10,1.25,426
"2760",4831200,"f","Broadway",47.6241961265191,-122.323850002768,"Apartment","Entire home/apt",2,1,0,1,"Real Bed","{""Cable TV"",Kitchen,Heating}","$80.00","$45.00",4,100,10,10,10,10,10,0.33,467
"2761",1562643,"f","Broadway",47.6242517861375,-122.325817548164,"House","Entire home/apt",8,3.5,4,5,"Real Bed","{TV,""Cable TV"",""Wireless Internet"",Kitchen,Heating,Washer,Dryer,""Smoke Detector"",""Carbon Monoxide Detector"",""First Aid Kit"",""Fire Extinguisher"",Essentials,Shampoo,""24-Hour Check-in"",Hangers,""Hair Dryer"",Iron,""Laptop Friendly Workspace""}","$260.00","$150.00",23,90,9,9,9,9,9,1.76,466
"2762",7871807,"f","Broadway",47.6250914096252,-122.32843455829,"House","Private room",1,1,1,1,"Real Bed","{TV,""Cable TV"",Internet,""Wireless Internet"",Kitchen,Breakfast,Washer,Dryer,Shampoo}","$125.00","",2,100,10,10,10,10,10,0.44,468
"2763",8116395,"f","Broadway",47.6229008431907,-122.315046031283,"Apartment","Entire home/apt",2,1,1,1,"Real Bed","{TV,Internet,""Wireless Internet"",Kitchen,Heating,""Family/Kid Friendly"",""Smoke Detector"",""Carbon Monoxide Detector"",Essentials,Shampoo}","$119.00","",17,91,9,10,10,10,9,4.18,447
"2764",872152,"f","Broadway",47.6255257644921,-122.323589420879,"House","Entire home/apt",4,2.5,2,2,"Real Bed","{TV,""Cable TV"",Internet,""Wireless Internet"",Kitchen,""Indoor Fireplace"",Heating,""Family/Kid Friendly"",""Suitable for Events"",Washer,Dryer,""Smoke Detector"",""Fire Extinguisher"",Essentials}","$182.00","$300.00",10,100,10,10,10,10,10,0.46,475
"2765",719233,"f","Broadway",47.6154512342319,-122.32874070552,"Apartment","Entire home/apt",3,1,1,1,"Real Bed","{TV,Internet,""Wireless Internet"",Kitchen,Heating,Washer,Dryer,""Smoke Detector"",""Carbon Monoxide Detector"",""First Aid Kit"",""Fire Extinguisher"",Essentials}","$69.00","$72.00",255,85,8,9,9,9,9,6.43,422
"2766",6216116,"f","Broadway",47.6210818054676,-122.326802938811,"Apartment","Entire home/apt",4,1,1,1,"Real Bed","{TV,Internet,""Wireless Internet"",""Wheelchair Accessible"",Kitchen,""Elevator in Building"",""Buzzer/Wireless Intercom"",Heating,""Smoke Detector"",""Carbon Monoxide Detector"",Essentials}","$90.00","",9,84,8,10,9,10,9,1.17,436
"2767",9386509,"f","Broadway",47.6270136929995,-122.316447466226,"Apartment","Entire home/apt",2,1,0,1,"Real Bed","{TV,""Cable TV"",Internet,""Wireless Internet"",Kitchen,""Buzzer/Wireless Intercom"",Heating,Washer,Dryer,Essentials,""24-Hour Check-in"",Hangers,""Hair Dryer"",Iron,""Laptop Friendly Workspace""}","$69.00","$25.00",4,90,10,9,10,10,9,4,478
"2768",1686958,"f","Broadway",47.6269624483327,-122.318508204932,"Apartment","Entire home/apt",3,1.5,2,2,"Real Bed","{TV,""Wireless Internet"",Kitchen,""Indoor Fireplace"",Heating,Washer,Dryer}","$130.00","",0,NA,NA,NA,NA,NA,NA,NA,480
"2769",8106277,"f","Broadway",47.6174995209421,-122.314097961685,"Apartment","Entire home/apt",6,1,2,2,"Real Bed","{TV,""Wireless Internet"",Kitchen,Heating,""Family/Kid Friendly"",""Smoke Detector"",""Carbon Monoxide Detector"",""First Aid Kit"",""Fire Extinguisher"",Essentials,Shampoo,""24-Hour Check-in""}","$135.00","$45.00",1,100,10,10,10,10,10,0.45,417
"2770",5422881,"f","Broadway",47.6234622147371,-122.32733703099,"Apartment","Private room",2,2,1,1,"Real Bed","{TV,""Cable TV"",Internet,""Wireless Internet"",""Air Conditioning"",Kitchen,""Buzzer/Wireless Intercom"",Heating,Washer,Dryer,""Smoke Detector"",Essentials,Shampoo,Hangers,""Laptop Friendly Workspace""}","$82.00","$25.00",0,NA,NA,NA,NA,NA,NA,NA,458
"2771",6812054,"f","Broadway",47.6230425699419,-122.319385543063,"Apartment","Entire home/apt",2,1,1,1,"Real Bed","{TV,""Wireless Internet"",Kitchen,""Buzzer/Wireless Intercom"",Heating,""Family/Kid Friendly"",Washer,Dryer,""Smoke Detector"",""Carbon Monoxide Detector"",""First Aid Kit"",""Fire Extinguisher"",Essentials,Shampoo}","$212.00","",4,95,10,10,10,10,9,0.64,454
"2772",5067177,"f","Broadway",47.6230248569002,-122.324294172727,"House","Private room",1,1,1,1,"Real Bed","{Internet,""Wireless Internet"",Kitchen,Heating,Washer,Dryer,""Smoke Detector"",""Carbon Monoxide Detector"",""Fire Extinguisher"",Essentials,Shampoo,""Lock on Bedroom Door"",""24-Hour Check-in"",Hangers,""Hair Dryer"",Iron,""Laptop Friendly Workspace""}","$47.00","",14,94,10,10,10,10,10,2.96,452
"2773",6689259,"f","Broadway",47.6160202418927,-122.314049212745,"Apartment","Entire home/apt",4,1,2,2,"Real Bed","{TV,""Wireless Internet"",Kitchen,Heating,""Family/Kid Friendly"",""Smoke Detector"",""Carbon Monoxide Detector"",""First Aid Kit"",""Safety Card"",""Fire Extinguisher"",Essentials,Shampoo,""24-Hour Check-in""}","$100.00","$45.00",0,NA,NA,NA,NA,NA,NA,NA,419
"2774",4231670,"f","Broadway",47.6178645889304,-122.322030064713,"Apartment","Entire home/apt",3,1,2,1,"Real Bed","{Internet,""Wireless Internet"",Kitchen,Heating,Washer,Dryer,""Smoke Detector"",""Carbon Monoxide Detector"",""First Aid Kit"",Essentials}","$100.00","",4,80,9,9,10,10,9,0.28,422
"2775",6951415,"f","Broadway",47.6216127259261,-122.320611409172,"Apartment","Entire home/apt",4,1,0,2,"Real Bed","{Internet,""Wireless Internet"",Kitchen,""Buzzer/Wireless Intercom"",Heating,Washer,Dryer,""Smoke Detector"",""Carbon Monoxide Detector"",""First Aid Kit"",Essentials,Shampoo}","$95.00","$50.00",16,95,9,10,10,10,9,2.54,445
"2776",7666155,"f","Broadway",47.6146445696769,-122.316833597631,"Apartment","Entire home/apt",2,1,1,1,"Real Bed","{TV,Internet,""Wireless Internet"",Kitchen,""Elevator in Building"",Heating,""Family/Kid Friendly"",Washer,Dryer,""Smoke Detector"",""Fire Extinguisher"",Essentials}","$239.00","$75.00",2,100,10,10,10,10,9,0.4,420
"2777",8934054,"f","Broadway",47.6269776183208,-122.324297974808,"Apartment","Private room",3,1,1,2,"Real Bed","{TV,""Cable TV"",Internet,""Wireless Internet"",""Air Conditioning"",Kitchen,""Pets Allowed"",Breakfast,""Pets live on this property"",Dog(s),""Elevator in Building"",Heating,""Family/Kid Friendly"",Washer,Dryer,""Smoke Detector"",""Carbon Monoxide Detector"",""First Aid Kit"",""Safety Card"",""Fire Extinguisher"",Essentials,Shampoo,Hangers,""Hair Dryer"",Iron,""Laptop Friendly Workspace""}","$75.00","$40.00",4,60,5,6,5,8,6,1.9,488
"2778",7601766,"f","Broadway",47.6159314060577,-122.325296754614,"Apartment","Private room",3,1,1,1,"Futon","{Internet,""Wireless Internet"",Kitchen,Breakfast,Heating,""Suitable for Events"",Washer,Dryer,""Smoke Detector"",""Carbon Monoxide Detector"",""First Aid Kit"",Essentials,Shampoo}","$75.00","$5.00",5,73,10,10,9,9,9,0.94,420
"2779",6954984,"f","Broadway",47.624242317673,-122.320922487288,"Apartment","Entire home/apt",3,1,1,2,"Real Bed","{TV,Internet,""Wireless Internet"",Kitchen,""Elevator in Building"",""Buzzer/Wireless Intercom"",Heating,Washer,Dryer,""Smoke Detector"",""Carbon Monoxide Detector"",Essentials,Shampoo}","$96.00","$60.00",3,100,10,10,10,10,10,2.57,466
"2780",8339428,"f","Broadway",47.6162597210477,-122.325542766445,"Condominium","Entire home/apt",2,1,1,1,"Real Bed","{TV,""Cable TV"",Internet,""Wireless Internet"",""Free Parking on Premises"",""Pets Allowed"",Gym,""Elevator in Building"",""Buzzer/Wireless Intercom"",Heating,""Family/Kid Friendly"",Washer,Dryer,""Smoke Detector"",""Carbon Monoxide Detector"",""First Aid Kit"",""Safety Card"",""Fire Extinguisher"",Essentials,Shampoo}","$90.00","$60.00",14,99,10,10,10,10,9,5.19,421
"2781",5160893,"t","Broadway",47.6214777252583,-122.319930782002,"Apartment","Private room",2,1,1,1,"Real Bed","{TV,""Wireless Internet"",Kitchen,""Free Parking on Premises"",""Pets Allowed"",Heating,Washer,Dryer,""Smoke Detector"",""Fire Extinguisher"",Shampoo}","$80.00","",105,95,9,10,10,10,9,9.38,444
"2782",7616507,"f","Broadway",47.6250087673787,-122.325976133778,"House","Entire home/apt",6,1,2,3,"Real Bed","{TV,Internet,""Wireless Internet"",Kitchen,""Pets Allowed"",Heating,""Fire Extinguisher"",Essentials}","$200.00","$25.00",17,96,9,10,10,10,9,3.38,468
"2783",23192,"f","Broadway",47.6223660249933,-122.315918000374,"Apartment","Entire home/apt",5,1,1,3,"Real Bed","{TV,""Cable TV"",""Wireless Internet"",""Air Conditioning"",Kitchen,Heating,Washer,Dryer,""Smoke Detector"",""Carbon Monoxide Detector"",""Fire Extinguisher"",Essentials,Shampoo}","$119.00","$80.00",7,100,10,10,10,10,10,0.22,440
"2784",9494415,"f","Broadway",47.6255118909209,-122.317091744961,"Apartment","Entire home/apt",2,1,0,1,"Real Bed","{TV,""Cable TV"",Internet,""Wireless Internet"",Kitchen,""Buzzer/Wireless Intercom"",Heating,Washer,Dryer,Essentials,""24-Hour Check-in"",Hangers,""Hair Dryer"",Iron,""Laptop Friendly Workspace""}","$69.00","$25.00",7,100,10,10,10,10,10,7,468
"2785",8241019,"f","Broadway",47.6232210054084,-122.315114761299,"Apartment","Entire home/apt",2,1,0,1,"Real Bed","{TV,Internet,""Wireless Internet"",Kitchen,Breakfast,Heating,Washer,Dryer,""Smoke Detector"",""Carbon Monoxide Detector"",""Fire Extinguisher"",Essentials,Shampoo}","$85.00","",0,NA,NA,NA,NA,NA,NA,NA,448
"2786",4652918,"f","Broadway",47.6257223308414,-122.320901116694,"House","Private room",1,1,1,1,"Real Bed","{Internet,""Wireless Internet"",Kitchen,Heating,Washer,Dryer,""Smoke Detector"",""Carbon Monoxide Detector"",""First Aid Kit"",""Fire Extinguisher""}","$69.00","$28.00",1,100,10,10,10,10,10,0.14,478
"2787",7618526,"f","Broadway",47.6174479875502,-122.322624768925,"Apartment","Private room",2,2,1,1,"Real Bed","{TV,Internet,""Wireless Internet"",Kitchen,""Pets live on this property"",""Other pet(s)"",Heating,Washer,Dryer,""Smoke Detector"",""Carbon Monoxide Detector"",""First Aid Kit"",""Fire Extinguisher"",Essentials,Shampoo}","$85.00","$35.00",2,100,9,10,10,9,8,0.44,422
"2788",5930806,"f","Broadway",47.6247937103066,-122.321772114991,"Apartment","Entire home/apt",2,1.5,1,1,"Real Bed","{TV,Internet,""Wireless Internet"",""Air Conditioning"",Kitchen,""Free Parking on Premises"",""Pets Allowed"",Gym,""Elevator in Building"",Heating,""Family/Kid Friendly"",Washer,Dryer,""Smoke Detector"",""Carbon Monoxide Detector"",Essentials,Shampoo}","$100.00","",0,NA,NA,NA,NA,NA,NA,NA,467
"2789",9407989,"f","Broadway",47.6197299334319,-122.316910588252,"Condominium","Private room",2,2,1,1,"Real Bed","{Internet,""Wireless Internet"",Kitchen,""Pets live on this property"",Dog(s),""Elevator in Building"",""Indoor Fireplace"",""Buzzer/Wireless Intercom"",Heating,Washer,Dryer,""Smoke Detector"",""Carbon Monoxide Detector"",""Fire Extinguisher"",Essentials,Shampoo,Hangers,""Hair Dryer""}","$150.00","$15.00",0,NA,NA,NA,NA,NA,NA,NA,424
"2790",6823597,"f","Broadway",47.620604114232,-122.322000241096,"Apartment","Entire home/apt",2,1,1,1,"Real Bed","{""Wireless Internet"",Kitchen,""Free Parking on Premises"",Heating,""Smoke Detector"",""Carbon Monoxide Detector"",""First Aid Kit"",""Safety Card"",""Fire Extinguisher"",Essentials,Shampoo}","$140.00","$30.00",23,98,10,10,10,10,10,3.47,433
"2791",5537446,"f","Broadway",47.6149180789365,-122.324111757537,"Condominium","Entire home/apt",3,1,1,1,"Real Bed","{TV,""Cable TV"",Internet,""Wireless Internet"",""Wheelchair Accessible"",Kitchen,""Free Parking on Premises"",""Pets Allowed"",""Elevator in Building"",""Buzzer/Wireless Intercom"",Heating,""Suitable for Events"",Washer,Dryer,""Smoke Detector"",Essentials,Shampoo,""24-Hour Check-in"",""Laptop Friendly Workspace""}","$150.00","",14,81,8,8,9,9,9,1.49,423
"2792",9436832,"t","Broadway",47.6209121343583,-122.314919410754,"Apartment","Entire home/apt",2,1,0,1,"Real Bed","{TV,Internet,""Wireless Internet"",Kitchen,Heating,Washer,Dryer,""Smoke Detector"",""Carbon Monoxide Detector"",""First Aid Kit"",Essentials,Shampoo,""24-Hour Check-in"",Hangers,""Hair Dryer"",Iron,""Laptop Friendly Workspace""}","$100.00","",10,100,10,10,10,10,10,7.32,435
"2793",9133711,"f","Broadway",47.6190977235781,-122.321400211724,"House","Entire home/apt",10,3,5,5,"Real Bed","{TV,Internet,""Wireless Internet"",Kitchen,Heating,""Family/Kid Friendly"",""Suitable for Events"",Washer,Dryer,""Smoke Detector"",""Carbon Monoxide Detector"",""First Aid Kit"",""Fire Extinguisher"",Shampoo,""Lock on Bedroom Door"",Hangers,""Laptop Friendly Workspace""}","$550.00","$175.00",0,NA,NA,NA,NA,NA,NA,NA,428
"2794",10157690,"f","Broadway",47.6195284079051,-122.328067197836,"Apartment","Entire home/apt",2,1,1,1,"Real Bed","{TV,""Wireless Internet"",Kitchen,""Free Parking on Premises"",Breakfast,""Elevator in Building"",Heating,Washer,Dryer,""Smoke Detector"",""Carbon Monoxide Detector"",""First Aid Kit"",Essentials,Shampoo,""24-Hour Check-in"",Hangers,Iron,""Laptop Friendly Workspace""}","$69.00","$40.00",0,NA,NA,NA,NA,NA,NA,NA,432
"2795",1122236,"f","Broadway",47.6233037925641,-122.325955845599,"Apartment","Entire home/apt",4,1,1,1,"Real Bed","{TV,""Cable TV"",Internet,""Wireless Internet"",""Air Conditioning"",Kitchen,Heating,""Family/Kid Friendly"",Washer,Dryer,Essentials}","$119.00","$88.00",45,95,10,10,10,10,9,1.39,458
"2796",4906490,"f","Broadway",47.6259015673425,-122.327329260555,"House","Entire home/apt",8,1.5,4,3,"Real Bed","{TV,""Wireless Internet"",Kitchen,""Free Parking on Premises"",""Family/Kid Friendly"",Washer,Dryer,""Smoke Detector"",""Carbon Monoxide Detector""}","$350.00","$85.00",2,100,10,10,10,10,10,0.2,478
"2797",7773668,"f","Broadway",47.614569006107,-122.327235800103,"Apartment","Private room",2,1,1,1,"Real Bed","{TV,""Wireless Internet"",Kitchen,""Elevator in Building"",""Buzzer/Wireless Intercom"",Heating,""Smoke Detector"",""First Aid Kit"",""Fire Extinguisher"",Shampoo}","$69.00","$35.00",18,100,10,10,10,10,10,3.78,423
"2798",458197,"f","Broadway",47.6249152396735,-122.319729295149,"House","Private room",2,2,1,2,"Real Bed","{TV,""Cable TV"",Internet,""Wireless Internet"",Kitchen,""Free Parking on Premises"",""Pets Allowed"",Heating,""Family/Kid Friendly"",""Suitable for Events"",Washer,Dryer}","$48.00","$39.00",7,83,9,10,9,9,9,0.16,465
"2799",458193,"f","Broadway",47.6247620534476,-122.320259703566,"House","Private room",4,2,1,2,"Real Bed","{TV,""Cable TV"",Internet,""Wireless Internet"",Kitchen,""Free Parking on Premises"",""Pets Allowed"",Heating,""Family/Kid Friendly"",""Suitable for Events"",Washer,Dryer}","$69.00","$42.00",6,96,9,10,10,10,8,0.14,465
"2800",458186,"f","Broadway",47.6234099526752,-122.319190523844,"House","Private room",2,2,1,1,"Real Bed","{TV,""Cable TV"",Internet,""Wireless Internet"",Kitchen,""Free Parking on Premises"",""Pets Allowed"",Heating,""Family/Kid Friendly"",""Suitable for Events"",Washer,Dryer}","$61.00","$39.00",14,95,9,9,10,10,10,0.32,455
"2801",458183,"f","Broadway",47.6247706845154,-122.31914268237,"House","Private room",2,2,1,1,"Real Bed","{TV,""Cable TV"",Internet,""Wireless Internet"",Kitchen,""Free Parking on Premises"",""Pets Allowed"",Heating,""Family/Kid Friendly"",""Suitable for Events"",Washer,Dryer}","$52.00","$39.00",9,91,10,9,10,10,9,0.26,463
"2802",941467,"t","Broadway",47.6307046140545,-122.32119831808,"House","Private room",2,1,1,1,"Real Bed","{Internet,""Wireless Internet"",""Wheelchair Accessible"",Kitchen,""Smoking Allowed"",Breakfast,""Indoor Fireplace"",Heating,""Family/Kid Friendly"",Washer,Dryer,""Smoke Detector"",""Carbon Monoxide Detector"",""First Aid Kit"",Essentials,Shampoo,""24-Hour Check-in"",Hangers,""Hair Dryer"",Iron,""Laptop Friendly Workspace""}","$95.00","$20.00",109,99,10,10,10,10,10,3.33,506
"2803",1039766,"f","Broadway",47.6219989115387,-122.322282388021,"Apartment","Private room",1,1,1,1,"Real Bed","{TV,""Cable TV"",Internet,""Wireless Internet"",""Air Conditioning"",Kitchen,""Free Parking on Premises"",""Pets live on this property"",Cat(s),""Indoor Fireplace"",Heating,Washer,Dryer,""Smoke Detector"",""First Aid Kit"",""Fire Extinguisher"",Essentials,Shampoo,""Lock on Bedroom Door""}","$60.00","$25.00",147,89,8,10,10,10,9,4.8,448
"2804",5078876,"t","Broadway",47.6217404825783,-122.31783945249,"Townhouse","Entire home/apt",5,2.5,2,2,"Real Bed","{TV,""Cable TV"",Internet,""Wireless Internet"",Kitchen,""Free Parking on Premises"",""Indoor Fireplace"",Heating,""Family/Kid Friendly"",Washer,Dryer,""Smoke Detector"",""Carbon Monoxide Detector"",""First Aid Kit"",""Fire Extinguisher"",Essentials,Shampoo}","$225.00","$100.00",13,98,10,10,10,10,9,3.94,440
"2805",5242712,"f","Broadway",47.6141972465156,-122.322788510247,"Apartment","Entire home/apt",2,1,0,1,"Real Bed","{TV,Internet,""Wireless Internet"",Kitchen,Heating,""Family/Kid Friendly"",Washer,Dryer,""Smoke Detector"",""First Aid Kit"",""Fire Extinguisher"",Essentials}","$60.00","$71.00",30,87,9,9,9,9,9,2.85,423
"2806",1539476,"t","Broadway",47.6189437817115,-122.326573156259,"Apartment","Private room",1,1,1,1,"Real Bed","{Internet,""Wireless Internet"",Kitchen,""Smoking Allowed"",Breakfast,""Pets live on this property"",Dog(s),""Buzzer/Wireless Intercom"",Heating,Washer,Dryer,""Smoke Detector"",""Carbon Monoxide Detector"",""First Aid Kit"",""Fire Extinguisher"",Essentials,Shampoo}","$75.00","",47,97,10,10,10,10,10,1.65,430
"2807",8626068,"f","Broadway",47.6207334031602,-122.317103216515,"Apartment","Entire home/apt",2,1,0,1,"Real Bed","{TV,""Cable TV"",""Wireless Internet"",""Buzzer/Wireless Intercom"",Heating,Washer,Dryer,""Smoke Detector"",""Carbon Monoxide Detector"",""First Aid Kit"",Essentials,Shampoo}","$100.00","$10.00",0,NA,NA,NA,NA,NA,NA,NA,433
"2808",8150395,"f","Broadway",47.6186479682862,-122.315311850062,"Apartment","Entire home/apt",3,1,1,1,"Real Bed","{Internet,""Wireless Internet"",Kitchen,""Free Parking on Premises"",Heating,""Smoke Detector"",""Carbon Monoxide Detector"",Essentials,Shampoo}","$93.00","$60.00",6,96,10,10,10,10,10,1.62,421
"2809",4824435,"f","Broadway",47.6394879592279,-122.322783037329,"Townhouse","Entire home/apt",4,1.5,2,2,"Real Bed","{TV,""Cable TV"",Internet,""Wireless Internet"",Kitchen,""Free Parking on Premises"",""Pets Allowed"",Heating,""Family/Kid Friendly"",Washer,Dryer,""Smoke Detector"",""Safety Card"",Essentials,Shampoo,""24-Hour Check-in"",Hangers,""Hair Dryer"",Iron,""Laptop Friendly Workspace""}","$165.00","$50.00",0,NA,NA,NA,NA,NA,NA,NA,432
"2810",4250639,"f","Broadway",47.6138761134988,-122.329277100548,"Apartment","Entire home/apt",4,1,2,3,"Real Bed","{""Cable TV"",""Wireless Internet"",Kitchen,""Free Parking on Premises"",""Elevator in Building"",Heating,""Family/Kid Friendly"",Washer,Dryer,""Smoke Detector"",""Carbon Monoxide Detector"",""First Aid Kit"",""Safety Card"",""Fire Extinguisher"",Essentials}","$139.00","$194.00",4,95,10,10,10,10,10,0.34,424
"2811",3652612,"f","Broadway",47.6184786589001,-122.324521753112,"Apartment","Entire home/apt",3,1,1,1,"Real Bed","{TV,Internet,""Wireless Internet"",""Wheelchair Accessible"",Kitchen,""Elevator in Building"",""Buzzer/Wireless Intercom"",Heating,Washer,Dryer,""Smoke Detector"",""Carbon Monoxide Detector"",Essentials,Shampoo}","$150.00","$40.00",23,93,9,10,10,10,10,1.39,430
"2812",3570691,"t","Broadway",47.6176388607028,-122.31467191119,"House","Entire home/apt",8,2.5,2,3,"Real Bed","{TV,Internet,""Wireless Internet"",Kitchen,""Free Parking on Premises"",Heating,""Family/Kid Friendly"",Washer,Dryer,""Smoke Detector"",""Carbon Monoxide Detector"",""First Aid Kit"",""Fire Extinguisher"",Essentials,Shampoo,""24-Hour Check-in"",Hangers,""Hair Dryer"",Iron,""Laptop Friendly Workspace""}","$350.00","$100.00",30,99,10,10,10,10,10,1.83,418
"2813",5495802,"f","Broadway",47.6180213698329,-122.317100279471,"Apartment","Entire home/apt",3,1.5,1,1,"Real Bed","{TV,""Cable TV"",Internet,""Wireless Internet"",Kitchen,""Free Parking on Premises"",""Pets live on this property"",Dog(s),""Indoor Fireplace"",Heating,Washer,Dryer,""Smoke Detector"",""Carbon Monoxide Detector"",""Fire Extinguisher"",Essentials,Shampoo}","$125.00","$45.00",19,94,10,10,10,10,9,2.38,419
"2814",8106263,"f","Broadway",47.6252812780164,-122.317686084986,"Apartment","Private room",2,1,1,1,"Real Bed","{TV,""Cable TV"",Internet,""Wireless Internet"",Kitchen,""Buzzer/Wireless Intercom"",Heating,""Suitable for Events"",Washer,Dryer,""Smoke Detector"",""Carbon Monoxide Detector"",""First Aid Kit"",""Fire Extinguisher"",Essentials,Shampoo,""Lock on Bedroom Door"",""24-Hour Check-in"",Hangers,""Hair Dryer"",Iron,""Laptop Friendly Workspace""}","$69.00","$25.00",0,NA,NA,NA,NA,NA,NA,NA,467
"2815",1204142,"f","Broadway",47.618560140267,-122.323438835305,"Apartment","Entire home/apt",2,1,1,1,"Real Bed","{Internet,""Wireless Internet"",Kitchen,Breakfast,Heating,Washer,Dryer,""Smoke Detector"",""Carbon Monoxide Detector"",Essentials}","$138.00","$50.00",96,94,9,10,10,10,9,3.04,428
"2816",6769696,"f","Broadway",47.6276730435386,-122.321093402738,"House","Private room",2,1,1,1,"Real Bed","{TV,""Cable TV"",Internet,""Wireless Internet"",""Air Conditioning"",Kitchen,""Free Parking on Premises"",""Hot Tub"",""Indoor Fireplace"",""Buzzer/Wireless Intercom"",Heating,""Suitable for Events"",Washer,Dryer,""Smoke Detector"",Essentials,Shampoo}","$138.00","$35.00",0,NA,NA,NA,NA,NA,NA,NA,489
"2817",6118291,"t","Broadway",47.6270232611412,-122.323464404678,"House","Private room",2,2,1,1,"Real Bed","{""Wireless Internet"",Kitchen,Heating,""Smoke Detector"",""Carbon Monoxide Detector"",""First Aid Kit"",""Safety Card"",""Fire Extinguisher"",Essentials,Shampoo}","$95.00","$20.00",46,97,10,10,10,10,10,5.54,488
"2818",5593981,"f","Broadway",47.624305732446,-122.32826630805,"Apartment","Entire home/apt",3,1,1,1,"Real Bed","{TV,""Cable TV"",Internet,""Wireless Internet"",Kitchen,Gym,""Pets live on this property"",Cat(s),""Elevator in Building"",""Indoor Fireplace"",""Buzzer/Wireless Intercom"",Heating,Washer,Dryer,""Smoke Detector"",Shampoo}","$145.00","",0,NA,NA,NA,NA,NA,NA,NA,463
"2819",9970805,"f","Broadway",47.6203325379344,-122.3162037422,"Apartment","Shared room",6,1,1,3,"Real Bed","{Internet,""Wireless Internet"",Kitchen,Heating,Essentials,Shampoo}","$39.00","$8.00",1,100,10,10,10,10,10,1,427
"2820",8673979,"f","Broadway",47.6186542442863,-122.314209098826,"Apartment","Entire home/apt",2,1,0,1,"Real Bed","{Internet,""Wireless Internet"",""Air Conditioning"",Kitchen,Heating,Washer,Dryer,""Smoke Detector"",""First Aid Kit"",Essentials,Shampoo}","$115.00","$25.00",4,90,10,10,10,10,8,1.33,420
"2821",3404914,"f","Broadway",47.6179786351582,-122.323158487576,"Apartment","Entire home/apt",2,1,1,1,"Real Bed","{TV,Internet,""Wireless Internet"",""Air Conditioning"",Kitchen,Heating,""Smoke Detector"",""Carbon Monoxide Detector"",""Fire Extinguisher"",Essentials}","$100.00","",0,NA,NA,NA,NA,NA,NA,NA,425
"2822",4782745,"f","Broadway",47.6173954065863,-122.315473065537,"Apartment","Entire home/apt",2,1,1,1,"Real Bed","{TV,""Cable TV"",""Wireless Internet"",Kitchen,""Free Parking on Premises"",Heating,""Smoke Detector"",Essentials}","$175.00","$90.00",2,100,10,10,10,10,10,0.43,420
"2823",4848255,"f","Broadway",47.6337231060117,-122.322345950103,"House","Private room",2,1,1,1,"Real Bed","{Internet,""Wireless Internet"",""Air Conditioning"",Heating,""Family/Kid Friendly"",Washer,Dryer,""Smoke Detector"",""Carbon Monoxide Detector"",""First Aid Kit"",""Fire Extinguisher"",Essentials,Shampoo}","$55.00","$20.00",19,95,10,10,10,9,10,1.56,494
"2824",2194715,"f","Broadway",47.6207645823921,-122.325788460588,"Apartment","Private room",2,1.5,1,1,"Real Bed","{Kitchen}","$82.00","$8.00",50,94,9,10,10,10,9,2.14,438
"2825",13068,"f","Broadway",47.6185465128365,-122.326318065528,"House","Entire home/apt",10,2,3,5,"Real Bed","{TV,""Cable TV"",Internet,""Wireless Internet"",""Air Conditioning"",Kitchen,""Pets Allowed"",""Hot Tub"",""Indoor Fireplace"",Heating,""Family/Kid Friendly"",Washer,Dryer,""Smoke Detector"",""Fire Extinguisher"",Essentials,Shampoo}","$360.00","$300.00",26,93,9,10,9,10,9,0.67,430
"2826",9137335,"f","Broadway",47.6186819465351,-122.321363142608,"House","Private room",2,1,1,1,"Real Bed","{TV,Internet,""Wireless Internet"",Kitchen,Heating,""Smoke Detector"",""Carbon Monoxide Detector"",""First Aid Kit"",""Fire Extinguisher"",Essentials,Shampoo,Hangers,""Laptop Friendly Workspace""}","$85.00","$30.00",0,NA,NA,NA,NA,NA,NA,NA,426
"2827",6659301,"f","Broadway",47.6235978323285,-122.31768174309,"Apartment","Entire home/apt",2,1,2,1,"Real Bed","{TV,Internet,""Wireless Internet"",Kitchen,Heating,Washer,Dryer,""Smoke Detector"",Essentials}","$150.00","",7,93,9,10,10,10,9,1.04,454
"2828",5479566,"f","Broadway",47.6207030329412,-122.318863608356,"Apartment","Entire home/apt",2,1,0,1,"Real Bed","{TV,Internet,""Wireless Internet"",Kitchen,""Elevator in Building"",Heating,""Smoke Detector"",""Carbon Monoxide Detector"",""First Aid Kit"",Essentials,Shampoo}","$68.00","$25.00",1,80,6,8,8,10,10,0.68,433
"2829",8273031,"f","Broadway",47.6150354444629,-122.315887764666,"Apartment","Entire home/apt",6,2,2,3,"Real Bed","{TV,Internet,""Wireless Internet"",""Wheelchair Accessible"",Kitchen,Gym,""Elevator in Building"",""Buzzer/Wireless Intercom"",Heating,""Family/Kid Friendly"",Washer,Dryer,""Smoke Detector"",""Carbon Monoxide Detector"",Essentials,Shampoo,Hangers,""Hair Dryer"",Iron,""Laptop Friendly Workspace""}","$600.00","$50.00",1,100,10,10,10,10,10,0.35,420
"2830",7363701,"f","Broadway",47.6281259703829,-122.327239897747,"Apartment","Entire home/apt",3,1,1,2,"Real Bed","{TV,Internet,""Wireless Internet"",""Wheelchair Accessible"",Kitchen,""Indoor Fireplace"",Heating,""Family/Kid Friendly"",Washer,Dryer,""Smoke Detector"",""First Aid Kit"",Essentials,Shampoo}","$149.00","$30.00",11,90,9,10,10,9,9,2.01,495
"2831",7984738,"f","Broadway",47.6236040294208,-122.319437444292,"House","Shared room",1,1,1,1,"Real Bed","{Internet,""Wireless Internet"",Kitchen,Heating,Washer,Dryer,""Smoke Detector"",Essentials}","$62.00","$35.00",0,NA,NA,NA,NA,NA,NA,NA,456
"2832",3930681,"f","Broadway",47.6230131862135,-122.322742049662,"Apartment","Entire home/apt",3,1,1,1,"Real Bed","{TV,Internet,""Wireless Internet"",Kitchen,Heating,Washer,Dryer,""Smoke Detector"",""Carbon Monoxide Detector"",""First Aid Kit"",Essentials,Shampoo,""24-Hour Check-in"",Hangers,""Hair Dryer"",""Laptop Friendly Workspace""}","$111.00","",52,93,9,10,10,10,9,3.26,450
"2833",7518794,"f","Broadway",47.6170547800201,-122.325925049819,"Apartment","Entire home/apt",2,1,0,1,"Real Bed","{Internet,""Wireless Internet"",Kitchen,Heating,""Smoke Detector"",""Carbon Monoxide Detector"",""Fire Extinguisher"",Essentials}","$120.00","$75.00",7,94,9,10,10,10,10,1.35,424
"2834",8755762,"f","Broadway",47.6155126342199,-122.322649374006,"Apartment","Entire home/apt",4,1,1,2,"Real Bed","{TV,""Cable TV"",Internet,""Wireless Internet"",Kitchen,Heating,""Family/Kid Friendly"",""Suitable for Events"",Washer,Dryer,""Smoke Detector"",""First Aid Kit"",Essentials,Shampoo}","$96.00","$10.00",15,92,8,10,10,10,9,9,419
"2835",7535055,"f","Broadway",47.6209813214775,-122.323963755156,"Apartment","Entire home/apt",2,1,1,1,"Real Bed","{TV,""Wireless Internet"",Kitchen,""Elevator in Building"",""Indoor Fireplace"",""Buzzer/Wireless Intercom"",Heating,Washer,Dryer,""Smoke Detector"",""Fire Extinguisher"",Essentials}","$150.00","$75.00",1,100,10,10,10,10,10,0.26,437
"2836",4241862,"f","Broadway",47.6309274228748,-122.324564958108,"Apartment","Entire home/apt",2,1,1,1,"Real Bed","{TV,Internet,""Wireless Internet"",Kitchen,""Free Parking on Premises"",Breakfast,Heating,""Smoke Detector"",""Carbon Monoxide Detector"",""First Aid Kit"",Essentials,Shampoo}","$100.00","$20.00",22,92,9,10,10,9,9,1.47,503
"2837",9509279,"f","Broadway",47.6150616897829,-122.322740031178,"Apartment","Entire home/apt",2,1,1,1,"Real Bed","{TV,Kitchen,Gym,""Elevator in Building"",Heating,Washer,Dryer,""Smoke Detector"",""Carbon Monoxide Detector""}","$100.00","",4,80,6,10,10,10,9,2.93,423
"2838",6822322,"f","Broadway",47.6158774030079,-122.314296716587,"Apartment","Entire home/apt",4,1,1,2,"Real Bed","{Internet,""Wireless Internet"",Kitchen,Heating,""Family/Kid Friendly"",Washer,Dryer,""Smoke Detector"",""Carbon Monoxide Detector"",""First Aid Kit"",Essentials,Shampoo}","$105.00","$25.00",13,87,9,9,10,10,9,2.13,419
"2839",2628010,"t","Broadway",47.6230460345034,-122.320465399814,"Apartment","Entire home/apt",6,2,2,2,"Real Bed","{TV,""Cable TV"",Internet,""Wireless Internet"",Kitchen,Gym,""Elevator in Building"",Washer,Dryer,""Smoke Detector"",""Fire Extinguisher"",Essentials,Shampoo}","$209.00","$65.00",29,97,9,10,10,10,9,1.48,452
"2840",4077920,"f","Broadway",47.6153091939509,-122.318382107815,"Apartment","Entire home/apt",5,1,1,2,"Real Bed","{TV,""Wireless Internet"",Kitchen,""Buzzer/Wireless Intercom"",Heating,""Smoke Detector""}","$250.00","",1,100,10,10,10,10,10,0.19,424
"2841",10157880,"f","Broadway",47.6252547559567,-122.326084299926,"Apartment","Entire home/apt",2,1,1,1,"Real Bed","{""Cable TV"",""Wireless Internet"",""Air Conditioning"",Kitchen,""Free Parking on Premises"",""Elevator in Building"",""Hot Tub"",Heating,Washer,Dryer,""Smoke Detector"",Essentials,Shampoo,""Hair Dryer""}","$82.00","$50.00",0,NA,NA,NA,NA,NA,NA,NA,472
"2842",4766173,"f","Broadway",47.6201709054107,-122.323839471833,"Apartment","Entire home/apt",2,1,0,1,"Real Bed","{Internet,""Wireless Internet"",Kitchen,Heating,""Smoke Detector"",Essentials,Shampoo}","$110.00","$10.00",11,91,9,10,10,10,9,0.93,434
"2843",5946151,"f","Broadway",47.6223536222263,-122.322015931872,"Apartment","Entire home/apt",2,1,0,1,"Real Bed","{TV,Kitchen,Heating,Washer,Dryer,""Smoke Detector"",""Carbon Monoxide Detector"",Essentials,Shampoo}","$125.00","",15,87,9,9,10,10,9,1.73,448
"2844",2970666,"f","Broadway",47.6231986545612,-122.325250537204,"Apartment","Entire home/apt",4,1,1,2,"Real Bed","{TV,""Cable TV"",Internet,""Wireless Internet"",""Air Conditioning"",Kitchen,""Buzzer/Wireless Intercom"",Heating,""Family/Kid Friendly"",Washer,Dryer,""Smoke Detector"",""Carbon Monoxide Detector"",""First Aid Kit"",""Fire Extinguisher"",Essentials}","$109.00","$88.00",44,94,10,10,10,9,9,2.27,457
"2845",7308331,"t","Broadway",47.6235934095338,-122.316826538583,"Apartment","Entire home/apt",6,1,2,4,"Real Bed","{TV,""Cable TV"",Internet,""Wireless Internet"",Kitchen,""Free Parking on Premises"",Heating,Washer,Dryer,""Smoke Detector"",""Carbon Monoxide Detector"",Essentials,Shampoo}","$198.00","$120.00",5,96,10,10,10,9,10,0.9,454
"2846",3946631,"f","Broadway",47.6217998872679,-122.32124544372,"Apartment","Entire home/apt",2,1,1,1,"Real Bed","{}","$160.00","$60.00",8,95,10,10,9,10,9,0.49,445
"2847",7329915,"f","Broadway",47.624981077454,-122.316487482229,"Apartment","Entire home/apt",2,1,1,1,"Real Bed","{TV,Internet,""Wireless Internet"",""Air Conditioning"",""Wheelchair Accessible"",Kitchen,""Elevator in Building"",Heating,Washer,Dryer,""Smoke Detector"",""First Aid Kit"",""Safety Card"",""Fire Extinguisher"",Essentials}","$126.00","$50.00",3,100,10,10,10,9,10,0.54,460
"2848",6436976,"f","Broadway",47.6235854654816,-122.326656357115,"Apartment","Entire home/apt",2,1,1,1,"Real Bed","{TV,Internet,""Wireless Internet"",Kitchen,""Free Parking on Premises"",""Elevator in Building"",""Buzzer/Wireless Intercom"",Heating,""Family/Kid Friendly"",Washer,Dryer,""Smoke Detector"",Essentials,Shampoo}","$99.00","$100.00",24,90,9,10,10,10,9,3.51,457
"2849",9328692,"f","Broadway",47.6252934243122,-122.317576386451,"Apartment","Entire home/apt",1,1,0,1,"Real Bed","{TV,""Cable TV"",Internet,""Wireless Internet"",Heating,Washer,Dryer,""Fire Extinguisher"",Essentials,Shampoo,""24-Hour Check-in"",Hangers,""Hair Dryer"",Iron,""Laptop Friendly Workspace""}","$49.00","$25.00",0,NA,NA,NA,NA,NA,NA,NA,467
"2850",9117301,"t","Broadway",47.6204025086469,-122.319309149675,"Apartment","Entire home/apt",2,1,1,1,"Real Bed","{TV,""Wireless Internet"",Kitchen,""Free Parking on Premises"",Breakfast,Heating,Essentials,Shampoo,Hangers,""Hair Dryer"",Iron,""Laptop Friendly Workspace""}","$99.00","",0,NA,NA,NA,NA,NA,NA,NA,431
"2851",2898401,"f","Broadway",47.6186889398536,-122.322187036606,"Apartment","Entire home/apt",4,1,1,1,"Real Bed","{TV,Internet,""Wireless Internet"",""Air Conditioning"",Kitchen,Gym,""Elevator in Building"",""Hot Tub"",Heating,""Family/Kid Friendly"",Washer,Dryer,""Smoke Detector"",""Carbon Monoxide Detector"",Essentials}","$100.00","$70.00",21,91,9,9,8,10,9,1.14,426
"2852",8193516,"f","Broadway",47.6153809789531,-122.324128934066,"Apartment","Private room",2,1,1,1,"Real Bed","{TV,""Cable TV"",Internet,""Wireless Internet"",Kitchen,""Elevator in Building"",Heating,""Smoke Detector"",""Carbon Monoxide Detector"",""First Aid Kit"",""Safety Card"",Essentials}","$82.00","$5.00",9,93,9,10,10,10,9,2.25,420
"2853",3766285,"f","Broadway",47.6239311087711,-122.322586190886,"Apartment","Private room",1,1,1,1,"Real Bed","{Internet,""Wireless Internet"",Kitchen,""Elevator in Building"",Heating,Washer,Dryer,""Smoke Detector"",Essentials,Shampoo}","$80.00","$50.00",1,80,6,10,6,10,6,0.12,461
"2854",1520581,"f","Broadway",47.623838970147,-122.321760054783,"House","Shared room",1,0.5,1,1,"Real Bed","{Internet,""Wireless Internet"",Kitchen,""Free Parking on Premises"",Heating,Washer,Dryer}","$65.00","$35.00",9,91,7,10,10,10,9,0.36,461
"2855",1349175,"f","Broadway",47.6341739857759,-122.322232179989,"House","Private room",4,1,1,1,"Real Bed","{Internet,""Wireless Internet"",Kitchen,""Free Parking on Premises"",""Pets live on this property"",Dog(s),Heating,""Family/Kid Friendly"",""Suitable for Events"",Washer,Dryer,""Smoke Detector"",""Carbon Monoxide Detector"",""First Aid Kit"",""Fire Extinguisher"",Essentials,Shampoo}","$80.00","",158,96,10,10,10,10,9,5.25,487
"2856",5633607,"f","Broadway",47.6181292914341,-122.314837133571,"Apartment","Private room",2,1,1,1,"Real Bed","{TV,Internet,""Wireless Internet"",Kitchen,""Indoor Fireplace"",""Buzzer/Wireless Intercom"",Heating,Washer,Dryer,""Smoke Detector"",""Carbon Monoxide Detector"",""First Aid Kit"",Essentials,Shampoo}","$39.00","$18.00",66,95,9,10,10,10,9,6.83,420
"2857",9836113,"f","Broadway",47.6241532577878,-122.318227131629,"Apartment","Entire home/apt",1,1,0,1,"Real Bed","{TV,""Cable TV"",Internet,""Wireless Internet"",Kitchen,""Buzzer/Wireless Intercom"",Heating,Washer,Dryer,""Smoke Detector"",""Carbon Monoxide Detector"",""First Aid Kit"",""Fire Extinguisher"",Essentials,""24-Hour Check-in"",Hangers,""Hair Dryer"",Iron,""Laptop Friendly Workspace""}","$49.00","$25.00",0,NA,NA,NA,NA,NA,NA,NA,458
"2858",5510720,"f","Broadway",47.6144578339158,-122.314269735531,"Apartment","Entire home/apt",2,1,1,1,"Real Bed","{TV,""Wireless Internet"",""Wheelchair Accessible"",Kitchen,""Elevator in Building"",Heating,Washer,Dryer,""Smoke Detector"",""Carbon Monoxide Detector"",Essentials,Shampoo}","$125.00","$40.00",21,99,10,10,10,10,10,2.24,418
"2859",6837819,"f","Broadway",47.620264144476,-122.322463638976,"Apartment","Entire home/apt",2,1,1,1,"Real Bed","{TV,""Cable TV"",Internet,""Wireless Internet"",Kitchen,""Smoke Detector"",""Carbon Monoxide Detector"",Essentials,Shampoo}","$150.00","$35.00",3,87,10,10,10,10,9,0.48,434
"2860",8050232,"f","Broadway",47.6139085693219,-122.329030169446,"Apartment","Entire home/apt",1,1,1,1,"Real Bed","{Kitchen,""Smoking Allowed"",Heating,""Smoke Detector"",""Carbon Monoxide Detector"",Essentials,Shampoo}","$90.00","",10,74,5,9,9,9,7,2.48,424
"2861",9386179,"f","Broadway",47.6257267798579,-122.317307594226,"Apartment","Entire home/apt",2,1,0,1,"Real Bed","{TV,Internet,""Wireless Internet"",Kitchen,""Buzzer/Wireless Intercom"",Heating,Washer,Dryer,Essentials,""24-Hour Check-in"",Hangers,""Hair Dryer"",Iron,""Laptop Friendly Workspace""}","$69.00","$25.00",6,83,10,10,10,9,9,4.62,469
"2862",4184211,"f","Broadway",47.6244706899023,-122.318499169417,"Apartment","Private room",2,1,1,1,"Real Bed","{""Wireless Internet"",Kitchen,Heating,Washer,Dryer,""Smoke Detector"",""Carbon Monoxide Detector"",""Fire Extinguisher"",Essentials,Shampoo}","$104.00","$30.00",22,100,10,10,10,10,10,1.59,462
"2863",3732949,"f","Broadway",47.6236201977547,-122.316966566508,"Apartment","Entire home/apt",5,1,1,2,"Real Bed","{TV,Internet,""Wireless Internet"",""Air Conditioning"",""Wheelchair Accessible"",Kitchen,""Free Parking on Premises"",""Smoking Allowed"",""Pets Allowed"",""Pets live on this property"",Dog(s),""Elevator in Building"",""Indoor Fireplace"",""Buzzer/Wireless Intercom"",Heating,Washer,Dryer,""Smoke Detector"",Essentials,Shampoo}","$180.00","$80.00",8,94,9,10,9,10,8,0.48,453
"2864",1348777,"f","Broadway",47.6258102249568,-122.319265819925,"Apartment","Private room",2,1,1,1,"Real Bed","{TV,""Cable TV"",Internet,""Wireless Internet"",Kitchen,Gym,""Elevator in Building"",""Buzzer/Wireless Intercom"",Heating,Washer,Dryer,""Smoke Detector"",""Carbon Monoxide Detector"",""First Aid Kit"",""Safety Card"",""Fire Extinguisher"",Essentials,Shampoo}","$150.00","$20.00",14,94,9,9,10,9,9,0.48,473
"2865",317248,"t","Broadway",47.6233621581137,-122.316677816153,"Apartment","Entire home/apt",7,2,2,4,"Real Bed","{TV,""Cable TV"",Internet,""Wireless Internet"",Kitchen,""Free Parking on Premises"",Heating,Washer,Dryer,""Smoke Detector"",""Fire Extinguisher"",Essentials,Shampoo}","$240.00","$120.00",11,100,10,10,10,9,10,0.26,453
"2866",6182715,"f","Broadway",47.6153639318888,-122.314830921839,"Apartment","Entire home/apt",2,1,0,1,"Pull-out Sofa","{Kitchen,Heating,Washer,Dryer,""Smoke Detector"",Essentials,Shampoo,Hangers}","$70.00","$40.00",1,100,10,10,10,10,10,1,419
"2867",8943380,"f","Broadway",47.6217582107684,-122.325840160707,"Apartment","Entire home/apt",4,1,0,1,"Real Bed","{TV,""Wireless Internet"",Kitchen,""Elevator in Building"",Heating,Washer,Dryer,""Smoke Detector"",""Carbon Monoxide Detector"",""Fire Extinguisher"",Iron}","$99.00","$25.00",0,NA,NA,NA,NA,NA,NA,NA,442
"2868",6076158,"t","Broadway",47.6186085960277,-122.31969663396,"Cabin","Entire home/apt",2,1,1,2,"Real Bed","{TV,Internet,""Wireless Internet"",""Air Conditioning"",Kitchen,""Free Parking on Premises"",Heating,""Smoke Detector"",""Carbon Monoxide Detector"",""Safety Card"",""Fire Extinguisher"",Essentials,Shampoo}","$99.00","",15,99,10,10,10,10,10,1.89,424
"2869",384797,"f","Broadway",47.6256981038305,-122.320953621963,"House","Entire home/apt",16,2,6,9,"Real Bed","{TV,Internet,""Wireless Internet"",Kitchen,""Pets Allowed"",""Hot Tub"",""Indoor Fireplace"",Heating,""Family/Kid Friendly"",""Suitable for Events"",Washer,Dryer,""Smoke Detector"",""Fire Extinguisher"",Essentials,Shampoo}","$673.00","$300.00",21,97,10,10,10,10,9,0.48,478
"2870",7901318,"f","Broadway",47.6183824207965,-122.324534866896,"Apartment","Entire home/apt",3,1,1,2,"Real Bed","{Internet,""Wireless Internet"",Kitchen,""Elevator in Building"",""Buzzer/Wireless Intercom"",Heating,""Family/Kid Friendly"",Washer,Dryer,""Smoke Detector"",""Carbon Monoxide Detector"",""First Aid Kit"",Essentials,Shampoo,Hangers,""Hair Dryer"",""Laptop Friendly Workspace""}","$98.00","$25.00",5,100,10,10,10,10,10,1.11,429
"2871",7614244,"f","Broadway",47.6251034904133,-122.326523064937,"Apartment","Private room",4,1,1,2,"Real Bed","{TV,Internet,""Pets Allowed"",Shampoo}","$105.00","",1,NA,NA,NA,NA,NA,NA,1,469
"2872",458189,"f","Broadway",47.6239824370537,-122.32037419152,"House","Private room",2,2,1,1,"Real Bed","{TV,""Cable TV"",Internet,""Wireless Internet"",Kitchen,""Free Parking on Premises"",""Pets Allowed"",Heating,""Family/Kid Friendly"",""Suitable for Events"",Washer,Dryer}","$63.00","$39.00",14,99,10,10,9,10,9,0.4,461
"2873",5386937,"f","Broadway",47.6160064214129,-122.31307817234,"Apartment","Entire home/apt",4,1,1,2,"Real Bed","{TV,Internet,""Wireless Internet"",Kitchen,""Pets live on this property"",Dog(s),Cat(s),""Buzzer/Wireless Intercom"",Heating,""Family/Kid Friendly"",Washer,Dryer,""Smoke Detector"",""Carbon Monoxide Detector"",""First Aid Kit"",""Safety Card"",""Fire Extinguisher"",Essentials,Shampoo}","$120.00","$40.00",51,96,10,10,10,10,9,4.83,419
"2874",8684315,"f","Broadway",47.6276696810428,-122.32144809657,"Townhouse","Private room",2,1.5,1,1,"Real Bed","{TV,""Cable TV"",Internet,""Wireless Internet"",Kitchen,""Pets Allowed"",""Pets live on this property"",Dog(s),""Indoor Fireplace"",""Buzzer/Wireless Intercom"",Heating,""Family/Kid Friendly"",Washer,Dryer,""Smoke Detector"",""Carbon Monoxide Detector"",""First Aid Kit"",""Safety Card"",Essentials,Shampoo,Hangers,Iron}","$78.00","$20.00",9,100,10,10,10,10,10,3.51,490
"2875",3412630,"f","Broadway",47.6180772340502,-122.318863574659,"Apartment","Entire home/apt",4,1.5,2,2,"Real Bed","{TV,""Cable TV"",Internet,""Wireless Internet"",Kitchen,""Indoor Fireplace"",Heating,Washer,Dryer,Essentials,Shampoo}","$195.00","$95.00",32,97,10,10,10,10,9,1.81,421
"2876",7054225,"f","Broadway",47.6172606771259,-122.323944692183,"Apartment","Entire home/apt",2,1,1,1,"Real Bed","{TV,""Wireless Internet"",Kitchen,""Elevator in Building"",""Smoke Detector"",""Carbon Monoxide Detector"",""First Aid Kit"",""Fire Extinguisher"",Essentials,Shampoo}","$200.00","$25.00",6,100,10,10,10,10,10,1.02,421
"2877",1775016,"f","Broadway",47.6256341934317,-122.324663331476,"House","Private room",2,1.5,1,1,"Real Bed","{""Cable TV"",Internet,""Wireless Internet"",Kitchen,Heating,""Family/Kid Friendly"",""Suitable for Events"",Washer,Dryer,""Smoke Detector"",""Carbon Monoxide Detector"",""First Aid Kit"",""Fire Extinguisher"",Essentials,Shampoo}","$79.00","$25.00",67,93,10,10,10,10,9,4.35,477
"2878",9835920,"f","Broadway",47.6252995164538,-122.316546376357,"Apartment","Entire home/apt",2,1,0,1,"Real Bed","{TV,""Cable TV"",Internet,""Wireless Internet"",Kitchen,""Buzzer/Wireless Intercom"",Heating,Washer,Dryer,""Smoke Detector"",""Carbon Monoxide Detector"",""First Aid Kit"",""Fire Extinguisher"",Essentials,""24-Hour Check-in"",Hangers,""Hair Dryer"",Iron,""Laptop Friendly Workspace""}","$69.00","$25.00",0,NA,NA,NA,NA,NA,NA,NA,463
"2879",4223597,"f","Broadway",47.6169439168472,-122.316490086277,"Apartment","Entire home/apt",4,2,2,2,"Real Bed","{TV,Internet,""Wireless Internet"",Kitchen,Heating,""Family/Kid Friendly"",Washer,Dryer,""Smoke Detector"",""Carbon Monoxide Detector"",Essentials}","$195.00","$95.00",25,95,10,10,10,10,9,1.73,421
"2880",1976382,"f","Broadway",47.6218032412126,-122.325247901191,"Apartment","Entire home/apt",4,1,1,1,"Real Bed","{TV,""Cable TV"",Internet,""Wireless Internet"",""Air Conditioning"",Kitchen,Heating,""Family/Kid Friendly"",Washer,Dryer}","$119.00","$88.00",32,95,10,10,10,10,9,1.4,442
"2881",3396140,"t","Broadway",47.6156230064447,-122.315214834978,"Apartment","Private room",2,1,1,1,"Real Bed","{Internet,""Wireless Internet"",Kitchen,Heating,Washer,Dryer,""Smoke Detector"",""Carbon Monoxide Detector"",""First Aid Kit"",""Fire Extinguisher"",Essentials,Shampoo}","$75.00","$7.00",72,98,10,10,10,10,9,3.88,421
"2882",1782140,"t","Broadway",47.6208320522319,-122.322806123652,"Apartment","Entire home/apt",2,1,1,1,"Futon","{""Wireless Internet"",Kitchen,""Buzzer/Wireless Intercom"",Heating,Washer,Dryer,""Smoke Detector"",""Carbon Monoxide Detector"",Essentials,Shampoo}","$99.00","$35.00",87,94,10,10,10,10,9,3.27,433
"2883",430453,"f","Broadway",47.6139888733625,-122.32778916791,"Apartment","Entire home/apt",2,1,1,1,"Real Bed","{TV,Internet,""Wireless Internet"",Kitchen,""Elevator in Building"",Heating,Washer,Dryer,""Smoke Detector"",Essentials,Shampoo}","$149.00","$25.00",48,97,9,10,10,10,9,1.46,423
"2884",1633986,"t","Broadway",47.6153031471932,-122.327702087831,"Apartment","Entire home/apt",2,1,1,1,"Real Bed","{TV,Internet,""Wireless Internet"",Kitchen,""Elevator in Building"",Heating,Washer,Dryer,""Smoke Detector"",""Carbon Monoxide Detector"",Essentials}","$199.00","$71.00",32,96,9,10,10,10,9,1.8,421
"2885",9507115,"f","Broadway",47.624436724098,-122.318111856364,"Apartment","Entire home/apt",2,1,0,1,"Real Bed","{TV,""Cable TV"",Internet,""Wireless Internet"",Kitchen,""Buzzer/Wireless Intercom"",Heating,Washer,Dryer,Essentials,""24-Hour Check-in"",Hangers,""Hair Dryer"",Iron,""Laptop Friendly Workspace""}","$69.00","$25.00",1,80,10,10,10,8,8,1,460
"2886",8926060,"f","Broadway",47.6251745924337,-122.325161323544,"Apartment","Private room",2,1,1,1,"Real Bed","{TV,Internet,""Wireless Internet"",Kitchen,""Indoor Fireplace"",Heating,Washer,Dryer,""Smoke Detector"",""Carbon Monoxide Detector"",Essentials,Shampoo}","$69.00","$24.00",2,100,10,10,10,10,10,1.33,471
"2887",1520449,"f","Broadway",47.6240941258715,-122.319695238509,"House","Shared room",1,0.5,1,1,"Real Bed","{Internet,""Wireless Internet"",Kitchen,""Free Parking on Premises"",Heating,Washer,Dryer}","$49.00","$35.00",7,91,9,10,10,10,9,0.25,463
"2888",7697170,"t","Broadway",47.6293838427878,-122.321749161866,"Apartment","Entire home/apt",6,1,2,4,"Real Bed","{TV,""Cable TV"",Internet,""Wireless Internet"",Kitchen,Heating,""Family/Kid Friendly"",Washer,Dryer,""Smoke Detector"",Essentials,Shampoo}","$239.00","$120.00",15,97,10,10,10,10,9,3.06,498
"2889",1511620,"f","Broadway",47.6252874339357,-122.319424838429,"House","Shared room",1,0.5,1,1,"Real Bed","{Internet,""Wireless Internet"",Kitchen,""Free Parking on Premises"",Heating,Washer,Dryer}","$49.00","$35.00",8,93,8,10,10,10,9,0.29,469
"2890",9411935,"f","Broadway",47.6186564033378,-122.324837510129,"Apartment","Shared room",2,1,1,1,"Futon","{""Wireless Internet"",Kitchen,""Hot Tub"",Heating,Washer,Dryer,""Smoke Detector"",""Carbon Monoxide Detector"",Essentials,Shampoo,""Hair Dryer"",Iron}","$29.00","",2,80,8,8,9,9,9,1.28,427
"2891",1355094,"f","Broadway",47.623282637009,-122.323776516642,"House","Private room",2,1,1,1,"Real Bed","{Internet,""Wireless Internet"",Kitchen,Heating,Washer,Dryer,""Smoke Detector"",""Carbon Monoxide Detector"",""First Aid Kit"",""Fire Extinguisher"",Essentials,Shampoo,""Lock on Bedroom Door"",""24-Hour Check-in"",Hangers,""Hair Dryer"",Iron,""Laptop Friendly Workspace""}","$68.00","",67,91,9,10,10,10,9,2.26,453
"2892",6305798,"f","Broadway",47.6259573038121,-122.317804685863,"Apartment","Entire home/apt",4,1,2,2,"Real Bed","{Internet,""Wireless Internet"",Kitchen,Heating,Washer,Dryer,""Smoke Detector"",""Carbon Monoxide Detector"",Essentials}","$134.00","",1,100,10,10,10,10,10,0.13,473
"2893",4009295,"t","Broadway",47.6182231148292,-122.32319176339,"Apartment","Entire home/apt",3,1,1,1,"Real Bed","{TV,Internet,""Wireless Internet"",Kitchen,""Elevator in Building"",Heating,Washer,Dryer,""Smoke Detector"",""Carbon Monoxide Detector"",""First Aid Kit"",""Safety Card"",""Fire Extinguisher"",Essentials,Shampoo}","$169.00","$50.00",44,94,10,10,10,10,9,2.72,426
"2894",10334184,"f","Broadway",47.626500394696,-122.319851433063,"Apartment","Entire home/apt",2,1,1,1,"Real Bed","{TV,Internet,""Wireless Internet"",Kitchen,""Free Parking on Premises"",Heating,""Family/Kid Friendly"",""Smoke Detector"",""Carbon Monoxide Detector"",""Fire Extinguisher"",Essentials,Hangers,Iron,""Laptop Friendly Workspace""}","$120.00","",0,NA,NA,NA,NA,NA,NA,NA,483
"2895",1159111,"f","Broadway",47.6148423974794,-122.323569142919,"Apartment","Entire home/apt",6,1,2,3,"Real Bed","{TV,""Cable TV"",Internet,""Wireless Internet"",""Air Conditioning"",Kitchen,""Buzzer/Wireless Intercom"",Heating,""Family/Kid Friendly"",Washer,Dryer,""Smoke Detector"",""Carbon Monoxide Detector"",""First Aid Kit"",""Fire Extinguisher"",Essentials,Shampoo}","$204.00","$60.00",31,92,10,10,10,9,9,0.99,423
"2896",9368573,"f","Broadway",47.6355640448624,-122.321561887869,"Apartment","Entire home/apt",6,2.5,2,2,"Real Bed","{TV,""Cable TV"",Internet,""Wireless Internet"",Kitchen,""Indoor Fireplace"",Heating,""Family/Kid Friendly"",Washer,Dryer,""Smoke Detector"",""Fire Extinguisher"",Essentials,Shampoo,""24-Hour Check-in"",Hangers,""Hair Dryer"",Iron}","$295.00","$175.00",0,NA,NA,NA,NA,NA,NA,NA,456
"2897",3773417,"f","Broadway",47.6236183479636,-122.322454140742,"Apartment","Entire home/apt",3,1,2,2,"Real Bed","{Internet,Kitchen,""Free Parking on Premises"",""Elevator in Building"",Heating,Washer,Dryer,Essentials}","$152.00","$50.00",4,95,10,10,10,10,9,0.24,460
"2898",9327585,"f","Broadway",47.6246233496781,-122.316162148478,"Apartment","Entire home/apt",2,1,0,1,"Real Bed","{TV,""Cable TV"",Internet,""Wireless Internet"",Kitchen,Heating,Washer,Dryer,""Fire Extinguisher"",Essentials,Shampoo,""24-Hour Check-in"",Hangers,""Hair Dryer"",Iron,""Laptop Friendly Workspace""}","$69.00","$25.00",10,90,10,9,9,10,9,5.45,456
"2899",6492056,"t","Broadway",47.6251185451349,-122.322959329285,"House","Entire home/apt",6,2,2,3,"Real Bed","{""Wireless Internet"",Kitchen,""Free Parking on Premises"",Heating,""Smoke Detector"",""Carbon Monoxide Detector"",""First Aid Kit"",""Safety Card"",""Fire Extinguisher"",Essentials,Shampoo,Hangers,""Hair Dryer"",Iron}","$420.00","$150.00",0,NA,NA,NA,NA,NA,NA,NA,471
"2900",7073650,"f","Broadway",47.6274820270177,-122.316153122979,"Apartment","Entire home/apt",2,1,1,1,"Real Bed","{TV,Internet,""Wireless Internet"",""Wheelchair Accessible"",Kitchen,""Elevator in Building"",Heating,Washer,Dryer,""Smoke Detector"",""First Aid Kit"",""Fire Extinguisher"",Essentials}","$81.00","$50.00",9,100,10,10,10,10,10,1.54,482
"2901",9727857,"f","Broadway",47.6148505689917,-122.324303501959,"Apartment","Shared room",1,1,1,1,"Real Bed","{Internet,""Wireless Internet"",""Air Conditioning"",Kitchen,""Buzzer/Wireless Intercom"",Heating,Washer,Dryer,""Smoke Detector"",""Carbon Monoxide Detector"",""Fire Extinguisher"",Essentials,Shampoo,""24-Hour Check-in"",Hangers,""Hair Dryer"",Iron}","$25.00","",3,100,10,10,10,10,10,3,423
"2902",446276,"f","Broadway",47.622894074073,-122.325574967463,"Apartment","Entire home/apt",3,1,2,2,"Real Bed","{TV,""Cable TV"",Internet,""Wireless Internet"",Kitchen,""Free Parking on Premises"",Heating,Washer,Dryer,""Smoke Detector"",""Carbon Monoxide Detector"",""First Aid Kit"",""Safety Card"",""Fire Extinguisher"",Essentials,Shampoo,""24-Hour Check-in"",Hangers,""Hair Dryer"",Iron,""Laptop Friendly Workspace""}","$195.00","$90.00",30,99,10,10,10,10,9,0.69,454
"2903",208670,"f","Broadway",47.6216273919915,-122.316929307583,"House","Entire home/apt",5,1,1,2,"Real Bed","{TV,""Cable TV"",Internet,""Wireless Internet"",Kitchen,""Pets Allowed"",""Buzzer/Wireless Intercom"",Heating,""Family/Kid Friendly"",Washer,Dryer,""Smoke Detector"",""Carbon Monoxide Detector"",""First Aid Kit"",""Safety Card"",""Fire Extinguisher"",Essentials}","$169.00","$108.00",78,91,9,9,9,10,9,1.65,440
"2904",8868833,"f","Broadway",47.619206060956,-122.323252469626,"Apartment","Entire home/apt",3,1,0,1,"Real Bed","{Internet,""Wireless Internet"",Kitchen,""Buzzer/Wireless Intercom"",Heating,""Smoke Detector"",""Carbon Monoxide Detector"",""Fire Extinguisher"",Essentials,Shampoo}","$95.00","$25.00",4,100,10,10,10,10,10,1.82,430
"2905",7180032,"f","Broadway",47.6196985560298,-122.314876259394,"Apartment","Entire home/apt",3,1,2,2,"Real Bed","{""Wireless Internet"",Kitchen,Heating,Washer,Dryer,""Smoke Detector"",""Carbon Monoxide Detector"",""Fire Extinguisher"",Essentials}","$100.00","",0,NA,NA,NA,NA,NA,NA,NA,425
"2906",9137259,"f","Broadway",47.6181994352245,-122.321417149091,"House","Private room",2,1,1,1,"Real Bed","{Internet,""Wireless Internet"",Heating,""Smoke Detector"",""Carbon Monoxide Detector"",""First Aid Kit"",""Fire Extinguisher"",Shampoo,Hangers}","$85.00","$30.00",0,NA,NA,NA,NA,NA,NA,NA,422
"2907",9252998,"f","Broadway",47.6286861828116,-122.322336359256,"House","Entire home/apt",6,2,3,3,"Real Bed","{TV,""Wireless Internet"",Kitchen,""Free Parking on Premises"",Heating,Washer,Dryer,""Smoke Detector"",""Carbon Monoxide Detector"",""Safety Card"",""Fire Extinguisher"",Essentials,Shampoo,""24-Hour Check-in"",Hangers,""Hair Dryer"",Iron}","$400.00","",0,NA,NA,NA,NA,NA,NA,NA,494
"2908",7975026,"f","Broadway",47.6152266333517,-122.324281014929,"Apartment","Entire home/apt",4,1,0,2,"Real Bed","{TV,Internet,""Wireless Internet"",""Pets Allowed"",""Smoke Detector"",""First Aid Kit"",Essentials,Shampoo}","$120.00","",1,80,6,10,10,10,10,0.22,420
"2909",6278216,"f","Broadway",47.6150170598518,-122.323059765992,"Apartment","Entire home/apt",5,1,1,3,"Real Bed","{Internet,""Wireless Internet"",Kitchen,""Pets Allowed"",Heating,""Family/Kid Friendly"",Washer,Dryer,""Smoke Detector"",""Carbon Monoxide Detector"",""First Aid Kit"",""Fire Extinguisher"",Essentials,Shampoo}","$175.00","",9,84,8,9,9,9,8,1.15,423
"2910",6425652,"f","Broadway",47.6339068238355,-122.321525494832,"Apartment","Entire home/apt",4,1,2,2,"Real Bed","{TV,""Wireless Internet"",Kitchen,""Free Parking on Premises"",""Family/Kid Friendly"",""Smoke Detector"",""Carbon Monoxide Detector"",Essentials,Shampoo}","$200.00","$30.00",5,84,8,10,9,8,8,0.87,492
"2911",7228435,"f","Broadway",47.6169078199764,-122.313691928093,"House","Entire home/apt",6,2.5,2,2,"Real Bed","{TV,Internet,""Wireless Internet"",Kitchen,""Indoor Fireplace"",Heating,""Family/Kid Friendly"",Washer,Dryer,""Smoke Detector"",Essentials}","$250.00","$120.00",0,NA,NA,NA,NA,NA,NA,NA,416
"2912",9149612,"f","Broadway",47.6239696679969,-122.317731441654,"Apartment","Entire home/apt",2,1,0,1,"Real Bed","{""Cable TV"",""Wireless Internet"",Kitchen,Heating,Washer,Dryer,""Smoke Detector"",Essentials,Shampoo,""24-Hour Check-in"",Hangers,""Hair Dryer"",Iron,""Laptop Friendly Workspace""}","$69.00","$20.00",0,NA,NA,NA,NA,NA,NA,NA,457
"2913",8251213,"t","Broadway",47.61651969367,-122.314596431275,"Apartment","Entire home/apt",2,1,0,1,"Real Bed","{Internet,""Wireless Internet"",Kitchen,Heating,""Family/Kid Friendly"",Washer,Dryer,""Smoke Detector"",""Carbon Monoxide Detector"",""First Aid Kit"",""Safety Card"",""Fire Extinguisher"",Essentials,Shampoo}","$129.00","",12,100,10,10,10,10,10,3.4,417
"2914",5548982,"f","Broadway",47.6168255483607,-122.323596241632,"Apartment","Entire home/apt",2,1,1,1,"Real Bed","{TV,Internet,""Wireless Internet"",Kitchen,""Elevator in Building"",Heating,Washer,Dryer,""Smoke Detector"",""Carbon Monoxide Detector"",Essentials,Shampoo}","$59.00","$15.00",73,91,9,10,9,10,9,7.66,422
"2915",9546633,"f","Broadway",47.6261657892879,-122.317128230222,"Apartment","Entire home/apt",2,1,0,1,"Real Bed","{TV,""Cable TV"",Internet,""Wireless Internet"",Kitchen,""Buzzer/Wireless Intercom"",Heating,Washer,Dryer,Essentials,""24-Hour Check-in"",Hangers,""Hair Dryer"",Iron,""Laptop Friendly Workspace""}","$69.00","$25.00",0,NA,NA,NA,NA,NA,NA,NA,473
"2916",3272374,"f","Broadway",47.6180440425351,-122.314831317592,"Apartment","Entire home/apt",2,1,NA,1,"Pull-out Sofa","{TV,""Wireless Internet"",Kitchen,""Free Parking on Premises"",""Elevator in Building"",Heating,Washer,Dryer,Shampoo}","$75.00","$40.00",20,89,8,10,10,10,9,1.06,419
"2917",7335567,"f","Broadway",47.623075962208,-122.316603046736,"Apartment","Entire home/apt",2,1,0,2,"Real Bed","{TV,Internet,""Wireless Internet"",Heating,Washer,Dryer,""Smoke Detector"",""Carbon Monoxide Detector"",Essentials}","$71.00","",16,93,10,10,10,10,9,3.14,451
"2918",9563458,"f","Broadway",47.6239886446605,-122.315835975919,"Apartment","Entire home/apt",1,1,0,1,"Real Bed","{TV,""Cable TV"",Internet,""Wireless Internet"",Kitchen,""Pets Allowed"",""Buzzer/Wireless Intercom"",Heating,Washer,Dryer,Essentials,""24-Hour Check-in"",Hangers,Iron}","$49.00","$25.00",0,NA,NA,NA,NA,NA,NA,NA,453
"2919",7875887,"f","Broadway",47.6154954048664,-122.326475666832,"Apartment","Private room",2,1,1,1,"Real Bed","{TV,Internet,""Wireless Internet"",Kitchen,""Free Parking on Premises"",""Elevator in Building"",""Buzzer/Wireless Intercom"",Heating,Washer,Dryer,""Smoke Detector"",""Carbon Monoxide Detector"",Essentials,Shampoo,Hangers,""Laptop Friendly Workspace""}","$90.00","$20.00",8,100,10,10,10,10,10,1.79,421
"2920",3394837,"f","Broadway",47.6132701831392,-122.329470025427,"Apartment","Entire home/apt",4,1,1,2,"Real Bed","{TV,""Cable TV"",Internet,""Wireless Internet"",""Air Conditioning"",Kitchen,""Elevator in Building"",Heating,""Family/Kid Friendly"",Washer,Dryer,""Smoke Detector"",""Carbon Monoxide Detector"",""Safety Card"",""Fire Extinguisher"",Essentials}","$140.00","$135.00",7,97,9,9,10,9,10,0.9,422
"2921",4464795,"f","Broadway",47.6176410675709,-122.327703546916,"Apartment","Shared room",2,1,1,1,"Pull-out Sofa","{""Wireless Internet"",""Air Conditioning"",Kitchen,""Elevator in Building"",""Buzzer/Wireless Intercom"",Heating,Washer,Dryer,Essentials,Shampoo}","$95.00","$20.00",6,100,10,10,10,10,9,0.51,427
"2922",6927016,"t","Broadway",47.6209889804682,-122.316556115766,"Apartment","Entire home/apt",2,1,0,1,"Real Bed","{TV,Internet,""Wireless Internet"",Kitchen,Heating,Washer,Dryer,""Smoke Detector"",""Carbon Monoxide Detector"",""First Aid Kit"",""Fire Extinguisher"",Essentials,Shampoo,""24-Hour Check-in"",Hangers,""Hair Dryer"",Iron,""Laptop Friendly Workspace""}","$100.00","",50,94,10,10,10,10,9,8.38,436
"2923",699596,"f","Broadway",47.61520033506,-122.313860487452,"House","Private room",2,1,1,1,"Real Bed","{Internet,""Wireless Internet"",Kitchen,Breakfast,""Indoor Fireplace"",Heating,""Smoke Detector"",""First Aid Kit"",""Fire Extinguisher"",Shampoo}","$150.00","$25.00",136,97,10,10,10,10,10,3.41,419
"2924",6387576,"f","Broadway",47.6220505846663,-122.315599080676,"House","Private room",2,1,1,1,"Real Bed","{""Wireless Internet"",Heating,""Smoke Detector"",""Carbon Monoxide Detector"",""First Aid Kit"",""Fire Extinguisher"",Essentials,Shampoo}","$89.00","$20.00",38,97,10,10,10,10,10,4.91,438
"2925",8828781,"f","Broadway",47.6229474750175,-122.31958774699,"Apartment","Entire home/apt",5,1,1,2,"Real Bed","{TV,Internet,""Wireless Internet"",Kitchen,Breakfast,Heating,""Family/Kid Friendly"",Washer,Dryer,""Smoke Detector"",""Carbon Monoxide Detector"",""First Aid Kit"",""Fire Extinguisher"",Essentials,Shampoo}","$140.00","$50.00",0,NA,NA,NA,NA,NA,NA,NA,453
"2926",1198884,"f","Broadway",47.6133012654471,-122.329932066164,"Apartment","Entire home/apt",4,1,1,1,"Real Bed","{TV,""Cable TV"",Internet,""Wireless Internet"",Kitchen,""Elevator in Building"",Heating,Washer,Dryer,""Smoke Detector"",""Carbon Monoxide Detector"",Essentials}","$150.00","$50.00",63,93,9,9,9,10,9,2,423
"2927",9546508,"f","Broadway",47.6240119757546,-122.316210177428,"Apartment","Entire home/apt",2,1,0,1,"Real Bed","{TV,""Cable TV"",Internet,""Wireless Internet"",Kitchen,""Buzzer/Wireless Intercom"",Heating,Washer,Dryer,Essentials,""24-Hour Check-in"",Hangers,""Hair Dryer"",Iron,""Laptop Friendly Workspace""}","$69.00","$25.00",1,80,10,10,10,10,10,0.81,453
"2928",2386589,"f","Broadway",47.6191006659774,-122.32271145765,"Apartment","Entire home/apt",4,1,1,1,"Real Bed","{TV,""Cable TV"",Internet,""Wireless Internet"",Kitchen,Heating,""Smoke Detector"",Essentials,Shampoo}","$125.00","$25.00",46,95,9,10,10,10,9,2.05,431
"2929",9924107,"t","Broadway",47.6183694842356,-122.314740737806,"Apartment","Entire home/apt",4,1,1,2,"Real Bed","{Internet,""Wireless Internet"",Kitchen,""Free Parking on Premises"",Heating,Washer,Dryer,""Smoke Detector"",""Carbon Monoxide Detector"",Essentials,Shampoo}","$110.00","$25.00",2,100,10,10,10,10,9,2,421
"2930",3386862,"f","Broadway",47.6278794169226,-122.320070827965,"Apartment","Entire home/apt",3,1,1,1,"Real Bed","{TV,Internet,""Wireless Internet"",Kitchen,""Free Parking on Premises"",Heating,""Family/Kid Friendly"",""Smoke Detector"",""Carbon Monoxide Detector""}","$152.00","",77,91,9,10,10,10,9,4.44,490
"2931",9280767,"f","Broadway",47.619845094663,-122.322793629065,"House","Private room",2,1,1,1,"Real Bed","{TV,""Cable TV"",Internet,""Wireless Internet"",Kitchen,Heating,""Smoke Detector"",""Carbon Monoxide Detector"",""First Aid Kit"",""Safety Card"",""Fire Extinguisher"",Essentials,Shampoo,""Lock on Bedroom Door""}","$105.00","$35.00",0,NA,NA,NA,NA,NA,NA,NA,434
"2932",1520533,"f","Broadway",47.6251349132884,-122.320509704742,"House","Shared room",1,0.5,1,1,"Real Bed","{Internet,""Wireless Internet"",Kitchen,""Free Parking on Premises"",Heating,Washer,Dryer}","$49.00","$35.00",10,90,7,9,9,10,8,0.36,466
"2933",9651755,"f","Broadway",47.6155427792727,-122.326688819217,"Apartment","Entire home/apt",2,1,0,1,"Real Bed","{Kitchen,""Buzzer/Wireless Intercom"",Heating,""Smoke Detector"",""Carbon Monoxide Detector"",""Fire Extinguisher"",Essentials,Shampoo}","$68.00","",2,100,10,9,10,10,10,2,420
"2934",82763,"f","Broadway",47.6204335074961,-122.316884416628,"House","Private room",2,1,1,1,"Real Bed","{TV,""Cable TV"",Internet,""Wireless Internet"",Kitchen,Heating,Washer,Dryer}","$100.00","$35.00",12,92,8,9,10,10,8,0.3,430
"2935",9880665,"f","Broadway",47.622992792754,-122.317091383942,"Apartment","Entire home/apt",3,1,1,1,"Real Bed","{TV,Internet,""Wireless Internet"",Kitchen,Heating,""Smoke Detector"",""Carbon Monoxide Detector"",""First Aid Kit"",Essentials,Shampoo}","$120.00","",0,NA,NA,NA,NA,NA,NA,NA,451
"2936",1762354,"t","Broadway",47.6192978522448,-122.315845789969,"Apartment","Entire home/apt",2,1,1,1,"Real Bed","{""Wireless Internet"",Kitchen,Heating,Washer}","$120.00","$25.00",24,96,10,10,10,10,9,0.89,423
"2937",2836237,"f","Broadway",47.6236452346975,-122.323477509715,"Apartment","Entire home/apt",2,1,0,1,"Real Bed","{Internet,""Wireless Internet"",Kitchen,""Elevator in Building"",Heating,Washer,Dryer,""Smoke Detector"",""Carbon Monoxide Detector"",Essentials,Shampoo}","$110.00","$20.00",12,92,9,9,9,10,9,1.05,462
"2938",5204475,"f","Broadway",47.615321512698,-122.324863244341,"Apartment","Entire home/apt",2,1,0,1,"Real Bed","{TV,Internet,""Wireless Internet"",Kitchen,""Elevator in Building"",""Buzzer/Wireless Intercom"",Heating,Washer,Dryer,""Smoke Detector"",Essentials}","$160.00","",0,NA,NA,NA,NA,NA,NA,NA,420
"2939",8741711,"f","Broadway",47.6231290687413,-122.325605135281,"Apartment","Entire home/apt",3,1,0,1,"Real Bed","{TV,Internet,""Wireless Internet"",Kitchen,""Elevator in Building"",Heating,Washer,Dryer,""Smoke Detector"",""Carbon Monoxide Detector"",""Fire Extinguisher""}","$105.00","$10.00",4,100,10,10,9,10,10,1.54,457
"2940",3819831,"f","Broadway",47.6187652855281,-122.316008449558,"Apartment","Entire home/apt",2,1,1,1,"Real Bed","{TV,Internet,""Wireless Internet"",Kitchen,Heating,Washer,Dryer,""Smoke Detector"",""Carbon Monoxide Detector"",""First Aid Kit"",""Fire Extinguisher"",Essentials,""24-Hour Check-in""}","$82.00","$39.00",5,92,9,9,9,9,9,0.31,421
"2941",8267620,"f","Broadway",47.6153688652215,-122.31483657119,"Apartment","Entire home/apt",1,1,0,1,"Real Bed","{TV,""Cable TV"",Internet,""Wireless Internet"",Kitchen,Gym,""Elevator in Building"",""Hot Tub"",""Buzzer/Wireless Intercom"",Washer,Dryer,""Smoke Detector"",Essentials,Shampoo}","$110.00","",0,NA,NA,NA,NA,NA,NA,NA,419
"2942",7087957,"t","Broadway",47.6143670935064,-122.314128143746,"Apartment","Entire home/apt",2,1,1,1,"Real Bed","{TV,Internet,""Wireless Internet"",Kitchen,Heating,Washer,Dryer,""Smoke Detector"",""Carbon Monoxide Detector"",Essentials,Shampoo}","$126.00","$40.00",29,98,10,10,10,10,10,5.12,417
"2943",1520549,"f","Broadway",47.6250629302364,-122.319053212853,"House","Shared room",1,0.5,1,1,"Real Bed","{Internet,""Wireless Internet"",Kitchen,""Free Parking on Premises"",Heating,Washer,Dryer}","$65.00","$35.00",4,80,8,10,10,10,9,0.16,464
"2944",9094872,"f","Broadway",47.6149557338463,-122.324322410232,"Apartment","Entire home/apt",2,1,1,1,"Real Bed","{}","$99.00","",0,NA,NA,NA,NA,NA,NA,NA,423
"2945",9414303,"f","Broadway",47.6254730873226,-122.313026340125,"Apartment","Entire home/apt",3,1,1,1,"Real Bed","{""Wireless Internet"",Kitchen,""Free Parking on Premises"",""Pets live on this property"",Dog(s),Heating,Washer,Dryer,Essentials,Shampoo,""24-Hour Check-in"",Iron}","$85.00","$10.00",1,100,10,10,10,10,10,0.81,458
"2946",26116,"f","Broadway",47.6174259786628,-122.326756271701,"Apartment","Entire home/apt",4,1,2,2,"Real Bed","{TV,""Cable TV"",Internet,""Wireless Internet"",Kitchen,Heating,Washer,Dryer,""Smoke Detector"",""Carbon Monoxide Detector"",""First Aid Kit"",Essentials,Shampoo,""24-Hour Check-in"",Hangers,""Hair Dryer"",Iron,""Laptop Friendly Workspace""}","$199.00","$100.00",110,97,10,10,10,10,9,1.71,427
"2947",7874053,"f","Broadway",47.6219018620006,-122.323061363933,"Townhouse","Entire home/apt",4,1,2,2,"Real Bed","{TV,Internet,""Wireless Internet"",Kitchen,Heating,Washer,Dryer,""Smoke Detector"",""Fire Extinguisher"",Essentials,Shampoo}","$250.00","",1,NA,NA,NA,NA,NA,NA,0.26,447
"2948",6452801,"f","Broadway",47.6199352221089,-122.318340480948,"House","Entire home/apt",4,1,2,2,"Real Bed","{""Wireless Internet"",""Pets live on this property"",Dog(s),Cat(s),Heating,""Smoke Detector"",""Carbon Monoxide Detector"",""First Aid Kit"",""Fire Extinguisher"",Essentials,Shampoo}","$159.00","$40.00",18,100,10,10,10,10,10,2.47,427
"2949",8340841,"f","Broadway",47.625889970599,-122.316656805217,"Apartment","Entire home/apt",2,1,1,1,"Real Bed","{""Cable TV"",""Wireless Internet"",Kitchen,""Free Parking on Premises"",Heating,Washer,Dryer,""Smoke Detector"",""Fire Extinguisher""}","$125.00","",8,100,10,10,10,10,10,2.53,470
"2950",9635943,"f","Broadway",47.6238953648516,-122.325606666252,"Apartment","Shared room",2,1.5,1,1,"Pull-out Sofa","{Internet,""Wireless Internet"",Kitchen,Breakfast,Heating,Essentials,Shampoo,""24-Hour Check-in"",Iron,""Laptop Friendly Workspace""}","$45.00","",0,NA,NA,NA,NA,NA,NA,NA,464
"2951",8046691,"f","Broadway",47.6239687527336,-122.314461517859,"Apartment","Entire home/apt",2,1,1,1,"Real Bed","{TV,Internet,""Wireless Internet"",Kitchen,""Free Parking on Premises"",""Pets Allowed"",Heating,""Family/Kid Friendly"",Washer,Dryer,""Smoke Detector"",""Carbon Monoxide Detector"",""Fire Extinguisher"",Essentials,Shampoo}","$110.00","",2,90,9,10,10,10,10,0.57,453
"2952",9078843,"f","Broadway",47.616356969286,-122.326332850776,"Condominium","Entire home/apt",6,1,2,3,"Real Bed","{TV,""Cable TV"",Internet,""Wireless Internet"",""Air Conditioning"",""Wheelchair Accessible"",Kitchen,""Free Parking on Premises"",""Pets Allowed"",Breakfast,""Pets live on this property"",Dog(s),""Elevator in Building"",Heating,""Family/Kid Friendly"",""Suitable for Events"",Washer,Dryer,""Smoke Detector"",""Carbon Monoxide Detector"",""First Aid Kit"",""Safety Card"",""Fire Extinguisher"",Essentials,Shampoo,""24-Hour Check-in"",Hangers,""Hair Dryer"",Iron,""Laptop Friendly Workspace""}","$109.00","$100.00",0,NA,NA,NA,NA,NA,NA,NA,421
"2953",8799909,"f","Broadway",47.6205830182323,-122.323334382076,"Apartment","Entire home/apt",3,1,1,2,"Real Bed","{Internet,""Wireless Internet"",Kitchen,Heating,""Smoke Detector"",""Carbon Monoxide Detector"",Essentials}","$110.00","$35.00",0,NA,NA,NA,NA,NA,NA,NA,433
"2954",387079,"f","Broadway",47.622020555715,-122.323985386511,"Apartment","Entire home/apt",4,NA,1,1,"Real Bed","{TV,""Cable TV"",Internet,""Wireless Internet"",""Air Conditioning"",Kitchen,Heating,Washer,Dryer}","$119.00","$88.00",41,94,10,10,10,10,9,0.99,446
"2955",8292326,"f","Broadway",47.6292426930491,-122.327202705784,"Apartment","Entire home/apt",2,1,1,1,"Real Bed","{TV,""Wireless Internet"",Kitchen,Heating,""Smoke Detector"",Essentials}","$115.00","$65.00",0,NA,NA,NA,NA,NA,NA,NA,495
"2956",10339144,"f","Broadway",47.6192692364847,-122.313171547891,"Apartment","Entire home/apt",2,1,0,1,"Real Bed","{""Wireless Internet"",Kitchen,""Smoking Allowed"",""Buzzer/Wireless Intercom"",Heating,Washer,Dryer,""Smoke Detector"",""Carbon Monoxide Detector"",""First Aid Kit"",Essentials,Shampoo,""24-Hour Check-in"",Hangers,""Hair Dryer""}","$60.00","",0,NA,NA,NA,NA,NA,NA,NA,422
"2957",5563136,"t","Broadway",47.6199533229802,-122.316487839084,"House","Entire home/apt",2,1,1,1,"Real Bed","{TV,Internet,""Wireless Internet"",Kitchen,Heating,Washer,Dryer,""Smoke Detector"",""Carbon Monoxide Detector"",""First Aid Kit"",""Safety Card"",Essentials}","$100.00","$25.00",10,94,9,9,9,10,9,0.99,426
"2958",6079216,"f","Broadway",47.6174456037316,-122.326783300708,"Apartment","Entire home/apt",2,2,2,2,"Real Bed","{TV,Internet,""Wireless Internet"",""Wheelchair Accessible"",Pool,Kitchen,""Free Parking on Premises"",""Elevator in Building"",Heating,""Family/Kid Friendly"",Washer,Dryer,""Smoke Detector"",""Carbon Monoxide Detector"",""Fire Extinguisher"",Essentials,Shampoo}","$150.00","",2,100,10,10,10,10,10,0.29,426
"2959",8955477,"f","Broadway",47.6186980165905,-122.321820433143,"Apartment","Entire home/apt",4,1,1,2,"Real Bed","{Internet,""Wireless Internet"",Kitchen,""Free Parking on Premises"",Heating,Washer,Dryer,""Smoke Detector"",""First Aid Kit"",Essentials,Shampoo}","$115.00","",2,100,10,10,10,10,10,0.92,426
"2960",6424859,"t","Broadway",47.6229685151728,-122.318914970648,"House","Private room",2,1,1,1,"Futon","{TV,""Cable TV"",Internet,""Wireless Internet"",Kitchen,""Indoor Fireplace"",Heating,Washer,Dryer,""Smoke Detector"",""Carbon Monoxide Detector"",""First Aid Kit"",""Fire Extinguisher"",Essentials,Shampoo}","$139.00","$35.00",24,100,10,10,10,10,10,3.2,454
"2961",7651702,"f","Broadway",47.6221162026559,-122.328029693696,"Apartment","Entire home/apt",4,1,0,2,"Real Bed","{""Wireless Internet"",Kitchen,Breakfast,""Elevator in Building"",Heating,""Family/Kid Friendly"",Washer,Dryer,""Smoke Detector"",""Carbon Monoxide Detector"",Essentials,Shampoo}","$100.00","$30.00",7,86,10,10,10,9,8,1.39,447
"2962",6210952,"t","Broadway",47.620265238565,-122.324531298427,"Apartment","Entire home/apt",8,2,2,3,"Real Bed","{TV,Internet,""Wireless Internet"",Kitchen,""Indoor Fireplace"",Heating,Washer,Dryer,""Smoke Detector"",""Carbon Monoxide Detector"",""Fire Extinguisher"",Essentials,Shampoo}","$300.00","$150.00",2,100,10,10,10,10,10,0.29,433
"2963",9281758,"t","Broadway",47.6191516358964,-122.312876426465,"Apartment","Entire home/apt",2,1,0,1,"Real Bed","{Internet,""Wireless Internet"",Kitchen,""Free Parking on Premises"",Heating,Washer,Dryer,""Smoke Detector"",""Carbon Monoxide Detector"",""Fire Extinguisher"",Essentials,Shampoo}","$98.00","$25.00",2,100,10,10,10,10,10,2,419
"2964",2875975,"f","Broadway",47.6195359938108,-122.313290249437,"Apartment","Entire home/apt",5,1,4,4,"Real Bed","{TV,Internet,""Wireless Internet"",Kitchen,Heating,""Family/Kid Friendly"",Washer,Dryer,""Smoke Detector"",Essentials,Shampoo}","$200.00","$100.00",1,100,10,10,10,10,10,0.23,423
"2965",7275027,"f","Broadway",47.6207266878844,-122.316573543691,"Apartment","Entire home/apt",4,1,1,2,"Real Bed","{TV,""Cable TV"",""Wireless Internet"",Kitchen,""Free Parking on Premises"",Heating,Washer,Dryer,""Smoke Detector"",""Carbon Monoxide Detector"",""Fire Extinguisher"",Essentials,Shampoo}","$89.00","$50.00",0,NA,NA,NA,NA,NA,NA,NA,433
"2966",4318709,"f","Broadway",47.6241628815049,-122.324628943453,"Apartment","Shared room",2,1,1,1,"Couch","{TV,Internet,""Wireless Internet"",Kitchen,Heating,Washer,Dryer,""Smoke Detector""}","$60.00","",14,92,9,10,10,10,10,1.49,466
"2967",6939106,"t","Broadway",47.6189878483532,-122.3157066596,"Apartment","Entire home/apt",3,1,1,2,"Real Bed","{TV,Internet,""Wireless Internet"",Kitchen,Heating,Washer,Dryer,""Smoke Detector"",""Carbon Monoxide Detector"",""First Aid Kit"",""Safety Card"",""Fire Extinguisher"",Essentials,Shampoo,Hangers,""Hair Dryer"",Iron,""Laptop Friendly Workspace""}","$144.00","",45,98,10,10,10,10,9,6.96,423
"2968",2727938,"f","Broadway",47.6221332726146,-122.328306928067,"Apartment","Entire home/apt",2,1,0,1,"Real Bed","{Internet,""Wireless Internet"",Kitchen,""Elevator in Building"",""Buzzer/Wireless Intercom"",Heating,Washer,Dryer}","$110.00","$20.00",15,97,9,10,10,10,9,0.72,446
"2969",7695195,"f","Broadway",47.6243714099577,-122.314493567472,"Apartment","Entire home/apt",2,1,1,1,"Real Bed","{TV,""Cable TV"",Kitchen,Heating,Washer,Dryer,""Smoke Detector"",""Fire Extinguisher"",Essentials,Shampoo}","$90.00","",3,100,10,10,10,10,10,0.65,453
"2970",6445741,"f","Broadway",47.6176332692525,-122.314788634245,"Apartment","Entire home/apt",4,1,1,1,"Real Bed","{TV,Internet,""Wireless Internet"",""Wheelchair Accessible"",Kitchen,""Free Parking on Premises"",Heating,Washer,Dryer,Essentials,Shampoo}","$189.00","",2,100,10,10,8,10,10,0.37,418
"2971",7381005,"f","Broadway",47.613730214747,-122.317175531749,"Apartment","Private room",2,1,1,1,"Real Bed","{Internet,""Wireless Internet"",Kitchen,Doorman,""Elevator in Building"",""Indoor Fireplace"",""Buzzer/Wireless Intercom"",Heating,Washer,Dryer,""Smoke Detector"",""Carbon Monoxide Detector"",""First Aid Kit"",""Safety Card"",""Fire Extinguisher"",Essentials,Shampoo}","$99.00","$50.00",2,100,10,10,10,10,9,0.5,419
"2972",8724134,"f","Broadway",47.623921889314,-122.324707611064,"Apartment","Entire home/apt",3,1,1,2,"Real Bed","{TV,""Wireless Internet"",Pool,Kitchen,""Pets Allowed"",""Elevator in Building"",Heating,""Family/Kid Friendly"",""Smoke Detector"",""Carbon Monoxide Detector"",""Fire Extinguisher"",Essentials}","$175.00","$50.00",0,NA,NA,NA,NA,NA,NA,NA,465
"2973",4023177,"t","Loyal Heights",47.6765686695196,-122.390425778577,"House","Private room",3,1.5,1,3,"Real Bed","{TV,Internet,""Wireless Internet"",""Air Conditioning"",Kitchen,""Free Parking on Premises"",Heating,""Family/Kid Friendly"",Washer,Dryer,""Smoke Detector"",""Fire Extinguisher"",Essentials,Shampoo}","$119.00","$20.00",33,96,9,10,10,10,9,4.52,113
"2974",1589681,"f","Loyal Heights",47.6787613768548,-122.383088615034,"House","Entire home/apt",2,1,0,1,"Pull-out Sofa","{TV,Internet,""Wireless Internet"",Kitchen,""Free Parking on Premises"",Heating,""Smoke Detector"",""Carbon Monoxide Detector"",""First Aid Kit"",""Safety Card"",""Fire Extinguisher"",Essentials,Shampoo,""24-Hour Check-in"",Hangers,""Hair Dryer"",Iron,""Laptop Friendly Workspace""}","$80.00","$10.00",9,98,10,10,10,10,10,2.73,129
"2975",8524349,"f","Loyal Heights",47.6834412314637,-122.377585831413,"Apartment","Entire home/apt",4,1,1,4,"Real Bed","{Internet,""Wireless Internet"",""Buzzer/Wireless Intercom"",Heating,""Smoke Detector"",""Carbon Monoxide Detector"",""First Aid Kit"",""Safety Card"",""Fire Extinguisher"",Essentials,Shampoo,""24-Hour Check-in"",Hangers,""Hair Dryer"",Iron,""Laptop Friendly Workspace""}","$105.00","$75.00",4,100,10,10,10,10,10,1.22,123
"2976",9429399,"f","Loyal Heights",47.6797881818143,-122.387202292208,"House","Entire home/apt",6,1,2,3,"Real Bed","{TV,Internet,""Wireless Internet"",""Air Conditioning"",Kitchen,""Free Parking on Premises"",Heating,""Family/Kid Friendly"",Washer,Dryer,""Smoke Detector"",""Carbon Monoxide Detector"",""First Aid Kit"",""Safety Card"",""Fire Extinguisher"",Essentials,Shampoo,""24-Hour Check-in"",Hangers,""Laptop Friendly Workspace""}","$98.00","$75.00",2,90,10,10,10,10,10,1.71,112
"2977",7089415,"f","Loyal Heights",47.6843859457562,-122.387317901268,"Apartment","Entire home/apt",2,1,1,1,"Real Bed","{TV,""Cable TV"",Internet,""Wireless Internet"",Kitchen,""Free Parking on Premises"",""Pets Allowed"",""Buzzer/Wireless Intercom"",Heating,""Family/Kid Friendly"",Washer,Dryer,""Smoke Detector"",""Carbon Monoxide Detector"",Essentials,Shampoo}","$99.00","$50.00",3,100,9,10,10,10,10,0.49,101
"2978",8033438,"f","Loyal Heights",47.6763453846238,-122.390154371005,"House","Private room",2,1,1,1,"Real Bed","{""Wireless Internet"",Kitchen,""Free Parking on Premises"",Heating,Washer,Dryer,""Smoke Detector"",""First Aid Kit"",""Safety Card"",Essentials,Shampoo}","$49.00","",18,92,9,10,9,10,10,4.82,114
"2979",6836330,"f","Loyal Heights",47.6782471950269,-122.391454615213,"House","Entire home/apt",3,1,1,1,"Real Bed","{""Wireless Internet"",Kitchen,""Free Parking on Premises"",""Pets Allowed"",""Pets live on this property"",Cat(s),Heating,""Family/Kid Friendly"",Washer,Dryer,""Smoke Detector"",""First Aid Kit"",""Safety Card"",""Fire Extinguisher"",Essentials,Shampoo}","$90.00","$25.00",6,93,9,10,10,9,10,0.99,107
"2980",975179,"f","Loyal Heights",47.6819273848421,-122.389965965339,"House","Private room",2,1,1,1,"Real Bed","{TV,""Cable TV"",Internet,""Wireless Internet"",Kitchen,""Free Parking on Premises"",Heating,Washer,Dryer,""Smoke Detector"",""Carbon Monoxide Detector"",""Fire Extinguisher"",Essentials,Shampoo}","$55.00","",168,95,10,10,10,9,9,4.93,102
"2981",1956094,"f","Loyal Heights",47.6827474514226,-122.389470278905,"House","Private room",4,1,1,1,"Real Bed","{TV,Internet,""Wireless Internet"",Kitchen,""Pets live on this property"",Cat(s),Heating,""Family/Kid Friendly"",""Smoke Detector"",""Carbon Monoxide Detector"",""First Aid Kit"",""Safety Card"",Essentials,Shampoo}","$85.00","",82,94,10,10,10,10,9,3.35,102
"2982",9619737,"f","Loyal Heights",47.6778064050294,-122.390069679109,"House","Private room",2,1.5,1,1,"Real Bed","{TV,Internet,""Wireless Internet"",Kitchen,""Free Parking on Premises"",Heating,Washer,Dryer,Essentials,Shampoo}","$46.00","",0,NA,NA,NA,NA,NA,NA,NA,112
"2983",9463729,"f","Loyal Heights",47.6832926876016,-122.387890871714,"House","Private room",2,1,1,1,"Real Bed","{TV,""Wireless Internet"",Kitchen,""Free Parking on Premises"",Heating,""Family/Kid Friendly"",Washer,Dryer,""Smoke Detector"",""Carbon Monoxide Detector"",""First Aid Kit"",""Fire Extinguisher"",Essentials,""Lock on Bedroom Door"",Hangers,""Laptop Friendly Workspace""}","$60.00","",0,NA,NA,NA,NA,NA,NA,NA,103
"2984",8866331,"f","Loyal Heights",47.6785987408715,-122.389222419079,"House","Private room",2,1.5,1,1,"Real Bed","{""Wireless Internet"",Kitchen,""Free Parking on Premises"",Heating,Washer,Dryer,Essentials,Shampoo}","$46.00","",0,NA,NA,NA,NA,NA,NA,NA,112
"2985",5457260,"f","Loyal Heights",47.6791867438917,-122.389399493799,"House","Private room",2,1.5,1,1,"Real Bed","{Kitchen,Heating,Washer,Dryer}","$69.00","",10,100,9,10,10,10,10,1.06,111
"2986",8594406,"f","Loyal Heights",47.682632764251,-122.380031667315,"House","Private room",2,1,1,1,"Futon","{TV,Internet,""Wireless Internet"",Kitchen,""Pets live on this property"",Dog(s),""Indoor Fireplace"",Heating,Washer,Dryer,""Smoke Detector"",""Carbon Monoxide Detector"",""First Aid Kit"",Essentials}","$75.00","",1,100,10,10,10,10,10,0.32,120
"2987",8484705,"f","Loyal Heights",47.6759853612249,-122.392369838356,"House","Entire home/apt",4,1,1,1,"Real Bed","{TV,""Wireless Internet"",Kitchen,Heating,""Family/Kid Friendly"",Washer,Dryer,""Smoke Detector"",""Carbon Monoxide Detector"",""First Aid Kit"",""Safety Card"",""Fire Extinguisher"",Essentials,Shampoo,""24-Hour Check-in"",Hangers,""Hair Dryer""}","$95.00","$75.00",0,NA,NA,NA,NA,NA,NA,NA,111
"2988",7714585,"f","Loyal Heights",47.6858942995741,-122.3783817285,"House","Private room",2,1,1,1,"Real Bed","{TV,Internet,""Wireless Internet"",Kitchen,""Free Parking on Premises"",""Pets live on this property"",""Indoor Fireplace"",Heating,Washer,Dryer,""Smoke Detector"",""First Aid Kit"",Essentials,Shampoo}","$55.00","$25.00",10,96,10,10,9,9,10,2.36,110
"2989",218741,"t","Loyal Heights",47.6823092779768,-122.378749661883,"House","Private room",3,1,1,1,"Real Bed","{TV,Internet,""Wireless Internet"",Kitchen,""Free Parking on Premises"",""Pets live on this property"",Dog(s),""Indoor Fireplace"",Heating,""Family/Kid Friendly"",Washer,Dryer,""Smoke Detector"",""Carbon Monoxide Detector"",""First Aid Kit"",""Safety Card"",""Fire Extinguisher"",Essentials,Shampoo}","$90.00","",115,95,10,10,10,10,10,2.66,126
"2990",8551871,"f","Loyal Heights",47.6833084146681,-122.378427897819,"House","Private room",2,1,1,1,"Real Bed","{TV,""Cable TV"",Internet,""Wireless Internet"",Kitchen,Heating,Washer,Dryer,""Smoke Detector"",""First Aid Kit"",""Safety Card"",Essentials,Shampoo,""24-Hour Check-in"",Hangers,""Hair Dryer"",Iron,""Laptop Friendly Workspace""}","$49.00","$30.00",4,95,10,10,10,10,10,2.73,119
"2991",8567933,"f","Loyal Heights",47.6813488936899,-122.388478196379,"Apartment","Entire home/apt",6,1,2,3,"Real Bed","{TV,""Wireless Internet"",""Air Conditioning"",Kitchen,Heating,""Family/Kid Friendly"",Washer,Dryer,""Smoke Detector"",""Carbon Monoxide Detector"",""First Aid Kit"",""Safety Card"",""Fire Extinguisher"",Essentials,Shampoo}","$115.00","$75.00",9,98,10,10,10,10,10,3.1,102
"2992",7934963,"f","Loyal Heights",47.6778268849426,-122.390136634665,"House","Private room",4,1,1,2,"Real Bed","{""Wireless Internet"",Kitchen,""Free Parking on Premises"",Heating,Washer,Dryer,""Smoke Detector"",""First Aid Kit"",""Safety Card"",Essentials,Shampoo}","$49.00","",18,91,9,10,10,10,9,5.63,112
"2993",6481764,"t","Loyal Heights",47.6866874713059,-122.391400792378,"House","Entire home/apt",5,1,3,4,"Real Bed","{TV,""Cable TV"",Internet,""Wireless Internet"",Kitchen,""Free Parking on Premises"",""Pets live on this property"",Cat(s),Heating,""Family/Kid Friendly"",Washer,Dryer,""Smoke Detector"",""Carbon Monoxide Detector"",""Safety Card"",""Fire Extinguisher"",Essentials,Shampoo,""Hair Dryer"",Iron,""Laptop Friendly Workspace""}","$220.00","$125.00",12,98,10,10,10,10,10,1.9,95
"2994",8426827,"f","Loyal Heights",47.6828223099135,-122.377114140114,"Apartment","Entire home/apt",3,1,1,3,"Real Bed","{Internet,""Wireless Internet"",Kitchen,""Indoor Fireplace"",Heating,""Family/Kid Friendly"",Washer,Dryer,""Smoke Detector"",""Carbon Monoxide Detector"",""First Aid Kit"",""Safety Card"",""Fire Extinguisher"",Essentials,Shampoo,""24-Hour Check-in"",Hangers,""Hair Dryer"",Iron,""Laptop Friendly Workspace""}","$135.00","$75.00",3,93,10,10,10,9,9,0.9,133
"2995",7771531,"f","Loyal Heights",47.6761323794953,-122.387890097154,"Apartment","Entire home/apt",2,1,1,1,"Real Bed","{TV,""Wireless Internet"",Kitchen,""Pets live on this property"",Dog(s),Heating,Washer,Dryer,""Smoke Detector"",""Carbon Monoxide Detector"",Essentials,Shampoo}","$79.00","",13,94,10,10,10,10,10,3.45,121
"2996",37234,"f","Loyal Heights",47.6880480750679,-122.392309999444,"House","Entire home/apt",2,1,1,2,"Real Bed","{TV,Internet,""Wireless Internet"",""Free Parking on Premises"",Heating,""Family/Kid Friendly"",""Smoke Detector"",""Carbon Monoxide Detector""}","$99.00","$60.00",0,NA,NA,NA,NA,NA,NA,NA,91
"2997",2060441,"f","Loyal Heights",47.6765397062024,-122.380017102778,"House","Entire home/apt",12,3,5,6,"Real Bed","{TV,""Cable TV"",Internet,""Wireless Internet"",Kitchen,""Free Parking on Premises"",Heating,""Family/Kid Friendly"",Washer,Dryer,""Smoke Detector"",""Carbon Monoxide Detector"",""Fire Extinguisher"",Shampoo}","$435.00","$200.00",10,88,10,10,10,9,9,0.53,141
"2998",2158992,"f","Loyal Heights",47.6814245968033,-122.385038948407,"House","Entire home/apt",4,1,2,2,"Real Bed","{TV,Internet,""Wireless Internet"",Kitchen,""Free Parking on Premises"",""Pets Allowed"",""Indoor Fireplace"",Heating,Washer,Dryer,""Smoke Detector"",""Fire Extinguisher"",Essentials,Shampoo,Hangers,""Hair Dryer"",Iron}","$110.00","",4,100,10,10,10,10,10,0.79,109
"2999",8608414,"f","Loyal Heights",47.6774893570502,-122.383007220834,"House","Entire home/apt",2,1,1,1,"Real Bed","{""Wireless Internet"",Kitchen,""Indoor Fireplace"",Heating,Washer,Dryer,""Smoke Detector"",Essentials}","$130.00","$100.00",0,NA,NA,NA,NA,NA,NA,NA,132
"3000",5619397,"f","Loyal Heights",47.681318268517,-122.390759448436,"House","Entire home/apt",4,1,2,2,"Real Bed","{TV,""Cable TV"",Internet,""Wireless Internet"",Kitchen,""Free Parking on Premises"",Heating,Washer,Dryer,""Smoke Detector"",""Carbon Monoxide Detector"",Essentials,Shampoo}","$220.00","",0,NA,NA,NA,NA,NA,NA,NA,102
"3001",4144767,"f","Loyal Heights",47.6770316467348,-122.389788258457,"House","Entire home/apt",2,1,0,1,"Real Bed","{""Cable TV"",""Wireless Internet"",Kitchen,""Free Parking on Premises"",Heating,""Family/Kid Friendly"",""Smoke Detector"",""Carbon Monoxide Detector"",""First Aid Kit"",""Safety Card"",""Fire Extinguisher"",Essentials,Shampoo}","$95.00","$129.00",5,84,9,8,9,8,8,0.67,114
"3002",1301535,"t","Loyal Heights",47.6821126672075,-122.37863796163,"House","Entire home/apt",7,1,2,3,"Real Bed","{TV,Internet,""Wireless Internet"",Kitchen,""Free Parking on Premises"",""Pets live on this property"",Dog(s),Heating,""Family/Kid Friendly"",Washer,Dryer,""Smoke Detector"",""Carbon Monoxide Detector"",""First Aid Kit"",""Safety Card"",""Fire Extinguisher"",Essentials,Shampoo}","$105.00","$25.00",89,95,10,10,10,9,10,4.54,129
"3003",3882930,"t","Loyal Heights",47.6830962393566,-122.384887478788,"House","Private room",2,1,1,1,"Real Bed","{TV,""Wireless Internet"",Kitchen,""Free Parking on Premises"",""Pets Allowed"",""Pets live on this property"",Dog(s),Heating,Washer,Dryer,""Smoke Detector"",""Carbon Monoxide Detector"",""First Aid Kit"",""Fire Extinguisher"",Essentials,Shampoo}","$60.00","$15.00",17,98,10,10,10,10,10,1.06,104
"3004",9186481,"f","Loyal Heights",47.6786572434628,-122.385963193161,"House","Entire home/apt",6,3,3,5,"Real Bed","{TV,""Cable TV"",Internet,""Wireless Internet"",Kitchen,""Free Parking on Premises"",""Indoor Fireplace"",Heating,""Family/Kid Friendly"",Washer,Dryer,""Smoke Detector"",""Carbon Monoxide Detector"",""First Aid Kit"",""Safety Card"",""Fire Extinguisher"",Essentials,Shampoo,""24-Hour Check-in"",Hangers,""Hair Dryer"",Iron,""Laptop Friendly Workspace""}","$250.00","",0,NA,NA,NA,NA,NA,NA,NA,121
"3005",5364244,"t","Loyal Heights",47.685072731167,-122.392618557898,"House","Entire home/apt",4,1,1,2,"Real Bed","{TV,""Cable TV"",Internet,""Wireless Internet"",Kitchen,""Free Parking on Premises"",Heating,""Family/Kid Friendly"",Washer,Dryer,""Smoke Detector"",""Carbon Monoxide Detector"",Essentials,Shampoo}","$130.00","$65.00",32,98,10,10,10,9,10,3.12,95
"3006",4127196,"f","Loyal Heights",47.6847772162583,-122.380233624203,"House","Private room",3,1,1,2,"Real Bed","{TV,Internet,""Wireless Internet"",""Free Parking on Premises"",""Pets live on this property"",Cat(s),Heating,""Family/Kid Friendly"",Washer,Dryer,""Smoke Detector"",""First Aid Kit"",""Fire Extinguisher""}","$95.00","",4,90,10,10,10,10,10,0.67,108
"3007",30712,"f","Loyal Heights",47.6789013608844,-122.38186327463,"House","Entire home/apt",2,1,1,1,"Real Bed","{""Wireless Internet"",Kitchen,""Pets Allowed"",""Washer / Dryer"",Heating,""Family/Kid Friendly"",Washer,Dryer}","$75.00","",64,81,7,9,9,9,8,0.95,129
"3008",5632713,"f","Loyal Heights",47.6812876119023,-122.377181127247,"Camper/RV","Entire home/apt",2,1,1,1,"Real Bed","{TV,Internet,""Wireless Internet"",""Air Conditioning"",Breakfast,Heating,""Smoke Detector"",""Carbon Monoxide Detector"",""First Aid Kit"",""Fire Extinguisher"",Essentials,Shampoo}","$75.00","$15.00",16,98,10,10,10,10,10,3.1,136
"3009",2396734,"t","Loyal Heights",47.6763962082804,-122.389695922548,"House","Entire home/apt",8,1,4,4,"Real Bed","{TV,Internet,""Wireless Internet"",""Air Conditioning"",Kitchen,""Free Parking on Premises"",Gym,Heating,""Family/Kid Friendly"",Washer,Dryer,""Smoke Detector"",""Carbon Monoxide Detector"",""First Aid Kit"",""Fire Extinguisher"",Essentials,Shampoo}","$265.00","$90.00",23,98,10,10,10,10,10,1.06,119
"3010",4616634,"t","Loyal Heights",47.6811596166095,-122.38490320801,"Apartment","Entire home/apt",2,1,0,1,"Real Bed","{""Wireless Internet"",Kitchen,""Free Parking on Premises"",""Pets live on this property"",Dog(s),Heating,""Carbon Monoxide Detector"",Essentials,Shampoo}","$105.00","",72,99,10,10,10,10,10,6.33,114
"3011",1175308,"f","Loyal Heights",47.6781335462713,-122.387197062842,"House","Entire home/apt",4,1.5,2,3,"Real Bed","{TV,Internet,""Wireless Internet"",""Air Conditioning"",Kitchen,""Free Parking on Premises"",""Indoor Fireplace"",Heating,""Family/Kid Friendly"",Washer,Dryer,""Smoke Detector"",""Carbon Monoxide Detector"",""First Aid Kit"",Shampoo}","$100.00","$75.00",2,100,10,10,10,10,10,0.07,117
"3012",3157738,"f","Loyal Heights",47.6773644613117,-122.3906411802,"House","Entire home/apt",5,1,3,3,"Real Bed","{TV,""Wireless Internet"",Kitchen,""Free Parking on Premises"",""Pets live on this property"",Cat(s),Heating,Washer,Dryer,Essentials,Shampoo}","$175.00","$25.00",10,88,9,9,10,10,9,0.52,110
"3013",8866927,"f","Loyal Heights",47.6803588111235,-122.385477221592,"Bungalow","Entire home/apt",2,1,0,1,"Real Bed","{""Wireless Internet"",Kitchen,""Free Parking on Premises"",Heating,""Family/Kid Friendly"",""Smoke Detector"",""First Aid Kit"",""Safety Card"",""Fire Extinguisher"",Essentials,""24-Hour Check-in""}","$65.00","",5,100,10,10,10,10,10,4.29,114
"3014",3657819,"t","Loyal Heights",47.6808809576835,-122.382225385735,"House","Entire home/apt",2,1,1,1,"Real Bed","{Internet,""Wireless Internet"",""Air Conditioning"",""Free Parking on Premises"",""Smoking Allowed"",Breakfast,""Pets live on this property"",Dog(s),Heating,""Family/Kid Friendly"",""Smoke Detector"",""Carbon Monoxide Detector"",""First Aid Kit"",""Fire Extinguisher"",Essentials,Shampoo}","$99.00","$30.00",55,97,10,10,10,10,9,3.13,120
"3015",8212190,"f","Loyal Heights",47.6871804348956,-122.377755086126,"House","Entire home/apt",6,1,2,3,"Real Bed","{TV,Internet,""Wireless Internet"",Kitchen,""Free Parking on Premises"",""Pets live on this property"",""Indoor Fireplace"",Heating,Washer,Dryer,""Smoke Detector"",""First Aid Kit"",Essentials,Shampoo}","$150.00","$45.00",7,97,8,10,10,10,10,1.88,109
"3016",9030406,"f","Loyal Heights",47.6828938417832,-122.383353081366,"Apartment","Entire home/apt",4,1,1,2,"Real Bed","{TV,""Cable TV"",Internet,""Wireless Internet"",Kitchen,""Free Parking on Premises"",""Hot Tub"",Heating,""Family/Kid Friendly"",Washer,Dryer,""Smoke Detector"",""Fire Extinguisher"",Essentials,Shampoo,""24-Hour Check-in"",""Hair Dryer"",Iron,""Laptop Friendly Workspace""}","$299.00","$155.00",0,NA,NA,NA,NA,NA,NA,NA,108
"3017",6884820,"f","Loyal Heights",47.6818354536734,-122.378902892594,"House","Private room",2,1,1,1,"Real Bed","{Internet,""Wireless Internet"",Kitchen,""Free Parking on Premises"",Heating,Washer,Dryer,""Smoke Detector"",""Fire Extinguisher"",Essentials,Shampoo}","$45.00","$25.00",13,86,8,9,9,9,8,2.39,129
"3018",6821407,"f","Loyal Heights",47.67653569833,-122.392775836017,"House","Private room",2,1,1,1,"Real Bed","{""Wireless Internet"",Kitchen,Heating,""Smoke Detector"",Essentials,Shampoo}","$47.00","$20.00",38,95,10,10,10,10,10,5.56,109
"3019",9563749,"f","Loyal Heights",47.6810897750281,-122.377903186552,"Apartment","Private room",2,1,1,1,"Real Bed","{Internet,""Wireless Internet"",Kitchen,Heating,Washer,Dryer,""Smoke Detector"",Essentials,""24-Hour Check-in"",Hangers,""Laptop Friendly Workspace""}","$38.00","$25.00",2,100,10,10,10,10,10,1.62,136
"3020",6474341,"f","Loyal Heights",47.6861697316854,-122.377247569119,"Townhouse","Entire home/apt",4,1.5,1,1,"Real Bed","{TV,""Cable TV"",Internet,""Wireless Internet"",""Air Conditioning"",Kitchen,""Free Parking on Premises"",""Pets Allowed"",Heating,""Family/Kid Friendly"",""Suitable for Events"",Washer,Dryer,""Smoke Detector"",""Carbon Monoxide Detector"",""First Aid Kit"",""Safety Card"",""Fire Extinguisher"",Essentials,Shampoo,Hangers,""Hair Dryer"",Iron}","$150.00","$100.00",11,96,9,10,9,9,9,1.63,112
"3021",7038750,"f","Loyal Heights",47.6791647908514,-122.391898289652,"House","Private room",2,1,1,1,"Real Bed","{}","$80.00","",3,100,10,10,10,10,9,0.56,106
"3022",7824929,"f","Loyal Heights",47.6771027658058,-122.377392376743,"Townhouse","Private room",2,1,1,1,"Pull-out Sofa","{TV,Internet,""Wireless Internet"",""Air Conditioning"",Kitchen,""Pets live on this property"",Cat(s),Heating,Washer,Dryer,""Smoke Detector"",""Carbon Monoxide Detector"",""First Aid Kit"",""Fire Extinguisher"",Essentials,Shampoo}","$69.00","$15.00",6,97,10,10,10,10,10,1.35,149
"3023",2277640,"f","Loyal Heights",47.6771317725304,-122.377918442499,"House","Entire home/apt",3,1,2,1,"Real Bed","{Internet,""Wireless Internet"",""Air Conditioning"",""Free Parking on Premises"",""Pets live on this property"",Dog(s),Heating,""Family/Kid Friendly"",Washer,Dryer,""First Aid Kit"",Essentials,Shampoo}","$89.00","$15.00",86,99,10,10,10,10,10,4.22,146
"3024",5620306,"f","Loyal Heights",47.6765577916295,-122.388556377128,"Condominium","Private room",2,1,1,1,"Real Bed","{TV,""Cable TV"",Internet,""Wireless Internet"",Kitchen,""Free Parking on Premises"",""Elevator in Building"",""Buzzer/Wireless Intercom"",Heating,""Family/Kid Friendly"",Washer,Dryer,""Smoke Detector"",""Carbon Monoxide Detector"",""First Aid Kit"",""Fire Extinguisher"",Essentials,Shampoo,""24-Hour Check-in"",Hangers,""Hair Dryer"",Iron,""Laptop Friendly Workspace""}","$70.00","",2,100,10,10,10,10,10,0.65,121
"3025",9693971,"f","Victory Heights",47.7123288584172,-122.301003116023,"House","Private room",2,1,1,1,"Real Bed","{}","$40.00","",0,NA,NA,NA,NA,NA,NA,NA,47
"3026",4739190,"t","Victory Heights",47.7124682720347,-122.307058747941,"House","Entire home/apt",3,1,0,1,"Real Bed","{Internet,""Wireless Internet"",Kitchen,""Free Parking on Premises"",Heating,""Family/Kid Friendly"",Washer,""Smoke Detector"",""Carbon Monoxide Detector"",Essentials,Shampoo}","$106.00","",19,97,10,10,10,10,10,1.48,49
"3027",5219336,"f","Victory Heights",47.7186191779506,-122.298369351464,"Apartment","Entire home/apt",2,1,1,1,"Real Bed","{Internet,""Wireless Internet"",Kitchen,Heating,""Smoke Detector""}","$100.00","",11,94,10,9,10,8,9,1.42,38
"3028",2298775,"f","Victory Heights",47.7014529950343,-122.308224999441,"House","Private room",2,1,1,1,"Real Bed","{""Wireless Internet"",Kitchen,""Free Parking on Premises"",""Pets live on this property"",Dog(s),""Indoor Fireplace"",Heating,""Family/Kid Friendly"",Washer,Dryer,Shampoo,Iron}","$60.00","",23,94,9,10,10,9,10,1.1,102
"3029",7455706,"f","Victory Heights",47.7108986711982,-122.311876060741,"House","Entire home/apt",3,1,1,1,"Real Bed","{TV,Internet,""Wireless Internet"",""Free Parking on Premises"",""Pets Allowed"",""Pets live on this property"",Dog(s),Heating,""Family/Kid Friendly"",Washer,Dryer,Essentials,Shampoo,""24-Hour Check-in"",Hangers,""Hair Dryer"",Iron,""Laptop Friendly Workspace""}","$70.00","$5.00",4,85,9,10,10,10,9,2.67,67
"3030",1142039,"f","Victory Heights",47.7012205992781,-122.308149697706,"House","Private room",1,1,1,1,"Real Bed","{""Wireless Internet"",Kitchen,""Free Parking on Premises"",""Pets live on this property"",Dog(s),Heating,""Family/Kid Friendly"",Washer,Dryer}","$50.00","",20,95,9,10,10,9,9,1.34,104
"3031",3563218,"f","Victory Heights",47.716248790408,-122.311810617027,"Apartment","Private room",2,1,1,1,"Real Bed","{TV,""Wireless Internet"",""Elevator in Building"",Heating,""Family/Kid Friendly"",Washer,Dryer,""Smoke Detector"",Essentials}","$45.00","$25.00",29,92,9,10,10,9,9,1.62,46
"3032",7789264,"t","Victory Heights",47.7076382037511,-122.310744884696,"Apartment","Entire home/apt",3,1,1,3,"Real Bed","{TV,""Cable TV"",Internet,""Wireless Internet"",Kitchen,""Free Parking on Premises"",Heating,""Family/Kid Friendly"",Washer,Dryer,""Smoke Detector"",""Carbon Monoxide Detector"",""Safety Card"",Essentials,Shampoo,""24-Hour Check-in"",Hangers,""Hair Dryer"",Iron,""Laptop Friendly Workspace""}","$119.00","$50.00",9,96,10,10,10,10,10,2.16,78
"3033",6935953,"f","Victory Heights",47.7132823658025,-122.302950795541,"House","Private room",2,1,1,1,"Real Bed","{Internet,""Wireless Internet"",Kitchen,""Free Parking on Premises"",Heating,""Suitable for Events"",Washer,Dryer,""Smoke Detector"",Essentials,Shampoo}","$200.00","",1,100,10,10,10,10,10,0.2,45
"3034",3441402,"f","Victory Heights",47.7170532688133,-122.302837990981,"House","Entire home/apt",3,1,0,1,"Real Bed","{Internet,""Wireless Internet"",Kitchen,""Free Parking on Premises"",Heating,""Smoke Detector"",""Carbon Monoxide Detector"",""First Aid Kit"",""Safety Card"",""Fire Extinguisher"",Essentials,Shampoo,""24-Hour Check-in"",Hangers,""Hair Dryer"",Iron,""Laptop Friendly Workspace""}","$65.00","",106,95,10,10,10,9,10,5.78,42
"3035",921571,"f","Victory Heights",47.7048788030451,-122.309582469612,"House","Private room",2,1,1,1,"Real Bed","{""Cable TV"",""Wireless Internet"",Kitchen,""Free Parking on Premises"",""Pets live on this property"",Dog(s),""Hot Tub"",Heating,Washer,Dryer}","$50.00","",7,91,9,10,9,9,10,0.23,86
"3036",5205984,"f","Victory Heights",47.7125857967607,-122.310704116557,"House","Private room",2,1,1,1,"Airbed","{TV,""Cable TV"",Internet,""Wireless Internet"",Kitchen,""Free Parking on Premises"",Heating,Washer,Dryer,""Smoke Detector"",Essentials,Shampoo}","$60.00","$50.00",4,100,9,10,10,10,10,0.62,52
"3037",5352741,"f","Victory Heights",47.7165475594099,-122.298194809635,"Apartment","Private room",1,1,1,1,"Real Bed","{""Wireless Internet"",Kitchen,""Free Parking on Premises"",Heating,""Smoke Detector""}","$60.00","",2,100,10,10,9,9,10,0.3,38
"3038",1461971,"f","Victory Heights",47.7123053853376,-122.311485706281,"House","Entire home/apt",4,1,2,2,"Real Bed","{TV,""Cable TV"",Internet,""Wireless Internet"",""Air Conditioning"",Kitchen,""Free Parking on Premises"",""Pets Allowed"",""Indoor Fireplace"",Heating,Washer,Dryer,""Smoke Detector"",""Fire Extinguisher""}","$129.00","$120.00",6,93,10,10,10,8,10,0.29,55
"3039",6690388,"t","Victory Heights",47.7019772630012,-122.305066967939,"House","Entire home/apt",2,1,1,1,"Real Bed","{TV,""Cable TV"",""Wireless Internet"",Kitchen,""Free Parking on Premises"",Heating,""Smoke Detector"",""Carbon Monoxide Detector"",""First Aid Kit"",""Safety Card"",""Fire Extinguisher"",Essentials,Shampoo,""24-Hour Check-in"",Hangers,""Hair Dryer"",Iron,""Laptop Friendly Workspace""}","$68.00","$75.00",16,100,10,10,10,10,10,2.53,84
"3040",1190571,"f","Matthews Beach",47.6949718321651,-122.277481483734,"House","Private room",2,1,1,1,"Real Bed","{TV,Internet,""Wireless Internet"",Kitchen,""Free Parking on Premises"",Breakfast,""Indoor Fireplace"",Heating,Washer,Dryer,""Smoke Detector"",""First Aid Kit"",Essentials,Shampoo}","$60.00","",9,89,8,9,10,9,9,0.31,60
"3041",231097,"t","Matthews Beach",47.7063897406246,-122.280745621686,"House","Private room",2,1,1,1,"Real Bed","{""Wireless Internet"",Kitchen,""Free Parking on Premises"",""Pets live on this property"",Cat(s),Heating,""Family/Kid Friendly"",Washer,Dryer,""Smoke Detector"",""Carbon Monoxide Detector"",""First Aid Kit"",""Fire Extinguisher"",Essentials,Shampoo}","$51.00","",106,98,10,10,10,9,10,2.05,36
"3042",149489,"f","Matthews Beach",47.7050590046162,-122.280982540923,"House","Private room",2,2,1,1,"Real Bed","{TV,Internet,""Wireless Internet"",Kitchen,""Free Parking on Premises"",Heating,Washer,Dryer,""Smoke Detector"",""First Aid Kit"",""Fire Extinguisher"",Essentials,Shampoo}","$50.00","",0,NA,NA,NA,NA,NA,NA,NA,36
"3043",3703121,"f","Matthews Beach",47.6945468519303,-122.276586253173,"House","Entire home/apt",4,1,2,2,"Real Bed","{TV,""Cable TV"",""Wireless Internet"",Kitchen,""Free Parking on Premises"",""Indoor Fireplace"",Heating,Washer,Dryer,""Smoke Detector"",""Carbon Monoxide Detector"",Essentials,Shampoo}","$150.00","$50.00",12,98,10,10,10,10,10,0.75,58
"3044",3004007,"f","Matthews Beach",47.6933312428989,-122.274309124836,"House","Entire home/apt",4,1,2,2,"Real Bed","{TV,""Cable TV"",Internet,""Wireless Internet"",""Air Conditioning"",Kitchen,""Free Parking on Premises"",""Pets live on this property"",Dog(s),Heating,""Family/Kid Friendly"",Washer,Dryer,""Smoke Detector"",""Carbon Monoxide Detector"",""First Aid Kit"",""Safety Card"",""Fire Extinguisher"",Essentials,Shampoo}","$125.00","$50.00",23,99,10,10,10,10,10,1.16,50
"3045",3870937,"f","Matthews Beach",47.702454769521,-122.276419479734,"House","Entire home/apt",4,1,1,2,"Real Bed","{TV,Internet,""Wireless Internet"",Kitchen,""Free Parking on Premises"",Heating,""Family/Kid Friendly"",Washer,Dryer,Essentials,Shampoo}","$119.00","$50.00",37,97,10,10,10,10,10,2.22,36
"3046",3242247,"f","Matthews Beach",47.7024934521342,-122.277430350748,"House","Entire home/apt",2,1,1,1,"Real Bed","{TV,""Cable TV"",""Wireless Internet"",""Free Parking on Premises"",""Pets live on this property"",Dog(s),Heating,""Family/Kid Friendly"",Essentials,Shampoo}","$87.00","$30.00",26,95,10,10,10,10,9,1.38,37
"3047",6350606,"f","Matthews Beach",47.6981697677429,-122.275308688597,"House","Entire home/apt",2,1,1,1,"Real Bed","{TV,Internet,""Wireless Internet"",""Air Conditioning"",Kitchen,""Free Parking on Premises"",""Pets live on this property"",Heating,""Family/Kid Friendly"",Washer,Dryer,""Smoke Detector"",""Carbon Monoxide Detector"",""Fire Extinguisher"",Essentials,Shampoo}","$130.00","$90.00",3,100,10,10,10,10,10,0.46,40
"3048",8131762,"f","Matthews Beach",47.6991133174536,-122.273005650655,"Apartment","Entire home/apt",2,1,1,1,"Real Bed","{TV,""Cable TV"",""Wireless Internet"",Kitchen,""Free Parking on Premises"",Heating,Washer,""Smoke Detector"",""Fire Extinguisher""}","$80.00","",0,NA,NA,NA,NA,NA,NA,NA,32
"3049",9345786,"f","Matthews Beach",47.7003255446098,-122.277889939152,"Apartment","Private room",2,1,1,1,"Real Bed","{TV,Internet,""Wireless Internet"",""Air Conditioning"",Kitchen,""Free Parking on Premises"",""Smoking Allowed"",""Pets live on this property"",Cat(s),""Buzzer/Wireless Intercom"",Heating,""Family/Kid Friendly"",Washer,Dryer,Shampoo,""24-Hour Check-in"",Hangers,""Hair Dryer"",Iron,""Laptop Friendly Workspace""}","$65.00","",0,NA,NA,NA,NA,NA,NA,NA,39
"3050",6741526,"f","Matthews Beach",47.6952339477754,-122.272646634707,"House","Entire home/apt",8,2.5,4,4,"Real Bed","{TV,Internet,""Wireless Internet"",""Air Conditioning"",Kitchen,""Free Parking on Premises"",""Pets Allowed"",Gym,Heating,""Family/Kid Friendly"",Washer,Dryer,""Smoke Detector"",""Carbon Monoxide Detector"",""Fire Extinguisher"",Essentials,Shampoo}","$250.00","$125.00",12,95,9,10,10,10,10,2.08,40
"3051",6101613,"f","Matthews Beach",47.7169176012069,-122.283169376762,"House","Entire home/apt",8,1.5,3,3,"Real Bed","{TV,Internet,""Wireless Internet"",Kitchen,""Free Parking on Premises"",""Indoor Fireplace"",Heating,""Family/Kid Friendly"",Washer,Dryer,""Smoke Detector"",""Carbon Monoxide Detector"",""First Aid Kit"",""Safety Card"",""Fire Extinguisher"",Essentials,Shampoo,""24-Hour Check-in"",Hangers,""Hair Dryer"",Iron,""Laptop Friendly Workspace""}","$159.00","$69.00",6,90,9,10,10,9,10,2.14,28
"3052",1190224,"f","Matthews Beach",47.6942417374982,-122.277246440537,"House","Private room",2,1,1,1,"Real Bed","{TV,Internet,""Wireless Internet"",Kitchen,""Free Parking on Premises"",Breakfast,""Indoor Fireplace"",Heating,Washer,Dryer,""Smoke Detector"",""First Aid Kit"",Essentials,Shampoo}","$60.00","",14,94,9,10,10,9,9,0.5,61
"3053",8704931,"f","Matthews Beach",47.7043993087598,-122.2891185077,"Apartment","Entire home/apt",4,1,1,2,"Real Bed","{TV,""Cable TV"",Internet,""Wireless Internet"",""Air Conditioning"",Kitchen,""Free Parking on Premises"",""Pets Allowed"",""Pets live on this property"",Dog(s),Heating,""Family/Kid Friendly"",Washer,Dryer,""Smoke Detector"",""Carbon Monoxide Detector"",""First Aid Kit"",""Fire Extinguisher"",Essentials,Shampoo,""24-Hour Check-in"",Hangers,""Hair Dryer"",Iron,""Laptop Friendly Workspace""}","$91.00","$30.00",5,100,10,10,10,10,10,2.34,50
"3054",9591718,"f","Matthews Beach",47.7131688638652,-122.279578847849,"House","Private room",1,1,1,1,"Real Bed","{""Wireless Internet"",""Air Conditioning"",""Wheelchair Accessible"",Kitchen,""Free Parking on Premises"",Heating,""Family/Kid Friendly"",Washer,Dryer,""Smoke Detector"",""Carbon Monoxide Detector"",""First Aid Kit"",""Fire Extinguisher"",Shampoo,""Lock on Bedroom Door"",Hangers,""Laptop Friendly Workspace""}","$125.00","$50.00",0,NA,NA,NA,NA,NA,NA,NA,31
"3055",9432497,"f","Matthews Beach",47.6990265362711,-122.284527418695,"House","Private room",2,1,1,1,"Real Bed","{TV,Internet,""Wireless Internet"",Kitchen,""Free Parking on Premises"",""Indoor Fireplace"",Heating,Washer,Dryer,""Smoke Detector"",""First Aid Kit"",""Fire Extinguisher"",Essentials,Shampoo,""Lock on Bedroom Door"",""24-Hour Check-in"",Hangers,""Hair Dryer"",""Laptop Friendly Workspace""}","$43.00","",5,88,10,10,10,9,9,3.49,56
"3056",7931111,"f","Matthews Beach",47.6951692083303,-122.275210168446,"Apartment","Entire home/apt",2,1,1,1,"Real Bed","{Internet,""Wireless Internet"",Kitchen,""Free Parking on Premises"",Heating,Washer,Dryer,""Smoke Detector"",""Carbon Monoxide Detector"",""First Aid Kit"",""Safety Card"",""Fire Extinguisher"",Essentials,Shampoo}","$68.00","$25.00",7,100,10,10,10,10,10,2.21,47
"3057",5031357,"f","Matthews Beach",47.7064899188995,-122.279164452186,"House","Private room",3,1,1,1,"Real Bed","{""Wireless Internet"",""Free Parking on Premises"",Heating,""Family/Kid Friendly"",Washer,Dryer,""Smoke Detector"",""Carbon Monoxide Detector"",""First Aid Kit"",""Safety Card"",""Fire Extinguisher"",Essentials,Shampoo}","$70.00","$50.00",2,80,10,10,10,10,9,0.25,35
"3058",6603376,"t","Matthews Beach",47.7010913475646,-122.275306292592,"House","Entire home/apt",10,2.5,3,4,"Real Bed","{TV,""Cable TV"",Internet,""Wireless Internet"",Kitchen,""Free Parking on Premises"",Heating,Washer,Dryer,""Smoke Detector"",""Carbon Monoxide Detector"",""First Aid Kit"",""Fire Extinguisher"",Essentials,Shampoo,""Hair Dryer"",Iron}","$252.00","$149.00",32,99,10,10,10,10,10,4.4,36
"3059",3861673,"t","Whittier Heights",47.6840296740061,-122.374086222583,"House","Private room",2,1,1,1,"Real Bed","{TV,""Cable TV"",""Wireless Internet"",""Air Conditioning"",""Pets live on this property"",Dog(s),Heating,""Smoke Detector"",""First Aid Kit"",Essentials,Shampoo}","$71.00","",175,99,10,10,10,10,10,10.61,131
"3060",461234,"f","Whittier Heights",47.6839408812887,-122.373045532565,"Apartment","Entire home/apt",2,1,1,1,"Real Bed","{TV,""Wireless Internet"",""Air Conditioning"",""Wheelchair Accessible"",Kitchen,""Free Parking on Premises"",Breakfast,""Pets live on this property"",Cat(s),""Other pet(s)"",Heating,""Smoke Detector"",""Fire Extinguisher"",Shampoo}","$99.00","",146,96,10,10,10,10,10,3.36,138
"3061",3510818,"t","Whittier Heights",47.6795907323775,-122.37001012252,"House","Entire home/apt",2,1,1,1,"Real Bed","{Internet,""Wireless Internet"",Kitchen,""Free Parking on Premises"",Heating,""Smoke Detector"",""Fire Extinguisher"",Essentials,Shampoo}","$140.00","$100.00",19,98,10,10,10,10,10,1.1,159
"3062",6245498,"t","Whittier Heights",47.6807345028521,-122.371838351301,"House","Entire home/apt",3,1,2,2,"Real Bed","{""Cable TV"",""Wireless Internet"",Kitchen,""Free Parking on Premises"",Heating,Washer,Dryer,""Smoke Detector"",""Carbon Monoxide Detector"",""Fire Extinguisher"",Essentials}","$105.00","$50.00",24,92,10,10,10,10,10,3.12,150
"3063",6557018,"f","Whittier Heights",47.6851492875605,-122.376376436331,"Loft","Entire home/apt",4,1,2,2,"Real Bed","{TV,""Cable TV"",Internet,""Wireless Internet"",""Wheelchair Accessible"",""Free Parking on Premises"",""Pets Allowed"",Heating,""Family/Kid Friendly"",""Suitable for Events"",""Smoke Detector"",""Carbon Monoxide Detector"",""First Aid Kit"",""Safety Card"",""Fire Extinguisher"",Essentials,Shampoo}","$115.00","$60.00",13,92,10,10,9,9,9,2.69,119
"3064",170469,"f","Whittier Heights",47.6786054730194,-122.374045636553,"Townhouse","Private room",2,1,1,1,"Real Bed","{Internet,""Wireless Internet"",""Pets live on this property"",Dog(s),Heating,Washer,Dryer,""Smoke Detector"",""First Aid Kit"",Essentials,Shampoo,""Lock on Bedroom Door"",""24-Hour Check-in"",Hangers,""Laptop Friendly Workspace""}","$60.00","",0,NA,NA,NA,NA,NA,NA,NA,149
"3065",7873789,"f","Whittier Heights",47.6830940296946,-122.371383922701,"House","Entire home/apt",6,1,2,4,"Real Bed","{""Wireless Internet"",""Free Parking on Premises"",""Pets live on this property"",Dog(s),Cat(s),Heating,""Family/Kid Friendly"",""Smoke Detector"",""Carbon Monoxide Detector"",Essentials,Shampoo}","$125.00","$15.00",22,98,10,10,10,10,10,5.55,142
"3066",6691873,"t","Whittier Heights",47.688540190988,-122.366811600993,"Apartment","Entire home/apt",2,1,1,1,"Real Bed","{Internet,""Wireless Internet"",Kitchen,""Free Parking on Premises"",""Pets live on this property"",Dog(s),Heating,Washer,Dryer,""Smoke Detector"",""Carbon Monoxide Detector"",""First Aid Kit"",""Fire Extinguisher"",Essentials,Shampoo}","$90.00","$30.00",39,95,10,10,10,10,10,5.49,136
"3067",7638689,"f","Whittier Heights",47.6836648806372,-122.37085780739,"House","Entire home/apt",6,1,2,4,"Real Bed","{TV,Internet,""Wireless Internet"",Kitchen,""Free Parking on Premises"",""Indoor Fireplace"",Heating,""Family/Kid Friendly"",Washer,Dryer,""Smoke Detector"",""Carbon Monoxide Detector"",""First Aid Kit"",""Fire Extinguisher"",Essentials}","$150.00","$90.00",4,95,10,10,10,10,10,0.9,141
"3068",5968862,"f","Whittier Heights",47.6870226091278,-122.373211463956,"House","Entire home/apt",4,2,2,2,"Real Bed","{TV,""Cable TV"",Internet,""Wireless Internet"",Kitchen,""Free Parking on Premises"",""Pets live on this property"",Cat(s),Heating,""Family/Kid Friendly"",Washer,Dryer,""Smoke Detector"",""Carbon Monoxide Detector"",""First Aid Kit"",""Safety Card"",""Fire Extinguisher"",Essentials,Shampoo}","$200.00","$50.00",1,100,10,10,10,10,10,0.16,116
"3069",260613,"t","Whittier Heights",47.6864895275873,-122.368461883852,"Apartment","Entire home/apt",2,1,1,1,"Real Bed","{TV,""Cable TV"",Internet,""Wireless Internet"",Kitchen,""Pets live on this property"",Cat(s),Heating,Washer,Dryer,""Smoke Detector"",""Carbon Monoxide Detector"",""Safety Card"",""Fire Extinguisher"",Essentials,Shampoo}","$135.00","$125.00",18,98,10,10,10,10,9,0.38,131
"3070",4718820,"f","Whittier Heights",47.690247083527,-122.369628881765,"House","Private room",1,1,1,1,"Real Bed","{TV,""Wireless Internet"",""Air Conditioning"",Kitchen,""Free Parking on Premises"",Gym,Breakfast,""Hot Tub"",""Indoor Fireplace"",Heating,Washer,Dryer,""Smoke Detector"",""Carbon Monoxide Detector"",Essentials,Shampoo}","$35.00","$25.00",7,97,10,10,10,10,10,0.57,123
"3071",6897639,"f","Whittier Heights",47.6796920472121,-122.369292600993,"House","Entire home/apt",4,3.5,4,4,"Real Bed","{TV,""Cable TV"",Internet,""Wireless Internet"",""Air Conditioning"",Kitchen,""Free Parking on Premises"",""Indoor Fireplace"",Heating,""Family/Kid Friendly"",Washer,Dryer,""Smoke Detector"",""Carbon Monoxide Detector""}","$400.00","$150.00",0,NA,NA,NA,NA,NA,NA,NA,160
"3072",1023693,"t","Whittier Heights",47.6772086476255,-122.369695686555,"Apartment","Entire home/apt",2,1,1,1,"Real Bed","{Internet,""Wireless Internet"",Kitchen,""Free Parking on Premises"",Heating,""Smoke Detector"",""Carbon Monoxide Detector"",""Fire Extinguisher"",Essentials,Shampoo}","$115.00","$75.00",119,98,10,10,10,10,10,4.04,161
"3073",4438871,"f","Whittier Heights",47.6768555585376,-122.367117083253,"House","Private room",2,1,1,1,"Real Bed","{""Wireless Internet"",Kitchen,""Free Parking on Premises"",""Pets live on this property"",Cat(s),Heating,""Family/Kid Friendly"",""Smoke Detector"",""Carbon Monoxide Detector"",""First Aid Kit"",""Fire Extinguisher"",Essentials}","$86.00","$15.00",13,94,10,10,10,9,9,1.4,172
"3074",4438160,"f","Whittier Heights",47.676632376023,-122.366792419914,"House","Entire home/apt",3,2,2,2,"Real Bed","{Internet,""Wireless Internet"",Kitchen,""Free Parking on Premises"",""Pets Allowed"",Heating,""Family/Kid Friendly"",Washer,Dryer,""Smoke Detector"",""Carbon Monoxide Detector"",""Fire Extinguisher"",""24-Hour Check-in"",Iron}","$150.00","$75.00",5,96,9,10,10,10,10,0.4,175
"3075",7870538,"f","Whittier Heights",47.687133114702,-122.376307606729,"House","Entire home/apt",8,2.5,3,3,"Real Bed","{TV,""Cable TV"",Internet,""Wireless Internet"",""Air Conditioning"",""Wheelchair Accessible"",Kitchen,""Free Parking on Premises"",""Pets Allowed"",Heating,""Family/Kid Friendly"",""Suitable for Events"",Washer,Dryer,""Smoke Detector"",""Carbon Monoxide Detector"",""First Aid Kit"",""Safety Card"",""Fire Extinguisher"",Essentials,Shampoo}","$225.00","$160.00",5,100,10,10,10,10,10,1.34,113
"3076",6153532,"t","Whittier Heights",47.6880061029652,-122.369559800394,"House","Private room",2,1,1,1,"Real Bed","{""Wireless Internet"",""Wheelchair Accessible"",""Free Parking on Premises"",""Pets live on this property"",Cat(s),Heating,""Smoke Detector"",""Carbon Monoxide Detector"",""Fire Extinguisher"",Essentials,Shampoo,Hangers,""Hair Dryer"",Iron,""Laptop Friendly Workspace""}","$118.00","$40.00",30,99,10,10,10,10,10,4.37,120
"3077",488268,"f","Whittier Heights",47.6889170459261,-122.375864246097,"House","Private room",2,1,1,1,"Futon","{TV,Internet,""Wireless Internet"",Kitchen,""Pets Allowed"",""Pets live on this property"",Cat(s),Heating,Washer,Dryer,""Smoke Detector"",""Carbon Monoxide Detector"",""Fire Extinguisher"",Essentials,Shampoo}","$58.00","",85,94,9,10,10,10,10,1.93,111
"3078",6375415,"f","Whittier Heights",47.6776344411448,-122.375433309854,"House","Entire home/apt",7,2.5,3,5,"Real Bed","{TV,""Cable TV"",Internet,""Wireless Internet"",Kitchen,""Free Parking on Premises"",""Indoor Fireplace"",Heating,""Family/Kid Friendly"",Washer,Dryer,""Smoke Detector"",""Carbon Monoxide Detector"",""First Aid Kit"",""Fire Extinguisher"",Essentials,Shampoo}","$375.00","$100.00",18,97,10,10,10,10,9,2.54,148
"3079",4429898,"f","Whittier Heights",47.6799167022566,-122.367106915277,"Apartment","Entire home/apt",3,1,2,1,"Real Bed","{TV,Internet,""Wireless Internet"",Kitchen,""Free Parking on Premises"",""Pets Allowed"",""Pets live on this property"",""Indoor Fireplace"",Heating,Washer,Dryer,""Smoke Detector"",""Carbon Monoxide Detector"",""Fire Extinguisher"",Essentials,Shampoo}","$89.00","$50.00",24,94,10,10,10,9,9,1.79,165
"3080",5991139,"f","Whittier Heights",47.6834524221288,-122.376180201714,"Apartment","Entire home/apt",2,1,0,1,"Real Bed","{""Wireless Internet"",Kitchen,""Free Parking on Premises"",""Pets live on this property"",Heating,""Smoke Detector"",""Carbon Monoxide Detector"",Essentials,Shampoo}","$80.00","$40.00",8,95,10,10,10,9,10,1.33,130
"3081",6130287,"t","Whittier Heights",47.6772857184561,-122.37463123385,"Apartment","Private room",2,1,1,1,"Real Bed","{TV,Internet,Kitchen,""Pets live on this property"",""Elevator in Building"",Heating,Washer,Dryer,""Smoke Detector"",""Carbon Monoxide Detector"",Essentials}","$65.00","$50.00",9,100,10,10,10,9,9,1.32,148
"3082",1623894,"t","Whittier Heights",47.6790900660059,-122.369674685505,"House","Entire home/apt",4,1,1,2,"Real Bed","{TV,Internet,""Wireless Internet"",Kitchen,""Pets live on this property"",Cat(s),Heating,""Family/Kid Friendly"",Washer,Dryer,""Smoke Detector"",""Carbon Monoxide Detector"",""First Aid Kit"",Essentials,Shampoo,""24-Hour Check-in"",Hangers,""Hair Dryer"",Iron,""Laptop Friendly Workspace""}","$115.00","$50.00",82,99,10,10,10,10,10,3.78,159
"3083",6453383,"f","Whittier Heights",47.6798016629803,-122.375069588547,"House","Private room",2,1,1,1,"Real Bed","{""Cable TV"",""Wireless Internet"",""Free Parking on Premises"",Heating,""Family/Kid Friendly"",Washer,Dryer,""Smoke Detector"",""First Aid Kit"",Essentials,Shampoo,""Lock on Bedroom Door"",Hangers}","$69.00","$10.00",38,96,10,10,10,10,10,5.11,147
"3084",25002,"t","Whittier Heights",47.6794116899469,-122.370539626105,"House","Entire home/apt",4,1,1,2,"Real Bed","{TV,""Cable TV"",Internet,""Wireless Internet"",""Free Parking on Premises"",""Pets live on this property"",Cat(s),Heating,""Family/Kid Friendly"",Washer,Dryer,""Smoke Detector"",""Carbon Monoxide Detector"",""Fire Extinguisher"",Essentials,Shampoo}","$75.00","$15.00",404,98,10,10,10,10,10,5.82,156
"3085",5183164,"t","Meadowbrook",47.7092022861952,-122.297901077366,"House","Private room",2,1,1,1,"Real Bed","{Internet,""Wireless Internet"",Kitchen,""Free Parking on Premises"",""Pets live on this property"",Cat(s),""Indoor Fireplace"",Heating,""Family/Kid Friendly"",Washer,Dryer,""Smoke Detector"",""Carbon Monoxide Detector"",""First Aid Kit"",""Fire Extinguisher"",Shampoo}","$47.00","",34,96,10,10,10,10,9,3.09,50
"3086",10235136,"f","Meadowbrook",47.6987100757947,-122.295758350873,"House","Private room",2,1,1,1,"Real Bed","{TV,""Wireless Internet"",Heating,""Smoke Detector"",""Carbon Monoxide Detector"",Essentials,""Lock on Bedroom Door""}","$50.00","",0,NA,NA,NA,NA,NA,NA,NA,76
"3087",2352218,"t","Meadowbrook",47.6989057209966,-122.292220158652,"House","Entire home/apt",2,1,1,1,"Real Bed","{""Wireless Internet"",Kitchen,""Free Parking on Premises"",""Pets live on this property"",Cat(s),Heating,""Smoke Detector"",""Carbon Monoxide Detector"",Shampoo}","$80.00","",47,96,10,10,10,9,10,2.22,68
"3088",5695344,"t","Meadowbrook",47.7093514701154,-122.297974874646,"House","Private room",1,1,1,1,"Real Bed","{Internet,""Wireless Internet"",Kitchen,""Free Parking on Premises"",""Pets live on this property"",Cat(s),""Indoor Fireplace"",Heating,Washer,Dryer,""Smoke Detector"",""Carbon Monoxide Detector"",""First Aid Kit"",""Fire Extinguisher"",Shampoo}","$60.00","",4,90,10,10,10,9,10,0.47,51
"3089",5403847,"t","Meadowbrook",47.7112521263259,-122.294039389275,"House","Private room",2,1,1,1,"Real Bed","{TV,Internet,""Wireless Internet"",Kitchen,""Free Parking on Premises"",""Smoking Allowed"",Heating,Washer,Dryer,""Smoke Detector"",""First Aid Kit"",""Fire Extinguisher"",Essentials,Shampoo}","$55.00","",26,98,10,10,10,9,10,3.31,37
"3090",1187735,"t","Meadowbrook",47.7091987942647,-122.300045579459,"House","Entire home/apt",8,2,4,4,"Real Bed","{""Cable TV"",""Wireless Internet"",Kitchen,""Free Parking on Premises"",""Pets Allowed"",""Hot Tub"",""Indoor Fireplace"",Heating,""Family/Kid Friendly"",""Suitable for Events"",Washer,Dryer,""Smoke Detector"",""Carbon Monoxide Detector"",""First Aid Kit"",""Fire Extinguisher"",Essentials,Shampoo,""24-Hour Check-in"",Hangers,""Hair Dryer"",Iron,""Laptop Friendly Workspace""}","$250.00","$100.00",30,97,10,10,10,9,9,0.98,52
"3091",8976178,"f","Meadowbrook",47.7134802331613,-122.293787433884,"House","Entire home/apt",2,1,0,1,"Real Bed","{TV,Internet,""Wireless Internet"",Kitchen,""Free Parking on Premises"",Breakfast,Heating,""Family/Kid Friendly"",Washer,Dryer,""Smoke Detector"",""Carbon Monoxide Detector"",""First Aid Kit"",Essentials,Shampoo,Hangers,""Hair Dryer"",Iron,""Laptop Friendly Workspace""}","$89.00","$50.00",5,96,9,10,10,10,10,3.06,36
"3092",8717068,"f","Meadowbrook",47.6985466257106,-122.293449865425,"Cabin","Entire home/apt",2,1,0,1,"Futon","{Kitchen,""Free Parking on Premises"",Heating,Washer,Dryer,""Smoke Detector"",""Carbon Monoxide Detector"",""Safety Card"",Essentials,Shampoo,Hangers,""Laptop Friendly Workspace""}","$68.00","",1,100,10,10,10,10,10,0.7,71
"3093",9717757,"f","Meadowbrook",47.7110251271491,-122.293326068488,"House","Entire home/apt",4,1,2,4,"Real Bed","{TV,""Cable TV"",Internet,""Wireless Internet"",""Wheelchair Accessible"",Kitchen,""Free Parking on Premises"",""Hot Tub"",Heating,""Family/Kid Friendly"",Washer,Dryer,""Smoke Detector"",""Carbon Monoxide Detector"",""First Aid Kit"",""Safety Card"",""Fire Extinguisher"",Essentials}","$189.00","$150.00",0,NA,NA,NA,NA,NA,NA,NA,37
"3094",3308825,"f","Industrial District",47.5886957266256,-122.380150118506,"Apartment","Private room",2,1,1,1,"Real Bed","{TV,""Cable TV"",Internet,""Wireless Internet"",""Air Conditioning"",""Wheelchair Accessible"",Kitchen,""Elevator in Building"",""Indoor Fireplace"",""Buzzer/Wireless Intercom"",Heating,""Family/Kid Friendly"",""Suitable for Events"",Washer,Dryer,""Smoke Detector"",""Carbon Monoxide Detector"",""First Aid Kit"",Essentials,Shampoo}","$130.00","$50.00",20,99,10,10,10,10,9,1.07,152
"3095",8921924,"f","Olympic Hills",47.722998886779,-122.303462216422,"House","Private room",1,1,1,1,"Real Bed","{Internet,""Wireless Internet"",""Air Conditioning"",Kitchen,""Free Parking on Premises"",""Pets live on this property"",Cat(s),Heating,Washer,Dryer,""Smoke Detector"",""Carbon Monoxide Detector"",""First Aid Kit"",""Fire Extinguisher"",Essentials,Shampoo,""Lock on Bedroom Door"",Hangers,""Hair Dryer"",Iron,""Laptop Friendly Workspace""}","$35.00","$10.00",2,100,10,10,10,8,10,2,43
"3096",2260626,"f","Olympic Hills",47.7204928858519,-122.300026764529,"House","Private room",2,1,1,1,"Real Bed","{Internet,""Wireless Internet"",""Free Parking on Premises"",Heating,""Family/Kid Friendly"",""Smoke Detector"",""Carbon Monoxide Detector"",""First Aid Kit"",""Safety Card"",""Fire Extinguisher"",Essentials}","$55.00","",86,88,9,9,10,9,9,3.71,38
"3097",7635496,"f","Olympic Hills",47.7320871473046,-122.309781324622,"House","Private room",1,1,1,1,"Real Bed","{TV,""Wireless Internet"",Kitchen,""Free Parking on Premises"",""Pets live on this property"",Cat(s),Heating,Washer,Dryer,""Smoke Detector"",""Fire Extinguisher""}","$65.00","",4,95,10,10,10,10,10,0.76,45
"3098",8086294,"f","Olympic Hills",47.7285561532944,-122.298158729554,"House","Private room",1,1,1,1,"Real Bed","{Internet,""Wireless Internet"",""Air Conditioning"",Kitchen,""Free Parking on Premises"",""Pets live on this property"",Cat(s),Heating,Washer,Dryer,""Smoke Detector"",""Carbon Monoxide Detector"",""First Aid Kit"",""Fire Extinguisher"",Essentials,Shampoo,Hangers,""Hair Dryer"",Iron}","$42.00","$15.00",3,100,10,10,10,10,10,0.72,39
"3099",1097766,"f","Olympic Hills",47.7232303400544,-122.303731826187,"House","Private room",2,1,1,1,"Futon","{Internet,""Wireless Internet"",""Air Conditioning"",Kitchen,""Free Parking on Premises"",""Pets live on this property"",Cat(s),Heating,""Family/Kid Friendly"",Washer,Dryer,""Smoke Detector"",""Carbon Monoxide Detector"",""First Aid Kit"",""Fire Extinguisher"",Essentials,Shampoo,Hangers,""Hair Dryer"",Iron,""Laptop Friendly Workspace""}","$55.00","$10.00",10,96,10,10,10,9,10,1.69,43
"3100",4950847,"f","Olympic Hills",47.7278461179675,-122.303825867101,"House","Private room",2,1,1,1,"Real Bed","{TV,""Cable TV"",Internet,""Wireless Internet"",Kitchen,""Free Parking on Premises"",Heating,""Family/Kid Friendly"",Washer,Dryer,""Smoke Detector"",""Carbon Monoxide Detector"",""Fire Extinguisher"",Essentials,Shampoo}","$80.00","",0,NA,NA,NA,NA,NA,NA,NA,40
"3101",670056,"f","Olympic Hills",47.7252100167847,-122.301926343616,"House","Private room",2,1,1,1,"Real Bed","{""Cable TV"",""Wireless Internet"",Kitchen,""Free Parking on Premises"",Heating,""Family/Kid Friendly"",""Suitable for Events"",""Smoke Detector"",""First Aid Kit"",Essentials,Shampoo}","$56.00","$20.00",15,85,9,10,10,9,9,0.38,40
"3102",7069080,"f","Olympic Hills",47.7265406334695,-122.304249304178,"House","Private room",1,1,1,1,"Real Bed","{}","$50.00","$20.00",4,95,10,10,10,10,9,0.67,42
"3103",4701146,"f","Olympic Hills",47.7215628095903,-122.307670461805,"House","Entire home/apt",2,1,1,2,"Real Bed","{Kitchen,""Free Parking on Premises"",""Pets live on this property"",Cat(s),Heating,Washer,Dryer,""Smoke Detector"",""Carbon Monoxide Detector"",""Fire Extinguisher"",Essentials,Shampoo}","$93.00","$20.00",19,92,10,10,10,9,10,1.47,43
"3104",670021,"f","Olympic Hills",47.7258816611029,-122.301063146141,"House","Private room",2,1,1,1,"Real Bed","{""Cable TV"",""Wireless Internet"",Kitchen,""Free Parking on Premises"",Heating,""Family/Kid Friendly"",""Smoke Detector"",Essentials,Shampoo}","$54.00","$20.00",11,76,7,9,9,8,7,0.27,40
"3105",6813623,"t","Olympic Hills",47.7299135447556,-122.309630472494,"House","Entire home/apt",6,2,3,3,"Real Bed","{TV,Internet,""Wireless Internet"",Kitchen,""Free Parking on Premises"",""Indoor Fireplace"",Heating,""Family/Kid Friendly"",Washer,Dryer,""Carbon Monoxide Detector"",Essentials,Shampoo}","$240.00","$100.00",10,100,10,10,10,9,10,1.53,44
"3106",3208667,"f","Olympic Hills",47.7277645605378,-122.298842249068,"House","Private room",3,1.5,1,3,"Real Bed","{Internet,""Wireless Internet"",""Air Conditioning"",Kitchen,""Free Parking on Premises"",Breakfast,""Pets live on this property"",Cat(s),""Indoor Fireplace"",Heating,Washer,Dryer,""Smoke Detector"",""Carbon Monoxide Detector"",""First Aid Kit"",""Safety Card"",""Fire Extinguisher"",Essentials,Shampoo,""Lock on Bedroom Door"",Hangers,""Hair Dryer"",Iron,""Laptop Friendly Workspace""}","$62.00","$30.00",42,96,10,10,10,10,10,2.47,38
"3107",10332096,"f","Olympic Hills",47.7306039450556,-122.297165440427,"House","Private room",2,1,1,1,"Real Bed","{TV,""Wireless Internet"",Kitchen,""Free Parking on Premises"",Heating,Washer,Dryer,Essentials,Shampoo,""24-Hour Check-in"",Hangers,""Hair Dryer"",Iron}","$40.00","",0,NA,NA,NA,NA,NA,NA,NA,36
"3108",4951079,"f","Olympic Hills",47.7270256272236,-122.304274463746,"House","Private room",1,1,1,1,"Real Bed","{TV,""Cable TV"",Internet,""Wireless Internet"",Kitchen,Heating,""Family/Kid Friendly"",Washer,Dryer,""Smoke Detector"",""Carbon Monoxide Detector"",""Fire Extinguisher"",Essentials,Shampoo}","$72.00","",1,80,6,8,6,6,8,0.16,41
"3109",9233533,"f","Olympic Hills",47.7204375247944,-122.308584573201,"Apartment","Entire home/apt",2,1,1,1,"Real Bed","{TV,""Cable TV"",""Wireless Internet"",Kitchen,""Free Parking on Premises"",Breakfast,Heating,Washer,Dryer,""Smoke Detector"",""First Aid Kit"",""Safety Card"",""Fire Extinguisher"",Essentials,Shampoo,Hangers,""Hair Dryer"",Iron,""Laptop Friendly Workspace""}","$95.00","$25.00",3,100,10,10,10,9,10,1.8,42
"3110",6782993,"f","Olympic Hills",47.7220223154586,-122.303641075273,"House","Private room",2,1,1,2,"Real Bed","{Internet,""Wireless Internet"",""Air Conditioning"",Kitchen,""Free Parking on Premises"",""Pets live on this property"",Heating,""Family/Kid Friendly"",Washer,Dryer,""Smoke Detector"",""Carbon Monoxide Detector"",""First Aid Kit"",""Fire Extinguisher"",Essentials,Shampoo,Hangers,""Hair Dryer"",Iron,""Laptop Friendly Workspace""}","$53.00","$10.00",24,93,10,10,10,9,9,3.6,40
"3111",8340819,"f","Roosevelt",47.6884588834308,-122.310302092679,"Townhouse","Private room",2,2,1,1,"Real Bed","{""Wireless Internet"",Kitchen,Gym,""Pets live on this property"",Dog(s),""Indoor Fireplace"",Heating,""Family/Kid Friendly"",Washer,Dryer,""Smoke Detector"",""Carbon Monoxide Detector"",""First Aid Kit"",""Fire Extinguisher"",Essentials}","$65.00","",2,100,9,9,9,9,10,0.53,184
"3112",4024844,"t","Roosevelt",47.6773681942951,-122.314872920771,"House","Entire home/apt",4,1,1,1,"Real Bed","{TV,""Wireless Internet"",Kitchen,""Free Parking on Premises"",""Pets live on this property"",Dog(s),Heating,""Family/Kid Friendly"",Washer,Dryer,""Smoke Detector"",""Carbon Monoxide Detector"",""First Aid Kit"",""Safety Card"",""Fire Extinguisher"",Essentials,Shampoo}","$80.00","$35.00",41,97,10,10,10,10,10,3.88,201
"3113",5397134,"t","Roosevelt",47.6803903939795,-122.318675615579,"House","Entire home/apt",2,1,0,1,"Real Bed","{TV,Internet,""Wireless Internet"",Kitchen,Heating,""Family/Kid Friendly"",Washer,Dryer,""Smoke Detector"",""Carbon Monoxide Detector"",""Fire Extinguisher"",Essentials,Shampoo,""24-Hour Check-in"",Hangers,""Hair Dryer"",Iron,""Laptop Friendly Workspace""}","$105.00","",23,100,10,10,10,10,10,2.4,190
"3114",8061699,"t","Roosevelt",47.683080549241,-122.315362490258,"Townhouse","Private room",1,1.5,1,1,"Real Bed","{""Wireless Internet"",Kitchen,Heating,Washer,Dryer,""Smoke Detector"",""Carbon Monoxide Detector"",""First Aid Kit"",Essentials,Hangers,""Hair Dryer""}","$40.00","$15.00",1,80,10,10,10,6,10,0.26,191
"3115",2934389,"f","Roosevelt",47.687901769275,-122.323845938782,"Apartment","Entire home/apt",4,1,2,2,"Real Bed","{Internet,""Wireless Internet"",""Wheelchair Accessible"",Kitchen,""Free Parking on Premises"",""Elevator in Building"",""Indoor Fireplace"",""Buzzer/Wireless Intercom"",Heating,""Family/Kid Friendly"",Washer,Dryer}","$93.00","$100.00",11,95,10,10,10,9,9,0.6,182
"3116",9316009,"f","Roosevelt",47.6757589330765,-122.319121373187,"Apartment","Shared room",1,1,1,1,"Couch","{TV,Internet,""Wireless Internet"",Kitchen,""Pets live on this property"",Cat(s),Heating,Washer,Dryer,""Smoke Detector"",""First Aid Kit"",Essentials,Shampoo,""Laptop Friendly Workspace""}","$76.00","",0,NA,NA,NA,NA,NA,NA,NA,214
"3117",6652199,"f","Roosevelt",47.676477794578,-122.319707071534,"House","Private room",2,1,1,1,"Real Bed","{Internet,""Wireless Internet"",Kitchen,""Free Parking on Premises"",""Pets live on this property"",Dog(s),""Indoor Fireplace"",Heating,Washer,Dryer,""Smoke Detector"",""Carbon Monoxide Detector"",""Fire Extinguisher"",Essentials,Shampoo}","$100.00","",6,100,10,10,10,10,10,0.88,214
"3118",7948034,"f","Roosevelt",47.6890004896735,-122.31827432813,"House","Private room",2,1,1,1,"Real Bed","{TV,""Cable TV"",Internet,""Wireless Internet"",""Air Conditioning"",Kitchen,""Free Parking on Premises"",Breakfast,""Indoor Fireplace"",Heating,Washer,Dryer,""Smoke Detector"",""Carbon Monoxide Detector"",""First Aid Kit"",""Safety Card"",""Fire Extinguisher"",Essentials,Shampoo}","$105.00","$75.00",0,NA,NA,NA,NA,NA,NA,NA,180
"3119",4291,"f","Roosevelt",47.6872510086471,-122.313130273865,"House","Private room",2,1,1,1,"Real Bed","{TV,""Cable TV"",Internet,""Wireless Internet"",""Free Parking on Premises"",Heating,Washer,Dryer,""Smoke Detector"",""Fire Extinguisher"",Essentials,Shampoo}","$82.00","$30.00",35,92,9,10,9,9,9,1.14,186
"3120",7018009,"f","Roosevelt",47.6833273725248,-122.312226768259,"House","Entire home/apt",6,1,3,4,"Real Bed","{""Cable TV"",""Wireless Internet"",Kitchen,""Free Parking on Premises"",""Indoor Fireplace"",Heating,""Family/Kid Friendly"",Washer,Dryer,""Smoke Detector"",""Carbon Monoxide Detector"",""First Aid Kit"",""Safety Card"",""Fire Extinguisher"",Essentials,Shampoo}","$209.00","$125.00",7,94,9,10,10,9,9,1.29,189
"3121",7661577,"t","Roosevelt",47.6745401898632,-122.315692266826,"Apartment","Entire home/apt",4,1,1,2,"Real Bed","{TV,Internet,""Wireless Internet"",Kitchen,""Free Parking on Premises"",Heating,""Family/Kid Friendly"",Washer,Dryer,""Smoke Detector"",""Carbon Monoxide Detector"",""First Aid Kit"",""Safety Card"",""Fire Extinguisher"",Essentials,Shampoo,""24-Hour Check-in"",Hangers,""Hair Dryer"",Iron,""Laptop Friendly Workspace""}","$109.00","",18,100,10,10,10,10,9,4,211
"3122",7418814,"f","Roosevelt",47.6743205881267,-122.313145862737,"Apartment","Entire home/apt",4,1,1,2,"Real Bed","{TV,Internet,""Wireless Internet"",Kitchen,""Pets live on this property"",Dog(s),Heating,""Family/Kid Friendly"",""Smoke Detector"",""Carbon Monoxide Detector"",""Safety Card"",""Fire Extinguisher"",Essentials,Shampoo}","$110.00","$50.00",12,98,10,10,10,9,9,2.21,204
"3123",4825073,"f","Roosevelt",47.6833637940849,-122.311467411997,"House","Entire home/apt",4,1,2,2,"Real Bed","{""Wireless Internet"",""Free Parking on Premises"",""Pets live on this property"",Dog(s),Heating,""Family/Kid Friendly"",Washer,Dryer,""Smoke Detector"",""Carbon Monoxide Detector"",""First Aid Kit"",Essentials,Shampoo}","$1,000.00","",1,100,10,10,10,8,10,0.08,188
"3124",9961388,"f","Roosevelt",47.6883444677054,-122.322410983997,"Apartment","Entire home/apt",2,1,1,1,"Real Bed","{TV,Internet,""Wireless Internet"",""Wheelchair Accessible"",Kitchen,""Elevator in Building"",""Buzzer/Wireless Intercom"",Heating,Washer,Dryer,""Smoke Detector"",""First Aid Kit"",""Fire Extinguisher"",Essentials,Hangers,Iron}","$60.00","",0,NA,NA,NA,NA,NA,NA,NA,184
"3125",8923774,"f","Roosevelt",47.6851144248739,-122.318304858673,"Apartment","Entire home/apt",4,1,0,2,"Real Bed","{TV,""Cable TV"",Internet,""Wireless Internet"",Kitchen,""Free Parking on Premises"",Heating,""Family/Kid Friendly"",Washer,Dryer,""Smoke Detector"",""Carbon Monoxide Detector"",""First Aid Kit"",""Safety Card"",""Fire Extinguisher"",Essentials,Shampoo}","$80.00","$80.00",4,100,10,10,10,10,10,2.55,185
"3126",7405128,"f","Roosevelt",47.6888677633772,-122.309893532534,"Apartment","Entire home/apt",4,1,0,1,"Real Bed","{TV,Internet,""Wireless Internet"",Kitchen,""Free Parking on Premises"",""Indoor Fireplace"",Heating,""Family/Kid Friendly"",Washer,Dryer,""Smoke Detector"",""Carbon Monoxide Detector"",""First Aid Kit"",""Safety Card"",""Fire Extinguisher"",Essentials,Shampoo,""Lock on Bedroom Door""}","$90.00","$60.00",0,NA,NA,NA,NA,NA,NA,NA,181
"3127",8953255,"f","Roosevelt",47.6773292180147,-122.317838742068,"House","Entire home/apt",3,1.5,2,3,"Real Bed","{TV,""Cable TV"",Internet,""Wireless Internet"",Kitchen,""Free Parking on Premises"",""Indoor Fireplace"",Heating,""Family/Kid Friendly"",Washer,Dryer,""Smoke Detector"",""Carbon Monoxide Detector"",""First Aid Kit"",""Fire Extinguisher"",Essentials,""24-Hour Check-in"",Hangers,""Laptop Friendly Workspace""}","$125.00","$20.00",1,100,10,10,10,10,8,0.59,207
"3128",9410302,"f","Roosevelt",47.6720332920368,-122.313616724151,"Apartment","Entire home/apt",3,1,1,1,"Real Bed","{TV,Internet,""Wireless Internet"",Kitchen,Heating,""Family/Kid Friendly"",Washer,Dryer,Essentials,Shampoo,""24-Hour Check-in"",""Laptop Friendly Workspace""}","$110.00","$30.00",0,NA,NA,NA,NA,NA,NA,NA,207
"3129",8559462,"f","Roosevelt",47.6884103205983,-122.317317483109,"House","Entire home/apt",6,1,1,1,"Real Bed","{Internet,Kitchen,""Free Parking on Premises"",Heating,""Family/Kid Friendly"",Washer,Dryer,""Carbon Monoxide Detector"",""Fire Extinguisher"",Essentials}","$86.00","$83.00",1,100,10,10,10,10,10,0.64,179
"3130",9901852,"f","Roosevelt",47.6745288478128,-122.314520335045,"House","Entire home/apt",4,1,1,2,"Real Bed","{Internet,""Wireless Internet"",Kitchen,Heating,Washer,Dryer,""Smoke Detector"",""Carbon Monoxide Detector"",""Fire Extinguisher"",Essentials}","$165.00","$83.00",0,NA,NA,NA,NA,NA,NA,NA,207
"3131",1145941,"f","Roosevelt",47.6785729956521,-122.313379104136,"House","Entire home/apt",6,1.5,3,4,"Real Bed","{TV,""Cable TV"",Internet,""Wireless Internet"",Kitchen,""Free Parking on Premises"",""Pets Allowed"",Breakfast,""Pets live on this property"",Dog(s),""Indoor Fireplace"",Heating,""Family/Kid Friendly"",""Smoke Detector"",""Carbon Monoxide Detector"",""First Aid Kit"",""Fire Extinguisher"",Essentials,Shampoo}","$149.00","$60.00",103,93,9,10,10,9,9,3.34,191
"3132",7802149,"f","Roosevelt",47.6843089908581,-122.313106656745,"Apartment","Entire home/apt",2,1,1,1,"Real Bed","{Internet,""Wireless Internet"",Kitchen,""Free Parking on Premises"",Heating,""Smoke Detector"",""Carbon Monoxide Detector"",Essentials}","$84.00","$61.00",1,80,10,6,8,10,10,0.38,191
"3133",3561108,"f","Roosevelt",47.677347362159,-122.314958407651,"House","Entire home/apt",3,1,2,2,"Real Bed","{TV,""Cable TV"",Internet,""Wireless Internet"",Kitchen,""Free Parking on Premises"",Heating,""Family/Kid Friendly"",""Smoke Detector"",Essentials,Shampoo}","$139.00","$50.00",23,91,9,10,10,10,9,1.35,201
"3134",5310503,"t","Roosevelt",47.6852720154986,-122.317551171459,"Townhouse","Shared room",1,1.5,1,1,"Airbed","{""Wireless Internet"",Kitchen,Heating,Washer,Dryer,""Smoke Detector"",""Carbon Monoxide Detector"",Essentials}","$33.00","$15.00",18,99,10,10,10,10,10,1.71,187
"3135",4820795,"t","Roosevelt",47.6748952250108,-122.31379975104,"Apartment","Entire home/apt",4,1,1,1,"Real Bed","{TV,""Cable TV"",Internet,""Wireless Internet"",Kitchen,Heating,""Family/Kid Friendly"",Washer,Dryer,""Smoke Detector"",""Carbon Monoxide Detector"",""Fire Extinguisher"",Essentials,Shampoo,""24-Hour Check-in"",Hangers,""Hair Dryer"",Iron,""Laptop Friendly Workspace""}","$129.00","",16,99,10,10,10,10,9,1.45,206
"3136",4664312,"f","Roosevelt",47.6815964974459,-122.31840255188,"House","Shared room",2,1,1,2,"Real Bed","{TV,Internet,""Wireless Internet"",""Air Conditioning"",Kitchen,""Free Parking on Premises"",""Pets live on this property"",""Other pet(s)"",""Hot Tub"",""Indoor Fireplace"",Heating,Washer,Dryer,""Smoke Detector"",""Carbon Monoxide Detector"",""First Aid Kit"",""Fire Extinguisher"",Essentials}","$59.00","",3,87,8,9,10,9,9,0.25,190
"3137",2804399,"f","Roosevelt",47.6862713791913,-122.309646489461,"Bed & Breakfast","Private room",4,1,1,2,"Real Bed","{Internet,""Wireless Internet"",""Free Parking on Premises"",Heating,""Family/Kid Friendly"",""Smoke Detector"",""First Aid Kit"",""Safety Card"",""Fire Extinguisher"",Essentials,Shampoo}","$90.00","$30.00",28,90,9,10,9,9,9,1.41,183
"3138",9733835,"f","Roosevelt",47.6724564691792,-122.315751130397,"House","Entire home/apt",2,1,1,1,"Real Bed","{""Cable TV"",""Wireless Internet"",Kitchen,""Pets live on this property"",Cat(s),""Indoor Fireplace"",Heating,""Smoke Detector"",""Carbon Monoxide Detector"",""Fire Extinguisher"",Essentials,""Laptop Friendly Workspace""}","$150.00","$50.00",0,NA,NA,NA,NA,NA,NA,NA,209
"3139",9888395,"f","Roosevelt",47.6765826226017,-122.318674384932,"House","Entire home/apt",6,1.5,3,4,"Real Bed","{TV,Internet,""Wireless Internet"",Kitchen,""Free Parking on Premises"",Heating,""Family/Kid Friendly"",Washer,Dryer,""Smoke Detector"",""First Aid Kit"",""Fire Extinguisher"",Essentials,Shampoo}","$94.00","$30.00",0,NA,NA,NA,NA,NA,NA,NA,212
"3140",7201336,"f","Roosevelt",47.6778664301558,-122.320452128299,"House","Private room",1,1,1,1,"Real Bed","{Internet,""Wireless Internet"",Kitchen,""Free Parking on Premises"",Heating,""Smoke Detector"",""Carbon Monoxide Detector"",""First Aid Kit"",""Safety Card"",Essentials,Shampoo}","$39.00","",14,87,9,9,9,9,9,2.36,214
"3141",4180905,"t","Lower Queen Anne",47.6249000749833,-122.352100869314,"Apartment","Entire home/apt",3,1,1,1,"Real Bed","{TV,""Wireless Internet"",Kitchen,Gym,""Elevator in Building""}","$125.00","$35.00",29,97,10,10,10,10,10,1.88,412
"3142",6603061,"f","Lower Queen Anne",47.6315593157276,-122.362066565961,"Apartment","Private room",4,1,1,1,"Real Bed","{TV,""Wireless Internet"",Kitchen,""Free Parking on Premises"",""Pets live on this property"",Heating,Washer,Dryer,""Smoke Detector"",""Carbon Monoxide Detector"",Essentials,Shampoo}","$65.00","$35.00",29,92,10,9,10,10,9,4.94,321
"3143",8606766,"f","Lower Queen Anne",47.6265416958286,-122.344368986993,"Townhouse","Private room",2,1,1,1,"Real Bed","{TV,""Wireless Internet"",Kitchen,""Free Parking on Premises"",Heating,Washer,Dryer,""Smoke Detector"",""Carbon Monoxide Detector"",""First Aid Kit"",""Fire Extinguisher"",Essentials,Shampoo,""24-Hour Check-in"",Hangers,""Hair Dryer""}","$110.00","$45.00",0,NA,NA,NA,NA,NA,NA,NA,440
"3144",5163047,"f","Lower Queen Anne",47.6195045250092,-122.352749622269,"Apartment","Private room",2,1,1,1,"Real Bed","{TV,""Cable TV"",Internet,""Wireless Internet"",""Air Conditioning"",""Wheelchair Accessible"",Kitchen,""Elevator in Building"",""Indoor Fireplace"",Heating,Washer,Dryer,""Smoke Detector"",""Carbon Monoxide Detector"",""First Aid Kit"",""Fire Extinguisher"",Essentials,Shampoo}","$75.00","$15.00",5,92,9,10,10,10,10,0.67,414
"3145",8578023,"f","Lower Queen Anne",47.6274684797876,-122.356931074412,"Condominium","Entire home/apt",2,1,1,1,"Real Bed","{TV,Internet,""Wireless Internet"",Kitchen,Breakfast,""Elevator in Building"",""Indoor Fireplace"",Heating,""Family/Kid Friendly"",Washer,Dryer,""Smoke Detector"",""Carbon Monoxide Detector"",""First Aid Kit"",""Safety Card"",""Fire Extinguisher"",Essentials,Shampoo}","$100.00","",9,93,10,10,10,10,10,3.18,395
"3146",9939038,"f","Lower Queen Anne",47.6212747951532,-122.355372761018,"Condominium","Entire home/apt",4,1,1,2,"Real Bed","{TV,""Cable TV"",Internet,""Wireless Internet"",""Air Conditioning"",Kitchen,Gym,""Elevator in Building"",""Buzzer/Wireless Intercom"",Heating,""Suitable for Events"",Washer,Dryer,Essentials,Shampoo}","$99.00","$50.00",0,NA,NA,NA,NA,NA,NA,NA,408
"3147",9061048,"f","Lower Queen Anne",47.6227934068864,-122.358864058205,"Apartment","Entire home/apt",2,1,0,1,"Real Bed","{TV,Internet,""Wireless Internet"",Kitchen,Heating,""Smoke Detector"",""Carbon Monoxide Detector"",""Fire Extinguisher"",Essentials,Shampoo,Iron,""Laptop Friendly Workspace""}","$103.00","",1,80,10,10,10,10,10,0.53,398
"3148",7603457,"f","Lower Queen Anne",47.6224872074478,-122.361918112546,"Apartment","Entire home/apt",4,1,1,1,"Real Bed","{TV,""Cable TV"",Internet,""Wireless Internet"",""Air Conditioning"",Kitchen,""Free Parking on Premises"",""Elevator in Building"",Heating,""Family/Kid Friendly"",Washer,Dryer,""Smoke Detector"",""First Aid Kit"",Essentials}","$105.00","",10,98,10,10,10,10,9,2.11,383
"3149",5639238,"f","Lower Queen Anne",47.6243402730692,-122.353641029084,"Apartment","Entire home/apt",2,1,1,1,"Real Bed","{TV,""Cable TV"",Internet,""Wireless Internet"",Kitchen,Gym,""Elevator in Building"",""Buzzer/Wireless Intercom"",Heating,""Family/Kid Friendly"",Washer,Dryer,""Smoke Detector"",Essentials}","$110.00","",2,40,3,9,9,10,5,0.23,412
"3150",5362889,"t","Lower Queen Anne",47.622502741408,-122.355835135234,"Apartment","Entire home/apt",4,2,2,2,"Real Bed","{TV,""Cable TV"",Internet,""Wireless Internet"",Kitchen,""Elevator in Building"",""Indoor Fireplace"",""Buzzer/Wireless Intercom"",Heating,""Family/Kid Friendly"",Washer,Dryer,""Smoke Detector"",""Carbon Monoxide Detector"",""Fire Extinguisher"",Essentials,Shampoo}","$175.00","$35.00",54,96,9,10,10,10,10,5.59,410
"3151",7203408,"t","Lower Queen Anne",47.6261673200956,-122.358910506378,"Apartment","Entire home/apt",4,1,1,1,"Real Bed","{TV,Internet,""Wireless Internet"",Kitchen,Heating,""Smoke Detector"",Essentials,Shampoo}","$120.00","",15,96,10,10,10,10,10,2.66,388
"3152",7885859,"f","Lower Queen Anne",47.6275802948405,-122.356562425814,"Apartment","Entire home/apt",4,2,2,2,"Real Bed","{TV,Internet,""Wireless Internet"",""Wheelchair Accessible"",Kitchen,""Elevator in Building"",Heating,""Family/Kid Friendly"",Washer,Dryer,""Smoke Detector"",""Carbon Monoxide Detector"",Essentials,Shampoo}","$275.00","",0,NA,NA,NA,NA,NA,NA,NA,398
"3153",10141859,"f","Lower Queen Anne",47.6264703654094,-122.353986207988,"Apartment","Entire home/apt",1,1,1,1,"Real Bed","{Internet,""Wireless Internet"",""Air Conditioning"",Gym,""Indoor Fireplace"",Heating,Washer,Dryer,""Smoke Detector"",""Carbon Monoxide Detector"",Essentials,Shampoo,""Laptop Friendly Workspace""}","$65.00","",0,NA,NA,NA,NA,NA,NA,NA,406
"3154",7762347,"f","Lower Queen Anne",47.6220369851838,-122.356521376062,"Apartment","Entire home/apt",2,1,0,1,"Real Bed","{Kitchen,""Free Parking on Premises"",""Elevator in Building"",Heating,Washer,Dryer,""Smoke Detector"",""Carbon Monoxide Detector"",""First Aid Kit"",""Safety Card"",""Fire Extinguisher"",Essentials,Shampoo}","$100.00","",0,NA,NA,NA,NA,NA,NA,NA,406
"3155",544433,"t","Lower Queen Anne",47.6208177428954,-122.356335311063,"Apartment","Entire home/apt",2,1,1,1,"Real Bed","{TV,Internet,""Wireless Internet"",Kitchen,Heating,""Family/Kid Friendly"",Washer,Dryer,""Smoke Detector"",""Carbon Monoxide Detector"",""First Aid Kit"",""Fire Extinguisher"",Essentials}","$95.00","$45.00",219,97,10,10,10,10,10,5.1,405
"3156",9410128,"f","Lower Queen Anne",47.6230916292456,-122.354775532479,"Apartment","Entire home/apt",2,1,0,1,"Real Bed","{TV,Internet,""Wireless Internet"",""Air Conditioning"",Kitchen,""Pets Allowed"",Gym,Heating,""Family/Kid Friendly"",Washer,Dryer,""Smoke Detector"",""Carbon Monoxide Detector"",Essentials,Shampoo,Hangers,""Hair Dryer"",Iron,""Laptop Friendly Workspace""}","$100.00","",0,NA,NA,NA,NA,NA,NA,NA,410
"3157",6276224,"f","Lower Queen Anne",47.6198929193282,-122.35414232915,"Apartment","Entire home/apt",2,1,1,1,"Real Bed","{TV,Internet,""Wireless Internet"",""Air Conditioning"",Kitchen,Heating,Washer,Dryer,""Smoke Detector"",Essentials}","$135.00","$60.00",3,100,10,10,10,10,10,0.76,410
"3158",5252515,"f","Lower Queen Anne",47.623858392565,-122.36187911196,"Apartment","Entire home/apt",5,2,2,2,"Real Bed","{TV,""Cable TV"",Internet,""Wireless Internet"",""Air Conditioning"",""Wheelchair Accessible"",Kitchen,""Free Parking on Premises"",""Pets Allowed"",""Elevator in Building"",Heating,""Family/Kid Friendly"",Washer,Dryer,""Smoke Detector"",""Carbon Monoxide Detector"",""First Aid Kit"",""Safety Card"",Essentials,Shampoo}","$200.00","$30.00",7,94,7,10,10,10,10,0.91,383
"3159",1622794,"t","Lower Queen Anne",47.6282377186719,-122.359829155974,"Camper/RV","Entire home/apt",2,1,1,2,"Real Bed","{TV,Internet,""Wireless Internet"",""Air Conditioning"",Kitchen,""Pets live on this property"",Dog(s),Heating,""Family/Kid Friendly"",""Smoke Detector"",Essentials,Shampoo}","$145.00","$25.00",100,98,10,10,10,10,9,3.69,384
"3160",9171373,"f","Lower Queen Anne",47.6245926940609,-122.359451090444,"Apartment","Entire home/apt",4,1,1,2,"Real Bed","{TV,Internet,""Wireless Internet"",Kitchen,Heating,""Family/Kid Friendly"",""Smoke Detector"",""Carbon Monoxide Detector"",""Safety Card"",Essentials,Shampoo,""Hair Dryer""}","$145.00","",0,NA,NA,NA,NA,NA,NA,NA,390
"3161",8423118,"f","Lower Queen Anne",47.6206574055353,-122.359649521803,"Apartment","Entire home/apt",2,1,1,1,"Real Bed","{TV,Internet,""Wireless Internet"",""Wheelchair Accessible"",Kitchen,Gym,""Pets live on this property"",""Elevator in Building"",Heating,""Family/Kid Friendly"",Washer,Dryer,""Smoke Detector"",""Carbon Monoxide Detector"",""Fire Extinguisher"",Essentials}","$96.00","$17.00",4,100,10,10,10,10,10,1.3,398
"3162",6248083,"t","Lower Queen Anne",47.629268001987,-122.359128402146,"Townhouse","Entire home/apt",5,2.5,2,2,"Real Bed","{TV,""Wireless Internet"",""Air Conditioning"",Kitchen,""Free Parking on Premises"",""Indoor Fireplace"",Heating,""Family/Kid Friendly"",""Smoke Detector"",""Carbon Monoxide Detector"",""Fire Extinguisher"",Essentials,Hangers,Iron,""Laptop Friendly Workspace""}","$498.00","$200.00",12,98,10,10,10,10,10,2.08,381
"3163",7932696,"f","Lower Queen Anne",47.6272680482852,-122.345363184251,"Apartment","Entire home/apt",3,1,1,1,"Real Bed","{Internet,""Wireless Internet"",Kitchen,Heating,Washer,Dryer,""Smoke Detector"",""First Aid Kit"",""Fire Extinguisher"",Essentials,Shampoo,""24-Hour Check-in"",""Hair Dryer"",Iron,""Laptop Friendly Workspace""}","$110.00","",17,94,9,10,10,10,9,3.75,440
"3164",3215404,"f","Lower Queen Anne",47.6275714583808,-122.353690652327,"Apartment","Entire home/apt",2,1,1,1,"Real Bed","{TV,Internet,""Wireless Internet"",""Air Conditioning"",Kitchen,""Free Parking on Premises"",Heating,Washer,Dryer,Essentials}","$119.00","$20.00",23,91,9,10,10,9,9,1.21,405
"3165",9522082,"f","Lower Queen Anne",47.6276675209063,-122.34961677116,"House","Entire home/apt",4,1,1,2,"Real Bed","{TV,""Cable TV"",Internet,""Wireless Internet"",Kitchen,""Free Parking on Premises"",Heating,""Family/Kid Friendly"",Washer,Dryer,""Smoke Detector"",""Carbon Monoxide Detector"",""Fire Extinguisher"",Essentials,Shampoo,""24-Hour Check-in"",Hangers,""Hair Dryer"",Iron,""Laptop Friendly Workspace""}","$119.00","$95.00",1,100,10,10,10,10,10,1,421
"3166",3040278,"f","Lower Queen Anne",47.6210552046147,-122.357377742233,"Apartment","Entire home/apt",4,1,2,2,"Real Bed","{TV,Internet,""Wireless Internet"",Kitchen,""Free Parking on Premises"",""Pets Allowed"",""Elevator in Building"",""Indoor Fireplace"",""Buzzer/Wireless Intercom"",Heating,""Family/Kid Friendly"",Washer,Dryer,""Smoke Detector"",""Carbon Monoxide Detector"",""First Aid Kit"",Essentials,Shampoo}","$217.00","$35.00",156,97,9,10,10,10,10,7.96,403
"3167",9939740,"f","Lower Queen Anne",47.6213765004269,-122.355623280664,"Condominium","Entire home/apt",4,1,0,2,"Real Bed","{TV,""Cable TV"",Internet,""Wireless Internet"",""Air Conditioning"",Kitchen,Gym,""Elevator in Building"",""Buzzer/Wireless Intercom"",Heating,Washer,Dryer,Essentials,Shampoo,""24-Hour Check-in"",Hangers,""Hair Dryer"",Iron,""Laptop Friendly Workspace""}","$99.00","$50.00",0,NA,NA,NA,NA,NA,NA,NA,407
"3168",1071843,"t","Lower Queen Anne",47.6212814534461,-122.356752154958,"Apartment","Entire home/apt",4,1,1,2,"Real Bed","{TV,Internet,""Wireless Internet"",Kitchen,Heating,""Family/Kid Friendly"",Washer,Dryer,""Smoke Detector"",""Carbon Monoxide Detector"",""First Aid Kit"",""Fire Extinguisher"",Essentials,Shampoo}","$95.00","$45.00",135,96,10,10,10,10,10,4.15,405
"3169",4973204,"t","Lower Queen Anne",47.6271514925129,-122.357463433663,"House","Entire home/apt",5,1,2,2,"Real Bed","{TV,Internet,""Wireless Internet"",Kitchen,""Free Parking on Premises"",""Pets live on this property"",Cat(s),""Indoor Fireplace"",Heating,""Family/Kid Friendly"",Washer,Dryer,""Smoke Detector"",""Carbon Monoxide Detector"",""First Aid Kit"",""Safety Card"",""Fire Extinguisher"",Essentials,Shampoo}","$165.00","$75.00",27,99,10,10,10,10,10,2.69,393
"3170",6584984,"t","Lower Queen Anne",47.6246494934522,-122.364530460502,"Apartment","Entire home/apt",2,1,0,1,"Real Bed","{TV,""Cable TV"",""Wireless Internet"",Kitchen,""Free Parking on Premises"",""Elevator in Building"",Heating,Washer,Dryer,""Smoke Detector"",""Carbon Monoxide Detector"",""Fire Extinguisher"",Essentials,Shampoo}","$85.00","$95.00",0,NA,NA,NA,NA,NA,NA,NA,373
"3171",9118240,"f","Lower Queen Anne",47.631310425308,-122.357740826984,"Apartment","Entire home/apt",2,1,1,1,"Real Bed","{TV,""Cable TV"",""Wireless Internet"",Kitchen,Gym,""Elevator in Building"",""Buzzer/Wireless Intercom"",Heating,Washer,Dryer,""Smoke Detector"",""First Aid Kit"",""Fire Extinguisher"",Essentials,Shampoo}","$200.00","",1,100,10,10,10,10,10,1,373
"3172",6971260,"f","Lower Queen Anne",47.6262330353151,-122.357295016105,"Apartment","Entire home/apt",2,1,0,1,"Real Bed","{TV,""Wireless Internet"",""Wheelchair Accessible"",""Pets live on this property"",""Elevator in Building"",Heating,""Smoke Detector""}","$120.00","$140.00",13,88,9,9,9,9,9,2.03,395
"3173",3738724,"f","Lower Queen Anne",47.6271096033652,-122.346218621529,"Apartment","Entire home/apt",2,1,1,1,"Real Bed","{TV,Internet,""Wireless Internet"",Kitchen,""Elevator in Building"",Heating,""Family/Kid Friendly"",Washer,Dryer,""Smoke Detector"",""Carbon Monoxide Detector"",""Fire Extinguisher""}","$240.00","$75.00",0,NA,NA,NA,NA,NA,NA,NA,439
"3174",945833,"f","Lower Queen Anne",47.6261551106737,-122.349991123591,"House","Entire home/apt",5,2,3,3,"Real Bed","{TV,Internet,""Wireless Internet"",""Air Conditioning"",Kitchen,""Free Parking on Premises"",""Pets live on this property"",Dog(s),Cat(s),""Indoor Fireplace"",Heating,""Family/Kid Friendly"",Washer,Dryer,""Smoke Detector"",""Carbon Monoxide Detector"",""First Aid Kit"",Essentials,Shampoo}","$275.00","",3,100,9,10,10,10,10,0.1,419
"3175",5261239,"f","Lower Queen Anne",47.6190421507625,-122.352015840125,"Apartment","Entire home/apt",2,1,0,1,"Real Bed","{TV,Internet,""Wireless Internet"",""Air Conditioning"",Kitchen,Heating,""Smoke Detector"",""Carbon Monoxide Detector"",Essentials,Shampoo}","$103.00","",52,81,7,10,9,10,8,4.83,416
"3176",4596493,"f","Lower Queen Anne",47.6221454717194,-122.359824978977,"Apartment","Entire home/apt",4,2,2,2,"Real Bed","{""Cable TV"",Internet,""Wireless Internet"",Kitchen,Gym,""Elevator in Building"",""Buzzer/Wireless Intercom"",Heating,""Family/Kid Friendly"",Washer,Dryer,""Smoke Detector"",Essentials,Shampoo}","$165.00","$25.00",0,NA,NA,NA,NA,NA,NA,NA,397
"3177",4310055,"f","Lower Queen Anne",47.6222506572413,-122.357502476255,"Apartment","Entire home/apt",2,1,1,1,"Real Bed","{TV,""Cable TV"",Internet,""Wireless Internet"",""Wheelchair Accessible"",Kitchen,""Pets live on this property"",Dog(s),""Elevator in Building"",""Buzzer/Wireless Intercom"",Heating,Washer,Dryer,""Smoke Detector"",""Carbon Monoxide Detector"",Essentials}","$120.00","$50.00",0,NA,NA,NA,NA,NA,NA,NA,403
"3178",3720429,"f","Lower Queen Anne",47.6235171301308,-122.357297068697,"Apartment","Entire home/apt",2,1,1,1,"Real Bed","{TV,""Cable TV"",Internet,""Wireless Internet"",Kitchen,""Free Parking on Premises"",""Elevator in Building"",""Indoor Fireplace"",""Buzzer/Wireless Intercom"",Heating,Washer,Dryer,""Smoke Detector"",""Carbon Monoxide Detector"",""Safety Card"",""Fire Extinguisher"",Essentials,Shampoo}","$200.00","$15.00",7,91,10,10,10,10,9,0.43,403
"3179",6956301,"f","Lower Queen Anne",47.6311009008264,-122.356686592324,"Apartment","Entire home/apt",2,1,1,1,"Real Bed","{TV,""Cable TV"",Internet,""Wireless Internet"",Kitchen,Heating,""Smoke Detector"",""Carbon Monoxide Detector"",Essentials,Shampoo}","$120.00","",5,100,10,10,10,10,9,0.82,380
"3180",6750430,"f","Lower Queen Anne",47.6198874818982,-122.353289023649,"Apartment","Entire home/apt",3,1,1,2,"Real Bed","{TV,Internet,""Wireless Internet"",Kitchen,Heating,Washer,Dryer,""Smoke Detector"",""Fire Extinguisher"",Essentials,Shampoo}","$200.00","$50.00",14,96,10,10,10,10,10,2.05,412
"3181",8373664,"f","Lower Queen Anne",47.6277678280516,-122.348105863796,"Apartment","Entire home/apt",4,1,1,1,"Real Bed","{TV,""Cable TV"",""Wireless Internet"",Kitchen,Heating,""Family/Kid Friendly"",Washer,Dryer,""Smoke Detector"",""Carbon Monoxide Detector"",""First Aid Kit"",""Fire Extinguisher"",Essentials,Shampoo,""24-Hour Check-in"",Hangers,""Hair Dryer"",Iron,""Laptop Friendly Workspace""}","$115.00","$60.00",4,100,10,10,10,10,10,1.13,429
"3182",6783394,"f","Lower Queen Anne",47.6214428731941,-122.361626909994,"Apartment","Entire home/apt",3,1.5,1,1,"Real Bed","{TV,Internet,""Wireless Internet"",""Air Conditioning"",""Wheelchair Accessible"",Kitchen,Doorman,Gym,""Elevator in Building"",""Buzzer/Wireless Intercom"",Heating,""Family/Kid Friendly"",Washer,Dryer,""Smoke Detector"",""Carbon Monoxide Detector"",Essentials,Shampoo,""24-Hour Check-in"",Hangers,""Hair Dryer"",Iron,""Laptop Friendly Workspace""}","$125.00","$50.00",51,91,10,9,10,9,9,8.18,390
"3183",9332620,"f","Lower Queen Anne",47.6248363571839,-122.353879581929,"Apartment","Entire home/apt",2,1,1,1,"Real Bed","{TV,""Wireless Internet"",Kitchen,Gym,""Elevator in Building"",Heating,Washer,Dryer}","$75.00","$50.00",0,NA,NA,NA,NA,NA,NA,NA,411
"3184",6727846,"f","Lower Queen Anne",47.6265255439016,-122.352882813917,"Apartment","Entire home/apt",2,1,0,1,"Real Bed","{TV,Internet,""Wireless Internet"",Kitchen,Gym,""Elevator in Building"",Heating,""Family/Kid Friendly"",Washer,Dryer,""Smoke Detector"",""Carbon Monoxide Detector"",Essentials}","$115.00","$30.00",7,100,10,10,10,10,9,1.07,413
"3185",1321090,"t","Lower Queen Anne",47.6206097490134,-122.356266064236,"Apartment","Entire home/apt",4,1,1,2,"Real Bed","{TV,Internet,""Wireless Internet"",Kitchen,Heating,Washer,Dryer,""Smoke Detector"",""Carbon Monoxide Detector"",""First Aid Kit"",""Fire Extinguisher"",Essentials,Shampoo}","$95.00","$45.00",180,96,10,10,10,10,10,6.12,406
"3186",10170744,"f","Lower Queen Anne",47.6236280859521,-122.362002982068,"Apartment","Entire home/apt",6,1,2,5,"Real Bed","{TV,""Cable TV"",Internet,""Wireless Internet"",""Air Conditioning"",Kitchen,Gym,""Elevator in Building"",Heating,Washer,Dryer,Essentials,Shampoo,""24-Hour Check-in"",Hangers,""Hair Dryer"",Iron}","$259.00","$120.00",0,NA,NA,NA,NA,NA,NA,NA,382
"3187",8503720,"f","Lower Queen Anne",47.6214765389599,-122.35625307795,"Apartment","Private room",2,1,1,1,"Real Bed","{TV,Internet,""Wireless Internet"",""Air Conditioning"",Kitchen,""Free Parking on Premises"",Gym,""Elevator in Building"",Heating,Washer,Dryer,""Smoke Detector"",""Carbon Monoxide Detector"",""First Aid Kit"",""Fire Extinguisher"",Shampoo}","$80.00","",15,90,9,9,10,10,10,4.5,406
"3188",6780670,"f","Lower Queen Anne",47.6270305925794,-122.362728839403,"Apartment","Entire home/apt",2,1,1,1,"Real Bed","{Internet,""Wireless Internet"",Kitchen,Heating,""Smoke Detector""}","$130.00","$50.00",6,93,9,10,10,9,9,0.88,374
"3189",9370738,"f","Lower Queen Anne",47.6278577429305,-122.348103516007,"Apartment","Entire home/apt",2,1,1,1,"Real Bed","{TV,""Wireless Internet"",Kitchen,Heating,""Family/Kid Friendly"",Washer,Dryer,""Smoke Detector"",""Carbon Monoxide Detector"",""Fire Extinguisher"",Essentials,Shampoo,""24-Hour Check-in"",Hangers,""Hair Dryer"",Iron,""Laptop Friendly Workspace""}","$89.00","$60.00",0,NA,NA,NA,NA,NA,NA,NA,428
"3190",1060467,"f","Lower Queen Anne",47.6211247475013,-122.35692947782,"Apartment","Private room",2,1,1,1,"Real Bed","{Internet,""Wireless Internet"",""Pets live on this property"",Dog(s),""Elevator in Building"",""Buzzer/Wireless Intercom"",Heating,""Family/Kid Friendly"",""Smoke Detector"",""First Aid Kit"",""Fire Extinguisher"",Essentials,Shampoo}","$130.00","$15.00",62,91,10,9,9,9,9,1.98,405
"3191",9516743,"f","Lower Queen Anne",47.631003231587,-122.357950054213,"Townhouse","Entire home/apt",4,1.5,2,2,"Real Bed","{Kitchen,""Free Parking on Premises"",""Pets Allowed"",""Elevator in Building"",""Buzzer/Wireless Intercom"",Heating,""Family/Kid Friendly"",Washer,Dryer,Essentials,Hangers,""Laptop Friendly Workspace""}","$150.00","$100.00",0,NA,NA,NA,NA,NA,NA,NA,373
"3192",6240501,"f","Lower Queen Anne",47.6272095309723,-122.345157293162,"Apartment","Private room",2,1,1,1,"Real Bed","{TV,""Cable TV"",""Wireless Internet"",Kitchen,""Pets live on this property"",Cat(s),""Buzzer/Wireless Intercom"",Heating,Washer,Dryer,Essentials,Shampoo}","$72.00","",40,89,9,10,10,9,9,4.98,440
"3193",8150145,"f","Lower Queen Anne",47.6257869857789,-122.350889649391,"House","Entire home/apt",6,3,3,3,"Real Bed","{TV,""Cable TV"",Internet,""Air Conditioning"",Kitchen,""Free Parking on Premises"",Heating,Washer,Dryer,""Smoke Detector"",""Carbon Monoxide Detector"",""Fire Extinguisher"",Essentials}","$275.00","$120.00",7,97,10,10,10,9,10,1.91,414
"3194",8967776,"f","Lower Queen Anne",47.6279265951016,-122.345116273979,"Apartment","Entire home/apt",2,1,1,1,"Real Bed","{TV,""Wireless Internet"",Kitchen,""Free Parking on Premises"",Heating,""Family/Kid Friendly"",Washer,Dryer,""Smoke Detector"",""Carbon Monoxide Detector"",""First Aid Kit"",""Safety Card"",""Fire Extinguisher"",Essentials}","$80.00","",9,93,10,10,10,10,10,3.75,446
"3195",10000273,"f","Lower Queen Anne",47.6260101595346,-122.347818672419,"Apartment","Entire home/apt",5,2,1,2,"Real Bed","{TV,Internet,""Wireless Internet"",Kitchen,""Elevator in Building"",""Indoor Fireplace"",Heating,Washer,Dryer,""Smoke Detector""}","$175.00","$50.00",0,NA,NA,NA,NA,NA,NA,NA,430
"3196",9679301,"f","Lower Queen Anne",47.6261019791384,-122.366996999017,"Apartment","Private room",2,1,1,1,"Real Bed","{TV,""Wireless Internet"",Kitchen,Gym,""Elevator in Building"",Heating,Washer,Dryer,""Smoke Detector"",""Carbon Monoxide Detector"",""First Aid Kit"",Essentials,Shampoo}","$75.00","$20.00",2,100,10,10,10,10,10,2,340
"3197",8690491,"f","Lower Queen Anne",47.6268298879773,-122.35739830562,"Apartment","Entire home/apt",2,1,0,1,"Real Bed","{TV,Internet,""Wireless Internet"",Kitchen,""Free Parking on Premises"",""Elevator in Building"",""Buzzer/Wireless Intercom"",Heating,""Family/Kid Friendly"",Washer,Dryer,""Smoke Detector"",""Carbon Monoxide Detector"",""First Aid Kit"",""Safety Card"",""Fire Extinguisher"",Essentials,Shampoo,Hangers,Iron,""Laptop Friendly Workspace""}","$95.00","$15.00",10,98,10,10,10,10,10,3.26,393
"3198",7678064,"f","Lower Queen Anne",47.6260755960752,-122.344504038621,"Townhouse","Entire home/apt",6,3.5,3,5,"Real Bed","{TV,""Wireless Internet"",Kitchen,""Free Parking on Premises"",Heating,""Family/Kid Friendly"",Washer,Dryer,""Smoke Detector"",""Carbon Monoxide Detector"",""First Aid Kit"",""Fire Extinguisher"",Essentials,Shampoo}","$310.00","$210.00",3,100,10,10,10,10,10,1.15,440
"3199",7798575,"t","Lower Queen Anne",47.6250470700334,-122.35223144456,"Apartment","Shared room",1,1,1,1,"Couch","{TV,""Wireless Internet"",Kitchen,""Elevator in Building"",Heating,""Smoke Detector"",""Carbon Monoxide Detector""}","$38.00","",4,100,10,10,10,10,10,0.98,412
"3200",4988679,"f","Lower Queen Anne",47.6249504296047,-122.363448846857,"Apartment","Entire home/apt",4,1,2,2,"Real Bed","{TV,Internet,""Wireless Internet"",""Wheelchair Accessible"",Kitchen,""Elevator in Building"",""Buzzer/Wireless Intercom"",Heating,""Family/Kid Friendly"",Washer,Dryer,""Smoke Detector"",""First Aid Kit"",""Fire Extinguisher"",Essentials,Shampoo}","$189.00","$25.00",13,91,9,10,10,9,9,2.89,376
"3201",6093756,"f","Lower Queen Anne",47.6196981711091,-122.358119873899,"Apartment","Entire home/apt",2,1,1,1,"Real Bed","{TV,Internet,""Wireless Internet"",Kitchen,""Elevator in Building"",Heating,""Family/Kid Friendly"",Washer,Dryer,""Smoke Detector"",""Carbon Monoxide Detector"",""First Aid Kit"",""Safety Card"",""Fire Extinguisher"",Essentials,Shampoo}","$205.00","",1,100,10,10,10,10,10,0.13,402
"3202",7921289,"f","Lower Queen Anne",47.6306687320938,-122.357291924901,"Apartment","Entire home/apt",2,1,1,1,"Real Bed","{TV,Internet,""Wireless Internet"",Kitchen,""Free Parking on Premises"",Gym,""Elevator in Building"",""Buzzer/Wireless Intercom"",Heating,""Family/Kid Friendly"",Washer,Dryer,""Smoke Detector"",""Carbon Monoxide Detector"",""First Aid Kit"",Essentials,Shampoo}","$199.00","$39.00",1,100,10,10,10,10,10,0.32,382
"3203",10108451,"f","Lower Queen Anne",47.6255804605948,-122.34728760351,"Condominium","Entire home/apt",2,1,1,1,"Real Bed","{TV,""Cable TV"",Internet,""Wireless Internet"",""Air Conditioning"",Kitchen,""Free Parking on Premises"",""Elevator in Building"",Heating,Washer,Dryer,""Smoke Detector"",""Carbon Monoxide Detector"",Essentials,Shampoo,""24-Hour Check-in"",Hangers,""Laptop Friendly Workspace""}","$150.00","",0,NA,NA,NA,NA,NA,NA,NA,428
"3204",8117705,"f","Lower Queen Anne",47.6190297040239,-122.354373980155,"Condominium","Entire home/apt",2,1,1,1,"Real Bed","{TV,""Cable TV"",Internet,""Wireless Internet"",Kitchen,""Buzzer/Wireless Intercom"",Heating,Washer,Dryer,""Smoke Detector"",""Carbon Monoxide Detector"",""First Aid Kit"",""Safety Card"",Essentials,Shampoo}","$67.00","$30.00",2,100,10,10,10,10,10,0.86,410
"3205",4324917,"t","Lower Queen Anne",47.631326623802,-122.361636900329,"House","Private room",2,1,1,1,"Real Bed","{""Wireless Internet"",Kitchen,""Free Parking on Premises"",Heating,Washer,Dryer,""Smoke Detector"",Essentials,Shampoo}","$72.00","$25.00",30,97,10,10,10,10,10,2.84,330
"3206",5061566,"f","Lower Queen Anne",47.6187622350322,-122.353413500572,"Apartment","Entire home/apt",2,1,0,1,"Real Bed","{TV,Internet,""Wireless Internet"",""Air Conditioning"",""Wheelchair Accessible"",Kitchen,""Elevator in Building"",Heating,Washer,Dryer,""Smoke Detector"",""Carbon Monoxide Detector"",Essentials}","$175.00","",8,93,9,10,10,10,10,0.77,413
"3207",8575663,"f","Lower Queen Anne",47.6277008267898,-122.344901071066,"Townhouse","Private room",2,1,1,1,"Real Bed","{TV,""Wireless Internet"",Kitchen,""Free Parking on Premises"",Heating,Washer,Dryer,""Smoke Detector"",""Carbon Monoxide Detector"",""Fire Extinguisher"",Essentials,Shampoo,""24-Hour Check-in"",Hangers,""Hair Dryer""}","$119.00","$45.00",0,NA,NA,NA,NA,NA,NA,NA,446
"3208",8518308,"f","Lower Queen Anne",47.6258594671511,-122.357668549659,"Apartment","Entire home/apt",3,1,1,1,"Real Bed","{TV,Internet,""Wireless Internet"",""Air Conditioning"",Kitchen,""Free Parking on Premises"",""Elevator in Building"",""Indoor Fireplace"",""Buzzer/Wireless Intercom"",Heating,Washer,Dryer,""Smoke Detector"",""Fire Extinguisher"",Essentials,Shampoo}","$97.00","$20.00",13,100,10,10,10,10,10,3.94,395
"3209",3562617,"f","Lower Queen Anne",47.6263206078639,-122.357366996243,"Apartment","Entire home/apt",2,1,2,2,"Real Bed","{Internet,""Wireless Internet"",Kitchen,""Elevator in Building"",""Buzzer/Wireless Intercom"",Heating,""Family/Kid Friendly"",""Smoke Detector"",""Carbon Monoxide Detector"",Essentials,Shampoo}","$200.00","$10.00",27,85,8,9,9,9,8,1.67,395
"3210",7109735,"f","Lower Queen Anne",47.6268588412761,-122.359652622625,"House","Entire home/apt",4,2,2,2,"Real Bed","{TV,""Cable TV"",Internet,""Wireless Internet"",Kitchen,""Free Parking on Premises"",Heating,Washer,Dryer,""Smoke Detector"",Essentials,Shampoo}","$190.00","$50.00",5,100,10,10,10,10,10,0.82,386
"3211",8501721,"f","Lower Queen Anne",47.6268014969516,-122.362293093233,"House","Private room",1,1,1,1,"Real Bed","{TV,""Cable TV"",Internet,""Wireless Internet"",Kitchen,""Indoor Fireplace"",Heating,Washer,Dryer,Essentials}","$100.00","",1,100,10,10,10,10,10,0.45,375
"3212",5306727,"f","Lower Queen Anne",47.6202337666471,-122.354343375291,"Apartment","Private room",2,1,1,1,"Real Bed","{TV,""Cable TV"",Internet,""Wireless Internet"",""Wheelchair Accessible"",Kitchen,""Elevator in Building"",""Indoor Fireplace"",""Buzzer/Wireless Intercom"",Heating,""Family/Kid Friendly"",Washer,Dryer,""Smoke Detector"",""Carbon Monoxide Detector"",""First Aid Kit"",""Fire Extinguisher"",Essentials,Shampoo}","$99.00","",6,93,10,10,10,10,9,0.64,409
"3213",909102,"f","Lower Queen Anne",47.6278228607013,-122.35341476323,"House","Private room",2,1,1,1,"Real Bed","{""Cable TV"",Internet,""Wireless Internet"",""Wheelchair Accessible"",Kitchen,""Elevator in Building"",""Indoor Fireplace"",""Buzzer/Wireless Intercom"",Heating,""Smoke Detector"",""Carbon Monoxide Detector"",""First Aid Kit"",""Fire Extinguisher"",Essentials,Shampoo,Hangers,""Hair Dryer"",Iron,""Laptop Friendly Workspace""}","$99.00","$35.00",90,97,10,10,10,10,10,2.83,406
"3214",8608525,"f","Lower Queen Anne",47.6273758477027,-122.344253448868,"Townhouse","Private room",2,1,1,1,"Real Bed","{TV,""Wireless Internet"",Kitchen,""Free Parking on Premises"",Heating,Washer,Dryer,""Smoke Detector"",""Carbon Monoxide Detector"",""First Aid Kit"",""Fire Extinguisher"",Essentials,Shampoo,""24-Hour Check-in"",Hangers,""Hair Dryer""}","$119.00","$45.00",1,100,10,10,10,10,10,0.45,445
"3215",170273,"t","Lower Queen Anne",47.6276735193483,-122.358610808546,"House","Private room",2,1,1,1,"Real Bed","{Internet,""Wireless Internet"",Kitchen,""Pets live on this property"",Dog(s),Heating,""Family/Kid Friendly"",Washer,Dryer,""Smoke Detector"",""Fire Extinguisher"",Essentials,Shampoo}","$225.00","$25.00",120,99,10,10,10,10,10,2.22,387
"3216",7075913,"f","Lower Queen Anne",47.6207291839162,-122.356453453675,"Apartment","Entire home/apt",2,1,1,1,"Real Bed","{Internet,""Wireless Internet"",""Air Conditioning"",Kitchen,Heating,""Family/Kid Friendly"",Washer,Dryer,""Smoke Detector"",Essentials}","$100.00","",21,98,10,10,10,10,10,3.87,405
"3217",481220,"t","Lower Queen Anne",47.6264047000394,-122.358380207638,"Apartment","Entire home/apt",4,1,1,3,"Real Bed","{TV,""Cable TV"",Internet,""Wireless Internet"",Kitchen,""Pets live on this property"",Dog(s),Heating,""Family/Kid Friendly"",Washer,Dryer,""Smoke Detector"",""Carbon Monoxide Detector"",""Fire Extinguisher"",Essentials,Shampoo,""Hair Dryer"",Iron}","$195.00","$25.00",164,98,10,10,10,10,10,3.88,389
"3218",6961346,"f","Lower Queen Anne",47.6240617236647,-122.362075463237,"Apartment","Entire home/apt",2,1,0,1,"Real Bed","{Internet,""Wireless Internet"",""Air Conditioning"",Kitchen,""Free Parking on Premises"",""Pets live on this property"",Cat(s),Heating,Washer,Dryer,""Smoke Detector"",""Carbon Monoxide Detector"",""First Aid Kit"",""Fire Extinguisher"",Essentials,Shampoo}","$85.00","$5.00",22,90,9,10,10,10,10,6.6,379
"3219",9975073,"f","Lower Queen Anne",47.6278164993979,-122.347439867843,"Condominium","Entire home/apt",2,1,1,1,"Real Bed","{TV,Internet,""Wireless Internet"",Kitchen,""Free Parking on Premises"",Heating,""Family/Kid Friendly"",""Smoke Detector"",""Carbon Monoxide Detector"",""Safety Card"",""Fire Extinguisher"",Essentials,Shampoo,""24-Hour Check-in"",Hangers,""Hair Dryer"",""Laptop Friendly Workspace""}","$105.00","$10.00",0,NA,NA,NA,NA,NA,NA,NA,433
"3220",6517594,"f","Lower Queen Anne",47.6197405331194,-122.353689434793,"Loft","Entire home/apt",2,1.5,1,1,"Real Bed","{TV,Internet,""Wireless Internet"",""Air Conditioning"",Kitchen,Gym,""Elevator in Building"",""Buzzer/Wireless Intercom"",Heating,Washer,Dryer,""Smoke Detector"",""Carbon Monoxide Detector"",""First Aid Kit"",""Safety Card"",""Fire Extinguisher"",Essentials,Shampoo}","$190.00","",1,100,10,10,10,10,10,0.15,411
"3221",10170577,"f","Lower Queen Anne",47.6224415055163,-122.361084144588,"Apartment","Entire home/apt",4,1,1,3,"Real Bed","{TV,""Cable TV"",Internet,""Wireless Internet"",""Air Conditioning"",Kitchen,""Elevator in Building"",""Indoor Fireplace"",Heating,Washer,Dryer,Essentials,Shampoo,Hangers,""Hair Dryer"",Iron}","$149.00","$120.00",0,NA,NA,NA,NA,NA,NA,NA,389
"3222",7680670,"f","Lower Queen Anne",47.6256389075315,-122.359866263849,"Apartment","Entire home/apt",2,1,0,1,"Real Bed","{Internet,""Wireless Internet"",""Wheelchair Accessible"",Kitchen,""Elevator in Building"",Heating,""Family/Kid Friendly"",Washer,Dryer,""Smoke Detector"",Essentials,Shampoo}","$119.00","",10,96,9,10,10,10,9,1.95,387
"3223",5946675,"f","Lower Queen Anne",47.6251770232567,-122.362020628165,"Apartment","Entire home/apt",2,1,1,1,"Real Bed","{Internet,""Wireless Internet"",Kitchen,""Elevator in Building"",""Indoor Fireplace"",Heating,""Suitable for Events"",Washer,Dryer,""Smoke Detector"",Essentials,Shampoo}","$145.00","$75.00",5,100,10,10,10,10,10,0.7,379
"3224",7162664,"t","Lower Queen Anne",47.6274944935022,-122.35043069958,"House","Entire home/apt",2,1,1,1,"Real Bed","{TV,Internet,""Wireless Internet"",Kitchen,""Free Parking on Premises"",Heating,Washer,Dryer,""Smoke Detector"",""Carbon Monoxide Detector"",""Fire Extinguisher"",Essentials,Shampoo}","$220.00","$75.00",10,100,10,10,10,10,10,1.9,416
"3225",6901218,"f","Lower Queen Anne",47.6265852667235,-122.358379868436,"Apartment","Entire home/apt",3,1,1,1,"Real Bed","{TV,""Wireless Internet"",Kitchen,""Smoke Detector"",""Carbon Monoxide Detector"",Shampoo}","$99.00","$30.00",8,100,10,10,10,10,10,1.3,389
"3226",4951430,"f","Lower Queen Anne",47.6235292052003,-122.355230403619,"Apartment","Entire home/apt",4,1,1,2,"Real Bed","{""Cable TV"",""Wireless Internet"",Kitchen,Heating,Washer}","$125.00","",13,94,9,10,10,10,10,1.21,410
"3227",7202016,"f","Lower Queen Anne",47.6262096167229,-122.360147095397,"Apartment","Private room",2,1,1,1,"Pull-out Sofa","{Internet,""Wireless Internet"",Kitchen,Heating,Washer,Dryer,""Smoke Detector"",""Carbon Monoxide Detector"",""Fire Extinguisher"",Essentials,""24-Hour Check-in"",Hangers,""Hair Dryer""}","$75.00","$15.00",16,95,10,10,10,10,10,2.82,386
"3228",5538663,"f","Lower Queen Anne",47.6276208270876,-122.35659251555,"Apartment","Entire home/apt",2,1,1,1,"Real Bed","{Internet,""Wireless Internet"",Kitchen,""Free Parking on Premises"",Heating,""Family/Kid Friendly"",Washer,Dryer,""Smoke Detector"",""Carbon Monoxide Detector"",""First Aid Kit"",""Fire Extinguisher"",Shampoo}","$145.00","",9,93,8,9,10,10,10,0.96,398
"3229",363064,"t","Lower Queen Anne",47.6210718765165,-122.353124355942,"Apartment","Entire home/apt",3,1,0,2,"Futon","{""Wireless Internet"",Kitchen,Heating,Washer,Dryer,""Smoke Detector"",Essentials,Shampoo}","$90.00","$50.00",37,97,10,10,10,10,10,2.13,413
"3230",7809595,"t","Lower Queen Anne",47.6268071673682,-122.348113859724,"Apartment","Private room",2,1,1,1,"Real Bed","{Internet,""Wireless Internet"",Kitchen,""Free Parking on Premises"",Washer,Dryer,""Smoke Detector"",""Carbon Monoxide Detector"",Essentials,Shampoo}","$76.00","$6.00",28,98,10,10,10,10,9,5.96,425
"3231",9094836,"f","Lower Queen Anne",47.6218208625342,-122.356235855007,"Apartment","Entire home/apt",2,1,1,1,"Real Bed","{TV,""Cable TV"",Internet,""Wireless Internet"",Kitchen,""Free Parking on Premises"",Gym,""Elevator in Building"",""Indoor Fireplace"",""Buzzer/Wireless Intercom"",Heating,Washer,Dryer,Essentials,Shampoo}","$150.00","$40.00",1,100,10,10,10,10,10,0.46,406
"3232",3039438,"f","Lower Queen Anne",47.6204168868029,-122.357919239543,"Apartment","Private room",2,1,1,1,"Real Bed","{Kitchen,""Free Parking on Premises"",""Pets Allowed"",""Pets live on this property"",Dog(s),""Elevator in Building"",""Indoor Fireplace"",""Buzzer/Wireless Intercom"",Heating,Washer,Dryer,Essentials,Shampoo}","$93.00","$15.00",15,95,10,10,10,10,10,0.75,402
"3233",8847979,"f","Lower Queen Anne",47.6196403170173,-122.357583527196,"Apartment","Entire home/apt",2,1,0,1,"Real Bed","{Internet,""Wireless Internet"",""Wheelchair Accessible"",Kitchen,""Elevator in Building"",""Buzzer/Wireless Intercom"",Heating,Washer,Dryer,""Smoke Detector"",""Carbon Monoxide Detector"",""Safety Card"",Essentials,Shampoo,""24-Hour Check-in"",Hangers,Iron,""Laptop Friendly Workspace""}","$89.00","",14,97,10,10,10,10,10,5.25,404
"3234",4047399,"f","Lower Queen Anne",47.6240155287001,-122.353981876151,"Apartment","Entire home/apt",2,1,1,1,"Real Bed","{""Wireless Internet"",Kitchen,""Elevator in Building"",Heating,Washer,Essentials}","$160.00","$50.00",5,100,10,10,10,10,10,0.35,410
"3235",66611,"f","Wedgwood",47.6928151492064,-122.285336467052,"House","Private room",1,1,1,1,"Real Bed","{""Wireless Internet"",Kitchen,""Free Parking on Premises"",Heating,Washer,Dryer,""Smoke Detector"",""Carbon Monoxide Detector"",""First Aid Kit"",""Fire Extinguisher"",Essentials,Shampoo}","$65.00","$35.00",20,88,8,10,9,9,9,0.33,84
"3236",7279669,"f","Wedgwood",47.6837478703566,-122.28730309305,"Apartment","Private room",1,1,1,1,"Real Bed","{TV,Internet,""Wireless Internet"",Pool,Kitchen,""Free Parking on Premises"",Breakfast,""Pets live on this property"",Cat(s),""Elevator in Building"",""Buzzer/Wireless Intercom"",Heating,Washer,Dryer,""Smoke Detector"",""Carbon Monoxide Detector"",""Safety Card"",""Fire Extinguisher"",Essentials,Shampoo,""Hair Dryer"",Iron,""Laptop Friendly Workspace""}","$65.00","$50.00",0,NA,NA,NA,NA,NA,NA,NA,119
"3237",9716348,"f","Wedgwood",47.6845797203338,-122.286694439759,"House","Private room",1,1,1,1,"Real Bed","{TV,Dryer,""Smoke Detector"",""Carbon Monoxide Detector""}","$75.00","",0,NA,NA,NA,NA,NA,NA,NA,118
"3238",9887142,"f","Wedgwood",47.6844217365933,-122.29846405759,"House","Private room",4,1,1,2,"Real Bed","{TV,""Cable TV"",Internet,""Wireless Internet"",""Free Parking on Premises"",""Pets live on this property"",Dog(s),Heating,""Family/Kid Friendly"",Washer,Dryer,""Smoke Detector"",""Carbon Monoxide Detector"",""First Aid Kit"",Essentials,Shampoo,""Lock on Bedroom Door"",""24-Hour Check-in"",Hangers,Iron,""Laptop Friendly Workspace""}","$80.00","",0,NA,NA,NA,NA,NA,NA,NA,141
"3239",7007118,"f","Wedgwood",47.6936529018895,-122.303160438667,"House","Entire home/apt",4,1,1,2,"Real Bed","{TV,Internet,""Wireless Internet"",""Wheelchair Accessible"",""Free Parking on Premises"",Heating,""Family/Kid Friendly"",""Smoke Detector"",""Carbon Monoxide Detector"",""Fire Extinguisher"",Essentials,Shampoo,""24-Hour Check-in"",Hangers,""Hair Dryer"",Iron,""Laptop Friendly Workspace""}","$100.00","",10,92,10,10,10,9,10,5.36,130
"3240",5325809,"f","Wedgwood",47.6965770171515,-122.304553579261,"Townhouse","Entire home/apt",5,1.5,2,3,"Real Bed","{TV,Internet,""Wireless Internet"",Kitchen,""Free Parking on Premises"",""Indoor Fireplace"",Heating,""Family/Kid Friendly"",Washer,Dryer,""Smoke Detector"",""Carbon Monoxide Detector"",""Fire Extinguisher"",Essentials,Shampoo}","$98.00","$50.00",24,95,9,10,10,9,9,2.33,112
"3241",6342327,"f","Wedgwood",47.6922003914408,-122.292314415885,"House","Entire home/apt",8,3,4,5,"Real Bed","{TV,""Cable TV"",Internet,""Wireless Internet"",""Air Conditioning"",Kitchen,""Free Parking on Premises"",Heating,""Family/Kid Friendly"",Washer,Dryer,""Smoke Detector"",""Carbon Monoxide Detector"",""Fire Extinguisher"",Essentials}","$299.00","$178.00",0,NA,NA,NA,NA,NA,NA,NA,104
"3242",555182,"f","Wedgwood",47.6836234235428,-122.288278251586,"House","Entire home/apt",6,1,3,4,"Real Bed","{TV,Internet,""Wireless Internet"",Kitchen,Heating,""Family/Kid Friendly"",""Smoke Detector"",""Carbon Monoxide Detector"",""First Aid Kit"",""Fire Extinguisher"",Essentials,Shampoo}","$250.00","",13,88,10,9,10,9,9,0.49,125
"3243",6729818,"f","Wedgwood",47.6967007377295,-122.295768375926,"House","Entire home/apt",2,1,1,1,"Real Bed","{TV,Internet,""Wireless Internet"",Kitchen,""Free Parking on Premises"",""Pets Allowed"",""Pets live on this property"",Dog(s),Heating,Washer,Dryer,""Smoke Detector"",""Carbon Monoxide Detector"",Essentials,Shampoo}","$175.00","",0,NA,NA,NA,NA,NA,NA,NA,83
"3244",66540,"f","Wedgwood",47.6942077242851,-122.286249166218,"House","Private room",1,1,1,1,"Futon","{""Wireless Internet"",Kitchen,""Free Parking on Premises"",""Indoor Fireplace"",Heating,Washer,Dryer}","$65.00","$25.00",14,95,9,10,10,9,10,0.23,82
"3245",8098383,"f","Wedgwood",47.6904869486675,-122.296772910892,"House","Entire home/apt",4,1,1,2,"Real Bed","{TV,""Cable TV"",Internet,""Wireless Internet"",""Free Parking on Premises"",""Pets Allowed"",Heating,""Family/Kid Friendly"",""Suitable for Events"",Washer,Dryer,""Smoke Detector"",""First Aid Kit"",""Fire Extinguisher"",Essentials,Shampoo,""24-Hour Check-in"",""Laptop Friendly Workspace""}","$75.00","",23,97,10,10,10,10,10,5.75,128
"3246",5930473,"f","Wedgwood",47.6954492100307,-122.282562485426,"Loft","Entire home/apt",2,1,0,1,"Real Bed","{Internet,""Wireless Internet"",""Air Conditioning"",Kitchen,""Free Parking on Premises"",""Pets Allowed"",Heating,""Family/Kid Friendly"",Washer,Dryer,""Smoke Detector"",""Carbon Monoxide Detector"",""Fire Extinguisher"",Essentials}","$100.00","$150.00",3,100,10,10,10,10,9,0.42,69
"3247",47491,"f","Wedgwood",47.6924645955563,-122.286883768889,"House","Private room",1,1,1,1,"Real Bed","{""Wireless Internet"",Kitchen,""Free Parking on Premises"",""Indoor Fireplace"",Heating,Washer,Dryer}","$60.00","$35.00",37,94,9,10,10,9,9,0.57,87
"3248",447523,"f","Wedgwood",47.6852324694345,-122.289434643703,"House","Private room",2,1,1,1,"Real Bed","{""Wireless Internet"",Kitchen,""Pets Allowed"",Heating,""Family/Kid Friendly"",""Smoke Detector"",""Carbon Monoxide Detector"",""First Aid Kit"",""Fire Extinguisher"",Essentials,Shampoo}","$48.00","",93,93,9,10,9,9,9,2.16,129
"3249",3961077,"f","Wedgwood",47.6857134439409,-122.289957990219,"House","Private room",2,1,1,1,"Real Bed","{TV,""Wireless Internet"",Kitchen,Heating,""Family/Kid Friendly"",""Smoke Detector"",""Carbon Monoxide Detector"",""First Aid Kit"",""Fire Extinguisher"",Essentials,Shampoo}","$48.00","",18,93,10,10,10,9,9,1.11,129
"3250",52525,"f","Wedgwood",47.6927011844219,-122.285479041615,"House","Private room",1,1,1,1,"Real Bed","{""Wireless Internet"",Kitchen,""Free Parking on Premises"",""Indoor Fireplace"",Heating,Washer,Dryer,""Smoke Detector"",""First Aid Kit"",""Fire Extinguisher"",Essentials,Shampoo}","$60.00","",26,92,9,10,10,10,10,0.4,86
"3251",6811792,"f","Wedgwood",47.6928477293344,-122.304656371626,"Apartment","Entire home/apt",5,2,2,2,"Real Bed","{TV,""Cable TV"",""Wireless Internet"",""Wheelchair Accessible"",Kitchen,""Free Parking on Premises"",""Elevator in Building"",Heating,""Family/Kid Friendly"",Washer,Dryer,""Smoke Detector"",""Carbon Monoxide Detector"",""Fire Extinguisher"",Essentials}","$125.00","$75.00",4,100,10,10,10,9,10,0.87,150
"3252",7619727,"f","Wedgwood",47.6847101205648,-122.300115363461,"House","Entire home/apt",6,1,3,3,"Real Bed","{TV,Internet,""Wireless Internet"",Kitchen,""Free Parking on Premises"",""Pets Allowed"",Heating,""Family/Kid Friendly"",Washer,Dryer,""Smoke Detector"",""Carbon Monoxide Detector"",""Fire Extinguisher"",Essentials,Shampoo}","$200.00","",1,100,10,10,10,10,10,0.28,146
"3253",270370,"f","North Beach/Blue Ridge",47.6981811943314,-122.387101329571,"House","Entire home/apt",6,2,3,3,"Real Bed","{TV,""Wireless Internet"",Kitchen,""Free Parking on Premises"",""Indoor Fireplace"",Heating,""Family/Kid Friendly"",Washer,Dryer,""Smoke Detector"",""Carbon Monoxide Detector"",""First Aid Kit"",""Safety Card"",""Fire Extinguisher"",Essentials,Shampoo,""24-Hour Check-in"",Hangers,""Hair Dryer"",Iron,""Laptop Friendly Workspace""}","$210.00","$80.00",0,NA,NA,NA,NA,NA,NA,NA,89
"3254",7221204,"f","North Beach/Blue Ridge",47.700133804021,-122.392278691201,"House","Private room",2,1,1,1,"Real Bed","{}","$85.00","",11,95,10,10,10,9,10,2.04,84
"3255",6495424,"f","North Beach/Blue Ridge",47.6983351640249,-122.386715633102,"House","Private room",2,1.5,1,1,"Real Bed","{Internet,""Wireless Internet"",Kitchen,""Free Parking on Premises"",Gym,""Pets live on this property"",Dog(s),""Indoor Fireplace"",Heating,""Family/Kid Friendly"",""Suitable for Events"",Washer,Dryer,""Smoke Detector"",""Carbon Monoxide Detector"",""First Aid Kit"",""Fire Extinguisher"",Essentials,Shampoo}","$75.00","",1,100,10,10,10,10,10,0.39,89
"3256",2737038,"f","North Beach/Blue Ridge",47.6981912377217,-122.396615011253,"House","Entire home/apt",2,1,0,1,"Real Bed","{Internet,""Wireless Internet"",""Free Parking on Premises"",""Pets live on this property"",Dog(s),Heating,""Smoke Detector"",""Carbon Monoxide Detector"",""Safety Card"",Essentials,Shampoo}","$75.00","$35.00",29,96,10,10,10,10,10,5.76,80
"3257",9034515,"f","North Beach/Blue Ridge",47.6941218283242,-122.394657490376,"Other","Entire home/apt",2,1,0,1,"Real Bed","{Internet,""Wireless Internet"",Kitchen,""Free Parking on Premises"",""Pets live on this property"",Dog(s),Cat(s),Heating,""Family/Kid Friendly"",""Smoke Detector"",""Carbon Monoxide Detector"",""First Aid Kit"",""Fire Extinguisher"",Essentials,Shampoo}","$80.00","$50.00",2,100,9,9,9,9,9,2,85
"3258",8147215,"f","North Beach/Blue Ridge",47.6983369258629,-122.392710283142,"House","Entire home/apt",5,1,2,2,"Real Bed","{TV,""Cable TV"",Internet,""Wireless Internet"",Kitchen,""Free Parking on Premises"",""Pets Allowed"",Heating,""Family/Kid Friendly"",""Smoke Detector"",""Carbon Monoxide Detector"",""First Aid Kit"",""Fire Extinguisher"",Essentials}","$180.00","$89.00",4,90,8,10,10,10,10,1.35,84
"3259",6376952,"t","North Beach/Blue Ridge",47.7043215105622,-122.381791868153,"House","Entire home/apt",6,1.5,3,3,"Real Bed","{TV,""Cable TV"",Internet,""Wireless Internet"",Kitchen,""Free Parking on Premises"",""Pets live on this property"",Dog(s),""Hot Tub"",""Indoor Fireplace"",Heating,""Family/Kid Friendly"",Washer,Dryer,""Smoke Detector"",""First Aid Kit"",""Fire Extinguisher"",Essentials}","$240.00","$175.00",8,100,9,10,10,10,10,1.31,79
"3260",10319529,"f","North Beach/Blue Ridge",47.7071543831191,-122.374163737668,"House","Entire home/apt",2,1,1,1,"Real Bed","{TV,""Cable TV"",Internet,""Wireless Internet"",Kitchen,""Free Parking on Premises"",""Indoor Fireplace"",Heating,Washer,Dryer,""Smoke Detector"",""Carbon Monoxide Detector"",""First Aid Kit"",""Safety Card"",""Fire Extinguisher"",Essentials,Shampoo,Hangers,""Hair Dryer"",Iron,""Laptop Friendly Workspace""}","$49.00","$25.00",0,NA,NA,NA,NA,NA,NA,NA,70
"3261",3613516,"f","North Beach/Blue Ridge",47.6981064934996,-122.384641278433,"House","Entire home/apt",4,1,2,2,"Real Bed","{TV,Internet,""Wireless Internet"",Kitchen,""Free Parking on Premises"",""Pets live on this property"",Cat(s),""Indoor Fireplace"",Heating,""Smoke Detector"",""Carbon Monoxide Detector"",""First Aid Kit"",""Fire Extinguisher"",Essentials,Shampoo}","$275.00","$100.00",2,90,8,10,8,9,7,0.4,92
"3262",8780704,"f","North Beach/Blue Ridge",47.6968780303231,-122.400469344757,"Bungalow","Entire home/apt",2,1,1,1,"Real Bed","{""Cable TV"",""Wireless Internet"",Kitchen,""Free Parking on Premises"",""Pets live on this property"",Dog(s),Cat(s),""Hot Tub"",Heating,""Family/Kid Friendly"",""Smoke Detector"",""Carbon Monoxide Detector"",Essentials,Hangers,""Hair Dryer"",""Laptop Friendly Workspace""}","$95.00","",0,NA,NA,NA,NA,NA,NA,NA,78
"3263",9714078,"f","North Beach/Blue Ridge",47.7086315695662,-122.375247739289,"House","Entire home/apt",4,1,2,3,"Real Bed","{TV,""Wireless Internet"",Kitchen,""Free Parking on Premises"",""Indoor Fireplace"",Heating,Washer,Dryer,""Smoke Detector"",""Carbon Monoxide Detector"",""First Aid Kit"",""Safety Card"",""Fire Extinguisher"",Essentials,Shampoo,""24-Hour Check-in"",Hangers,""Hair Dryer"",Iron,""Laptop Friendly Workspace""}","$108.00","$25.00",2,100,10,10,10,10,10,2,70
"3264",1593991,"f","North Beach/Blue Ridge",47.6920859717918,-122.383494588418,"Boat","Private room",2,0.5,1,1,"Real Bed","{""Wireless Internet"",Kitchen,""Free Parking on Premises"",Breakfast,""Pets live on this property"",Dog(s),""Buzzer/Wireless Intercom"",Heating,Washer,Dryer}","$150.00","",46,98,10,10,10,10,9,2.47,93
"3265",6239108,"f","North Beach/Blue Ridge",47.6960259435565,-122.393591015201,"Apartment","Entire home/apt",3,1,1,2,"Real Bed","{TV,""Cable TV"",Internet,""Wireless Internet"",""Air Conditioning"",Kitchen,""Free Parking on Premises"",Heating,""Family/Kid Friendly"",""Smoke Detector"",""Carbon Monoxide Detector"",""Fire Extinguisher"",Essentials}","$75.00","$35.00",22,97,10,10,9,10,9,2.95,86
"3266",2303981,"f","North Beach/Blue Ridge",47.7032894627396,-122.375627406543,"House","Entire home/apt",8,1,3,3,"Real Bed","{""Cable TV"",""Wireless Internet"",Kitchen,""Free Parking on Premises"",""Pets live on this property"",Dog(s),Cat(s),""Indoor Fireplace"",Heating,""Family/Kid Friendly"",Washer,Dryer,""Smoke Detector"",""First Aid Kit"",""Fire Extinguisher"",Essentials,Shampoo}","$99.00","",4,100,10,10,10,9,10,0.22,88
"3267",5104077,"f","Cedar Park",47.7212466879907,-122.287730766778,"House","Entire home/apt",5,1,3,3,"Real Bed","{TV,Internet,""Wireless Internet"",Kitchen,""Free Parking on Premises"",""Smoking Allowed"",Heating,""Family/Kid Friendly"",Washer,Dryer,""Smoke Detector"",""Carbon Monoxide Detector"",""First Aid Kit"",""Safety Card"",""Fire Extinguisher"",Essentials,Shampoo}","$110.00","$160.00",3,87,9,9,9,7,9,0.53,34
"3268",7434103,"f","Cedar Park",47.7236472805275,-122.288215758712,"Bed & Breakfast","Private room",2,1,1,1,"Real Bed","{""Wireless Internet"",Kitchen,""Free Parking on Premises"",""Pets live on this property"",Cat(s),Heating,""Smoke Detector"",""Carbon Monoxide Detector"",""First Aid Kit"",""Fire Extinguisher"",Essentials}","$92.00","",5,100,10,10,10,9,9,0.92,30
"3269",8233110,"f","Cedar Park",47.7214324394243,-122.281812301272,"Apartment","Entire home/apt",4,1,2,2,"Real Bed","{TV,""Cable TV"",Internet,""Wireless Internet"",""Air Conditioning"",Kitchen,""Free Parking on Premises"",""Indoor Fireplace"",Heating,""Family/Kid Friendly"",Washer,Dryer,""Smoke Detector"",""Fire Extinguisher"",Essentials,Shampoo}","$171.00","$155.00",0,NA,NA,NA,NA,NA,NA,NA,27
"3270",6438099,"f","Cedar Park",47.7180630586456,-122.283456964568,"House","Private room",2,1,1,1,"Real Bed","{TV,Internet,""Wireless Internet"",Kitchen,""Free Parking on Premises"",Heating,""Smoke Detector"",""Carbon Monoxide Detector""}","$55.00","$25.00",0,NA,NA,NA,NA,NA,NA,NA,27
"3271",7650458,"f","Cedar Park",47.7177423790772,-122.293943405152,"Apartment","Entire home/apt",2,1,1,2,"Real Bed","{TV,Internet,""Wireless Internet"",""Wheelchair Accessible"",Kitchen,""Free Parking on Premises"",""Elevator in Building"",""Buzzer/Wireless Intercom"",Heating,""Family/Kid Friendly"",Washer,Dryer,""Smoke Detector"",""Carbon Monoxide Detector"",""First Aid Kit"",""Safety Card"",Essentials,Shampoo}","$70.00","$82.00",1,100,10,10,10,10,10,0.36,35
"3272",7219541,"f","Cedar Park",47.7231783054827,-122.282888834711,"House","Private room",1,1,1,1,"Real Bed","{""Wireless Internet"",""Free Parking on Premises"",Heating,""Family/Kid Friendly"",Washer,Dryer,""Smoke Detector"",Essentials}","$80.00","",1,80,8,8,8,8,8,0.21,27
"3273",4092037,"f","Cedar Park",47.7170385327289,-122.289065779419,"House","Entire home/apt",6,2.5,3,3,"Real Bed","{TV,Internet,""Wireless Internet"",""Air Conditioning"",Kitchen,""Free Parking on Premises"",""Pets live on this property"",Cat(s),""Hot Tub"",""Indoor Fireplace"",Heating,Washer,Dryer,""Smoke Detector"",""Carbon Monoxide Detector"",""First Aid Kit"",""Fire Extinguisher"",Essentials}","$250.00","$50.00",1,100,8,10,10,10,10,0.08,33
"3274",475361,"t","Cedar Park",47.717961917156,-122.291140673406,"House","Entire home/apt",2,1,1,1,"Real Bed","{""Cable TV"",""Wireless Internet"",""Free Parking on Premises"",""Indoor Fireplace"",Heating,""Family/Kid Friendly"",Washer,Dryer}","$89.00","$35.00",80,95,10,10,10,9,10,1.87,34
"3275",6327662,"f","Bitter Lake",47.7056494777805,-122.352177972839,"House","Entire home/apt",2,1,1,1,"Real Bed","{Internet,""Wireless Internet"",Kitchen,""Free Parking on Premises"",Heating,Washer,Dryer,""Smoke Detector"",""Carbon Monoxide Detector"",""First Aid Kit"",""Safety Card"",""Fire Extinguisher"",Shampoo}","$90.00","$60.00",2,100,10,10,10,10,10,0.4,88
"3276",9679741,"f","Bitter Lake",47.7306528023987,-122.351543283755,"House","Private room",2,1,1,1,"Real Bed","{Internet,""Wireless Internet"",Kitchen,""Free Parking on Premises"",Heating,""Family/Kid Friendly"",Washer,Dryer,""Smoke Detector"",""Carbon Monoxide Detector"",""Fire Extinguisher"",Essentials,Shampoo,""Lock on Bedroom Door"",Hangers,""Hair Dryer"",Iron,""Laptop Friendly Workspace""}","$50.00","",2,100,10,10,9,10,10,2,36
"3277",2630912,"f","Bitter Lake",47.7146878178276,-122.354680474848,"House","Private room",4,1.5,1,2,"Real Bed","{TV,""Cable TV"",Internet,""Wireless Internet"",Kitchen,Breakfast,""Indoor Fireplace"",Heating,""Family/Kid Friendly"",Washer,Dryer,""Smoke Detector"",""First Aid Kit"",""Fire Extinguisher"",Essentials}","$170.00","$65.00",1,100,10,10,10,10,10,0.21,76
"3278",6629657,"f","Bitter Lake",47.7105825812299,-122.355073088394,"House","Private room",1,1,1,1,"Real Bed","{TV,Internet,""Wireless Internet"",Kitchen,""Free Parking on Premises"",""Pets live on this property"",""Indoor Fireplace"",Heating,Washer,Dryer,""Smoke Detector"",""Fire Extinguisher"",Essentials,Shampoo}","$45.00","",18,91,8,10,10,9,9,2.69,82
"3279",1340668,"f","Bitter Lake",47.709069107178,-122.345966250597,"House","Private room",2,1,1,1,"Real Bed","{Internet,""Wireless Internet"",Kitchen,""Free Parking on Premises"",Heating,""Family/Kid Friendly"",Washer,Dryer}","$39.00","$10.00",27,89,8,10,9,8,9,0.89,92
"3280",8474584,"f","Bitter Lake",47.7050621522109,-122.346484107627,"Apartment","Entire home/apt",4,1,1,1,"Real Bed","{TV,Internet,Kitchen,""Free Parking on Premises"",""Indoor Fireplace"",""Buzzer/Wireless Intercom"",Heating,""Suitable for Events"",Washer,Dryer,""Smoke Detector"",""Carbon Monoxide Detector"",""First Aid Kit"",""Safety Card"",""Fire Extinguisher"",Essentials,Shampoo}","$78.00","$95.00",2,100,10,10,10,10,10,0.62,94
"3281",9460991,"f","Bitter Lake",47.7115424980632,-122.352471775859,"House","Private room",1,0.5,1,1,"Real Bed","{Internet,""Wireless Internet"",Kitchen,""Free Parking on Premises"",""Pets live on this property"",Cat(s),""Indoor Fireplace"",Heating,Washer,Dryer,""Smoke Detector"",Essentials,Shampoo,""Lock on Bedroom Door"",""24-Hour Check-in"",Hangers,""Hair Dryer""}","$99.00","",0,NA,NA,NA,NA,NA,NA,NA,82
"3282",7066118,"t","Bitter Lake",47.7234566737138,-122.350006750719,"Apartment","Entire home/apt",5,1,1,1,"Real Bed","{TV,""Cable TV"",""Wireless Internet"",Kitchen,""Free Parking on Premises"",""Pets live on this property"",Dog(s),Cat(s),Heating,""Family/Kid Friendly"",Washer,Dryer,""Smoke Detector"",""Carbon Monoxide Detector"",""First Aid Kit"",""Safety Card"",""Fire Extinguisher"",Essentials,Shampoo}","$60.00","$40.00",21,98,10,10,10,10,10,3.44,61
"3283",4681885,"f","Bitter Lake",47.7115899836186,-122.354906243167,"House","Private room",2,1,1,1,"Real Bed","{TV,""Cable TV"",Internet,""Wireless Internet"",Kitchen,""Free Parking on Premises"",""Pets live on this property"",Dog(s),""Indoor Fireplace"",Heating,Washer,Dryer,""Smoke Detector"",""Carbon Monoxide Detector"",""First Aid Kit"",""Fire Extinguisher"",Essentials,Shampoo}","$65.00","",37,91,8,10,10,9,9,4.02,82
"3284",9154462,"f","Bitter Lake",47.7063986376776,-122.352836201601,"House","Entire home/apt",4,1.5,2,2,"Real Bed","{TV,""Cable TV"",Internet,""Wireless Internet"",Kitchen,""Free Parking on Premises"",""Pets live on this property"",Cat(s),""Indoor Fireplace"",Heating,Washer,Dryer,""Smoke Detector"",""Carbon Monoxide Detector"",""First Aid Kit"",""Fire Extinguisher"",Essentials,Shampoo}","$90.00","$60.00",1,100,8,10,10,10,10,0.64,88
"3285",3689416,"f","Bitter Lake",47.7247821864239,-122.353066607916,"Apartment","Private room",4,1.5,1,1,"Real Bed","{TV,Internet,""Wireless Internet"",Pool,Kitchen,""Free Parking on Premises"",""Smoking Allowed"",""Pets Allowed"",Gym,""Pets live on this property"",""Hot Tub"",Heating,""Family/Kid Friendly"",Washer,Dryer,""Smoke Detector"",""Carbon Monoxide Detector"",""First Aid Kit"",""Fire Extinguisher"",Essentials,Shampoo}","$64.00","$30.00",13,86,9,9,9,9,9,0.75,56
"3286",3263722,"f","Bitter Lake",47.7150328649481,-122.355344428721,"House","Entire home/apt",8,3,3,4,"Real Bed","{TV,""Cable TV"",Internet,""Wireless Internet"",Kitchen,""Free Parking on Premises"",""Pets Allowed"",""Indoor Fireplace"",Heating,""Family/Kid Friendly"",""Suitable for Events"",Washer,Dryer,""Smoke Detector"",""Fire Extinguisher"",Essentials,Shampoo}","$190.00","$250.00",6,84,8,8,10,9,8,0.34,77
"3287",5309974,"f","Bitter Lake",47.7333579085648,-122.354276832106,"House","Private room",2,1,1,1,"Real Bed","{TV,""Cable TV"",Internet,""Wireless Internet"",""Free Parking on Premises"",Heating,Washer,Dryer,""Smoke Detector"",""Carbon Monoxide Detector"",""First Aid Kit"",""Safety Card"",""Fire Extinguisher"",Essentials,Shampoo,""24-Hour Check-in"",Hangers,""Hair Dryer"",Iron}","$39.00","",4,100,10,10,10,10,10,3.43,37
"3288",1793138,"t","Sunset Hill",47.6861974904743,-122.399521250983,"Bed & Breakfast","Private room",2,1,1,1,"Real Bed","{""Wireless Internet"",Breakfast,Heating,""Family/Kid Friendly""}","$77.00","",13,95,9,10,10,10,10,0.49,86
"3289",8371720,"f","Sunset Hill",47.6835324131557,-122.400901617574,"House","Private room",2,1,1,1,"Real Bed","{}","$80.00","",0,NA,NA,NA,NA,NA,NA,NA,87
"3290",8310249,"f","Sunset Hill",47.6692260950274,-122.400102724992,"House","Private room",2,1,1,2,"Real Bed","{Internet,""Wireless Internet"",Kitchen,""Pets live on this property"",Dog(s),Heating,""Smoke Detector"",""Carbon Monoxide Detector"",""Fire Extinguisher"",Essentials}","$75.00","",12,95,10,10,10,10,10,3.16,95
"3291",8310398,"f","Sunset Hill",47.6678832218033,-122.399969008194,"House","Private room",2,1,1,1,"Real Bed","{TV,Internet,""Wireless Internet"",Kitchen,Heating,""Smoke Detector"",""Carbon Monoxide Detector"",""Fire Extinguisher"",Essentials,Shampoo}","$75.00","",19,95,10,10,10,10,10,4.96,91
"3292",158345,"t","Sunset Hill",47.6699213773643,-122.401463847918,"House","Private room",2,1.5,1,1,"Real Bed","{Internet,""Wireless Internet"",Kitchen,""Free Parking on Premises"",""Indoor Fireplace"",Heating,""Family/Kid Friendly"",""Smoke Detector"",""Carbon Monoxide Detector"",""Safety Card"",Essentials,Shampoo}","$55.00","",277,97,10,10,10,10,10,5.13,86
"3293",173896,"f","Sunset Hill",47.6723452207634,-122.398920008023,"House","Private room",2,1,1,1,"Real Bed","{""Wireless Internet"",""Air Conditioning"",""Pets Allowed"",""Pets live on this property"",Dog(s),""Other pet(s)"",Heating,""Family/Kid Friendly"",""Smoke Detector"",""First Aid Kit"",""Safety Card"",""Fire Extinguisher"",Essentials,Shampoo}","$70.00","",102,95,10,10,10,10,9,1.89,107
"3294",6759038,"f","Sunset Hill",47.6681332842344,-122.400748688396,"House","Private room",2,1,1,1,"Real Bed","{TV,""Cable TV"",Internet,""Wireless Internet"",Kitchen,""Pets live on this property"",Dog(s),Heating,Washer,Dryer,""Smoke Detector"",""Carbon Monoxide Detector"",""First Aid Kit"",""Fire Extinguisher"",Essentials}","$85.00","",18,92,9,10,10,10,9,2.63,88
"3295",9138923,"f","Sunset Hill",47.6793371216618,-122.395807718333,"Apartment","Entire home/apt",2,1,0,2,"Real Bed","{TV,Internet,""Wireless Internet"",Kitchen,""Free Parking on Premises"",Heating,""Family/Kid Friendly"",Washer,Dryer,""Smoke Detector"",""Carbon Monoxide Detector"",""First Aid Kit"",""Safety Card"",""Fire Extinguisher"",Essentials,Shampoo}","$85.00","",9,100,10,10,10,10,10,4.66,96
"3296",6018416,"f","Sunset Hill",47.6806890498443,-122.401458765577,"House","Entire home/apt",6,2.5,3,3,"Real Bed","{TV,""Cable TV"",Internet,""Wireless Internet"",Kitchen,""Free Parking on Premises"",""Pets Allowed"",""Pets live on this property"",Dog(s),""Hot Tub"",""Indoor Fireplace"",Heating,Washer,Dryer,""Smoke Detector"",""Carbon Monoxide Detector"",""First Aid Kit"",""Fire Extinguisher"",Essentials,Shampoo}","$350.00","$45.00",14,100,10,10,10,10,10,1.87,91
"3297",1777158,"t","Sunset Hill",47.6869573919507,-122.400318150262,"Bed & Breakfast","Private room",3,1,1,2,"Real Bed","{""Wireless Internet"",Breakfast,Heating,""Family/Kid Friendly""}","$92.00","",28,100,10,10,10,10,10,1.09,86
"3298",5364414,"f","Sunset Hill",47.6691732307645,-122.400583364909,"House","Entire home/apt",5,2.5,2,2,"Real Bed","{TV,Internet,""Wireless Internet"",Kitchen,""Free Parking on Premises"",""Indoor Fireplace"",Heating,""Family/Kid Friendly"",Washer,Dryer,""Smoke Detector"",""Carbon Monoxide Detector"",Essentials,Shampoo,""24-Hour Check-in"",Hangers,""Hair Dryer"",Iron,""Laptop Friendly Workspace""}","$200.00","$150.00",27,93,10,10,10,9,9,2.87,91
"3299",1856253,"f","Sunset Hill",47.6908707464685,-122.399353372658,"House","Private room",2,1,1,1,"Real Bed","{TV,""Cable TV"",""Wireless Internet"",Kitchen,""Free Parking on Premises"",""Pets live on this property"",Dog(s),""Indoor Fireplace"",Heating,Washer,Dryer,""Smoke Detector"",Shampoo}","$50.00","",30,100,10,10,10,10,10,1.14,83
"3300",6994406,"f","Sunset Hill",47.6895221671073,-122.395964848002,"House","Entire home/apt",5,2,3,3,"Real Bed","{Internet,""Wireless Internet"",Kitchen,""Free Parking on Premises"",""Indoor Fireplace"",Heating,""Family/Kid Friendly"",Washer,Dryer,""Smoke Detector"",""Carbon Monoxide Detector"",""Fire Extinguisher"",Essentials,Shampoo}","$150.00","$125.00",2,90,9,10,10,10,10,0.4,89
"3301",1488166,"f","Sunset Hill",47.6769837330914,-122.401496017608,"House","Entire home/apt",6,2,3,4,"Real Bed","{TV,""Cable TV"",Internet,""Wireless Internet"",Kitchen,""Free Parking on Premises"",""Indoor Fireplace"",Heating,""Family/Kid Friendly"",Washer,Dryer,""Smoke Detector"",""Carbon Monoxide Detector"",""First Aid Kit"",""Safety Card"",""Fire Extinguisher"",Essentials,Shampoo,""24-Hour Check-in"",Hangers,""Hair Dryer"",Iron,""Laptop Friendly Workspace""}","$475.00","$175.00",19,97,10,10,10,10,9,0.65,95
"3302",463768,"f","Sunset Hill",47.6689948071378,-122.402800638715,"House","Entire home/apt",5,3,3,3,"Real Bed","{TV,""Cable TV"",""Wireless Internet"",Kitchen,""Free Parking on Premises"",""Indoor Fireplace"",Heating,""Family/Kid Friendly"",Washer,Dryer}","$375.00","$125.00",21,93,9,9,9,9,9,0.49,78
"3303",4334804,"f","Sunset Hill",47.6713354093614,-122.402302913352,"House","Entire home/apt",6,2.5,2,2,"Real Bed","{TV,""Cable TV"",Internet,""Wireless Internet"",Kitchen,""Free Parking on Premises"",""Indoor Fireplace"",Heating,""Family/Kid Friendly"",Washer,Dryer,""Smoke Detector"",""Carbon Monoxide Detector"",""First Aid Kit"",""Fire Extinguisher"",Shampoo}","$450.00","$125.00",0,NA,NA,NA,NA,NA,NA,NA,87
"3304",9331145,"f","Sunset Hill",47.6795814138068,-122.404011571011,"Boat","Private room",1,0.5,1,1,"Couch","{TV,""Cable TV"",Internet,Kitchen,""First Aid Kit"",""Fire Extinguisher""}","$75.00","",0,NA,NA,NA,NA,NA,NA,NA,90
"3305",7389248,"f","Sunset Hill",47.669937625972,-122.403059306175,"House","Entire home/apt",4,2.5,3,2,"Real Bed","{TV,""Cable TV"",Internet,""Wireless Internet"",Kitchen,""Free Parking on Premises"",""Indoor Fireplace"",Heating,""Family/Kid Friendly"",Washer,Dryer,""Smoke Detector"",""Carbon Monoxide Detector"",Essentials,Shampoo}","$350.00","$100.00",3,100,10,10,10,10,10,0.53,79
"3306",1022135,"f","Haller Lake",47.7060859096109,-122.341682696351,"House","Private room",2,1,1,1,"Real Bed","{Internet,""Wireless Internet"",""Air Conditioning"",Kitchen,""Free Parking on Premises"",Heating,Washer,Dryer,""Smoke Detector"",""Fire Extinguisher"",Essentials,Shampoo}","$75.00","$35.00",7,88,9,9,10,7,9,0.23,100
"3307",1219691,"t","Haller Lake",47.7326471760091,-122.341301007976,"House","Entire home/apt",4,1,2,2,"Real Bed","{TV,""Wireless Internet"",""Air Conditioning"",Kitchen,""Free Parking on Premises"",Heating,""Family/Kid Friendly"",Washer,Dryer,""Smoke Detector"",""Carbon Monoxide Detector"",""First Aid Kit"",""Safety Card"",Essentials,Shampoo}","$119.00","$30.00",23,99,10,10,10,9,10,0.75,46
"3308",7969698,"f","Haller Lake",47.7083929529044,-122.337037314734,"Townhouse","Entire home/apt",6,1.5,2,2,"Real Bed","{TV,Internet,""Wireless Internet"",Kitchen,""Free Parking on Premises"",""Indoor Fireplace"",Heating,""Family/Kid Friendly"",Washer,Dryer,""Smoke Detector"",""Carbon Monoxide Detector"",""First Aid Kit"",""Fire Extinguisher"",Essentials,Shampoo,""24-Hour Check-in""}","$97.00","$15.00",1,NA,NA,NA,NA,NA,NA,0.53,95
"3309",7403174,"t","Haller Lake",47.7082646624255,-122.338298872043,"House","Entire home/apt",4,1.5,2,2,"Real Bed","{TV,Internet,""Wireless Internet"",Kitchen,""Free Parking on Premises"",""Pets live on this property"",Dog(s),""Indoor Fireplace"",Heating,""Family/Kid Friendly"",Washer,Dryer,""Smoke Detector"",""Carbon Monoxide Detector"",""First Aid Kit"",Essentials,Shampoo}","$125.00","",16,98,10,10,10,10,10,2.93,95
"3310",7368599,"f","Haller Lake",47.7075788173944,-122.336808224328,"House","Entire home/apt",8,2,3,5,"Real Bed","{""Wireless Internet"",Kitchen,Heating,""Family/Kid Friendly"",""Smoke Detector"",""First Aid Kit"",Essentials}","$200.00","$20.00",3,93,9,9,9,9,8,0.64,97
"3311",1692318,"f","Haller Lake",47.7267017649546,-122.324788822916,"House","Entire home/apt",6,1,2,3,"Real Bed","{TV,""Cable TV"",Internet,""Wireless Internet"",Kitchen,""Free Parking on Premises"",""Pets live on this property"",Dog(s),Cat(s),""Hot Tub"",""Indoor Fireplace"",Heating,""Family/Kid Friendly"",Washer,Dryer,""Smoke Detector"",""Carbon Monoxide Detector"",Essentials}","$108.00","$76.00",12,92,10,10,9,9,9,0.84,50
"3312",5950957,"f","Haller Lake",47.7150120706868,-122.331974648808,"House","Private room",1,1,1,1,"Real Bed","{Internet,""Wireless Internet"",Kitchen,""Free Parking on Premises"",""Indoor Fireplace"",Heating,Washer,Dryer,""Smoke Detector"",""Fire Extinguisher""}","$49.00","$25.00",0,NA,NA,NA,NA,NA,NA,NA,86
"3313",315120,"t","Haller Lake",47.727419713371,-122.327638852473,"Apartment","Entire home/apt",4,1,1,1,"Real Bed","{TV,""Cable TV"",Internet,""Wireless Internet"",Kitchen,""Free Parking on Premises"",Breakfast,Heating,""Family/Kid Friendly"",Washer,Dryer,""Smoke Detector"",""Carbon Monoxide Detector"",""First Aid Kit"",""Safety Card"",""Fire Extinguisher"",Essentials,Shampoo,""24-Hour Check-in"",Hangers,""Hair Dryer"",Iron,""Laptop Friendly Workspace""}","$125.00","$25.00",71,99,10,10,10,9,10,1.55,50
"3314",3925572,"f","Haller Lake",47.7182371022665,-122.336706056314,"House","Private room",2,1,1,1,"Real Bed","{TV,""Wireless Internet"",Kitchen,""Free Parking on Premises"",Heating,Essentials}","$70.00","",3,87,8,10,9,9,7,0.57,75
"3315",5308339,"f","Haller Lake",47.7191448450501,-122.327907305927,"Bed & Breakfast","Private room",4,1,1,1,"Real Bed","{""Wireless Internet"",""Free Parking on Premises"",Heating,""Family/Kid Friendly"",""Smoke Detector"",""Carbon Monoxide Detector"",""Safety Card"",""Fire Extinguisher"",Essentials,Shampoo}","$70.00","",12,85,9,10,10,9,9,1.28,65
"3316",8426749,"f","Haller Lake",47.7090149729937,-122.337062963453,"House","Entire home/apt",6,1,2,4,"Real Bed","{Internet,""Wireless Internet"",Kitchen,""Free Parking on Premises"",Heating,""Family/Kid Friendly"",Washer,Dryer,""Smoke Detector"",Essentials}","$98.00","",7,100,10,10,10,10,10,2.06,95
"3317",107962,"t","Haller Lake",47.7148851917686,-122.332963649588,"Cabin","Entire home/apt",2,1,1,1,"Real Bed","{""Wireless Internet"",Kitchen,""Free Parking on Premises"",""Pets live on this property"",""Indoor Fireplace""}","$100.00","",159,97,10,10,10,10,10,2.88,86
"3318",9220485,"f","Haller Lake",47.7067579807646,-122.33661456368,"Townhouse","Private room",2,1.5,1,1,"Real Bed","{TV,Internet,""Wireless Internet"",Kitchen,""Indoor Fireplace"",Heating,""Family/Kid Friendly"",Washer,Dryer,""Smoke Detector"",""Carbon Monoxide Detector"",""First Aid Kit"",""Fire Extinguisher"",Essentials,Shampoo,Hangers,Iron,""Laptop Friendly Workspace""}","$36.00","$10.00",0,NA,NA,NA,NA,NA,NA,NA,99
"3319",8446541,"f","Haller Lake",47.70689853625,-122.337428102254,"House","Private room",4,1,1,2,"Real Bed","{Internet,""Wireless Internet"",""Free Parking on Premises"",Heating,""Family/Kid Friendly"",Washer,Dryer,""Smoke Detector"",Essentials}","$80.00","$10.00",2,80,10,10,10,9,10,0.59,99
"3320",9675736,"f","Haller Lake",47.7239560552428,-122.325776207138,"House","Entire home/apt",8,2,4,4,"Real Bed","{TV,""Cable TV"",Internet,""Wireless Internet"",Kitchen,""Free Parking on Premises"",""Indoor Fireplace"",Heating,""Family/Kid Friendly"",Washer,Dryer,""Smoke Detector"",""Carbon Monoxide Detector"",""Safety Card"",""Fire Extinguisher"",Essentials,Shampoo,""24-Hour Check-in"",Hangers,""Hair Dryer"",Iron}","$199.00","$99.00",0,NA,NA,NA,NA,NA,NA,NA,51
"3321",7534812,"f","Pinehurst",47.7129882900965,-122.316581326349,"Apartment","Entire home/apt",6,1,2,2,"Real Bed","{Internet,""Wireless Internet"",""Wheelchair Accessible"",Kitchen,""Free Parking on Premises"",Heating,""Family/Kid Friendly"",Washer,Dryer,""Smoke Detector"",""Carbon Monoxide Detector"",Essentials,Shampoo,""Hair Dryer"",Iron}","$139.00","$170.00",3,93,10,10,10,9,9,0.61,73
"3322",7839723,"f","Pinehurst",47.7111080178019,-122.316696320515,"Apartment","Entire home/apt",8,1,2,1,"Real Bed","{Internet,""Wireless Internet"",Kitchen,""Free Parking on Premises"",""Indoor Fireplace"",Heating,""Family/Kid Friendly"",Washer,Dryer,""Smoke Detector"",""Carbon Monoxide Detector"",Essentials,Shampoo}","$150.00","$170.00",1,80,10,8,8,6,8,0.22,82
"3323",3209964,"f","Pinehurst",47.7293270223371,-122.315260869418,"Apartment","Private room",2,2,1,2,"Real Bed","{TV,Internet,""Wireless Internet"",Pool,Kitchen,""Pets live on this property"",""Hot Tub"",""Indoor Fireplace"",Heating,""Family/Kid Friendly"",Washer,Dryer,""Smoke Detector"",""Carbon Monoxide Detector"",""First Aid Kit"",""Fire Extinguisher"",Essentials,Shampoo}","$55.00","$20.00",1,100,10,10,10,10,10,0.25,49
"3324",5607404,"f","Pinehurst",47.7124500537374,-122.326417678665,"House","Entire home/apt",6,1.5,2,2,"Real Bed","{TV,Internet,""Wireless Internet"",Kitchen,""Free Parking on Premises"",""Indoor Fireplace"",Heating,""Family/Kid Friendly"",Washer,Dryer,""Smoke Detector"",Essentials}","$125.00","$85.00",5,84,10,9,10,9,9,0.84,89
"3325",6103108,"f","North College Park",47.6930288610173,-122.340521657714,"House","Private room",2,1,1,1,"Real Bed","{TV,Internet,""Wireless Internet"",Kitchen,""Free Parking on Premises"",""Pets live on this property"",Dog(s),Heating,""Family/Kid Friendly"",Washer,Dryer,""Smoke Detector"",""First Aid Kit"",Essentials,Shampoo}","$150.00","$10.00",4,90,10,10,10,9,9,0.78,152
"3326",9938792,"f","North College Park",47.6915157703731,-122.339498472893,"House","Private room",2,1.5,1,1,"Real Bed","{TV,""Wireless Internet"",Kitchen,""Free Parking on Premises"",""Pets Allowed"",""Pets live on this property"",Dog(s),""Indoor Fireplace"",Heating,""Family/Kid Friendly"",""Suitable for Events"",Washer,Dryer,Essentials,Shampoo,""24-Hour Check-in"",Hangers,""Hair Dryer"",Iron,""Laptop Friendly Workspace""}","$73.00","",0,NA,NA,NA,NA,NA,NA,NA,168
"3327",1851863,"t","North College Park",47.6971027784138,-122.344555947051,"Apartment","Entire home/apt",4,1,1,1,"Real Bed","{""Wireless Internet"",Kitchen,""Free Parking on Premises"",Heating,""Family/Kid Friendly"",Washer,Dryer,""Smoke Detector"",""Carbon Monoxide Detector"",""Fire Extinguisher""}","$95.00","$50.00",28,96,10,10,10,9,10,1.09,115
"3328",8130015,"f","North College Park",47.7050564284677,-122.337551136277,"House","Private room",2,1,1,1,"Real Bed","{""Wireless Internet"",Kitchen,""Free Parking on Premises"",""Smoking Allowed"",""Pets live on this property"",Dog(s),Cat(s),""Indoor Fireplace"",Heating,""Smoke Detector"",""Carbon Monoxide Detector"",""First Aid Kit"",""Safety Card"",""Fire Extinguisher"",Essentials}","$88.00","",1,100,10,10,10,10,10,0.34,100
"3329",8957312,"f","North College Park",47.6967850478025,-122.334800778487,"House","Private room",2,1,1,2,"Real Bed","{TV,""Cable TV"",Internet,""Wireless Internet"",""Air Conditioning"",Kitchen,""Free Parking on Premises"",Heating,Washer,Dryer,""Smoke Detector"",""Carbon Monoxide Detector"",Essentials,Shampoo}","$70.00","",0,NA,NA,NA,NA,NA,NA,NA,136
"3330",2426152,"f","North College Park",47.7051984075501,-122.334769503728,"Apartment","Entire home/apt",3,1,1,1,"Real Bed","{TV,""Cable TV"",Internet,""Wireless Internet"",""Wheelchair Accessible"",Kitchen,""Free Parking on Premises"",""Elevator in Building"",""Indoor Fireplace"",""Buzzer/Wireless Intercom"",Heating,""Family/Kid Friendly"",Washer,Dryer}","$100.00","$25.00",0,NA,NA,NA,NA,NA,NA,NA,102
"3331",7826447,"f","North College Park",47.704309614459,-122.33924219405,"Apartment","Entire home/apt",4,1,3,4,"Real Bed","{TV,Internet,""Wireless Internet"",Kitchen,""Free Parking on Premises"",Heating,""Family/Kid Friendly"",Washer,Dryer,""Smoke Detector"",""Carbon Monoxide Detector"",""First Aid Kit"",""Safety Card"",""Fire Extinguisher"",Essentials,Shampoo}","$100.00","$25.00",3,87,9,10,10,9,9,0.65,102
"3332",9595087,"t","North College Park",47.7042102579808,-122.341137488457,"House","Entire home/apt",6,2,3,3,"Real Bed","{TV,""Cable TV"",Internet,""Wireless Internet"",""Air Conditioning"",Kitchen,""Free Parking on Premises"",Heating,""Family/Kid Friendly"",Washer,Dryer,""Smoke Detector"",""Carbon Monoxide Detector"",Essentials,Shampoo,""24-Hour Check-in"",Hangers,Iron,""Laptop Friendly Workspace""}","$129.00","$89.00",0,NA,NA,NA,NA,NA,NA,NA,100
"3333",8524565,"f","North College Park",47.6914633365834,-122.34291580596,"House","Private room",3,2.5,1,1,"Real Bed","{TV,Internet,""Wireless Internet"",Kitchen,""Free Parking on Premises"",""Pets live on this property"",Dog(s),Cat(s),""Indoor Fireplace"",Heating,""Family/Kid Friendly"",Washer,Dryer,""Carbon Monoxide Detector"",""First Aid Kit"",Essentials,Shampoo}","$50.00","",10,100,10,10,10,10,10,3.45,163
"3334",1561256,"f","North College Park",47.6923460743488,-122.337910641188,"House","Private room",2,1,1,1,"Real Bed","{TV,Internet,""Wireless Internet"",""Air Conditioning"",Kitchen,""Free Parking on Premises"",Breakfast,Cat(s),""Hot Tub"",Heating,""Family/Kid Friendly"",""Suitable for Events"",Washer,Dryer,""Smoke Detector"",""Carbon Monoxide Detector"",""First Aid Kit"",""Fire Extinguisher"",Essentials,Shampoo}","$96.00","$20.00",60,97,10,10,10,10,10,2.11,161
"3335",2686624,"t","North College Park",47.6935961818163,-122.340422803927,"House","Entire home/apt",4,1,2,2,"Real Bed","{TV,""Cable TV"",Internet,""Wireless Internet"",Kitchen,""Pets live on this property"",Dog(s),Heating,""Smoke Detector"",""Carbon Monoxide Detector"",""Fire Extinguisher"",Essentials}","$85.00","$60.00",30,98,10,10,10,10,10,1.43,147
"3336",2897897,"f","North College Park",47.6982555766301,-122.342229671827,"House","Entire home/apt",6,1,3,3,"Real Bed","{TV,""Cable TV"",Internet,""Wireless Internet"",""Wheelchair Accessible"",Kitchen,""Free Parking on Premises"",Heating,""Family/Kid Friendly"",Washer,Dryer,""Smoke Detector"",""Carbon Monoxide Detector"",""First Aid Kit"",""Fire Extinguisher"",Essentials,Shampoo}","$189.00","$85.00",25,90,9,10,10,9,9,1.28,111
"3337",7748349,"t","North College Park",47.6945368479285,-122.331894738414,"House","Private room",2,1,1,1,"Real Bed","{TV,""Wireless Internet"",Kitchen,""Free Parking on Premises"",Gym,""Family/Kid Friendly"",Washer,Dryer,""Smoke Detector"",""Carbon Monoxide Detector"",""First Aid Kit"",""Safety Card"",""Fire Extinguisher"",Essentials,Shampoo}","$55.00","",14,94,9,10,10,9,10,2.84,151
"3338",704477,"f","North College Park",47.7049531947318,-122.343313617101,"House","Entire home/apt",2,NA,2,1,"Real Bed","{}","$99.00","",0,NA,NA,NA,NA,NA,NA,NA,102
"3339",8411627,"f","North College Park",47.7005554036865,-122.344568185736,"House","Private room",2,1.5,1,1,"Real Bed","{TV,""Wireless Internet"",Kitchen,""Indoor Fireplace"",Heating,Washer,Dryer,""Smoke Detector"",""Carbon Monoxide Detector"",Shampoo}","$50.00","$20.00",6,100,10,10,10,10,10,1.84,101
"3340",7559939,"t","North College Park",47.6961621967681,-122.332813389326,"House","Private room",2,1,1,1,"Real Bed","{Internet,""Wireless Internet"",Kitchen,""Free Parking on Premises"",Gym,""Family/Kid Friendly"",Washer,Dryer,""Smoke Detector"",""Carbon Monoxide Detector"",""First Aid Kit"",""Safety Card"",""Fire Extinguisher"",Essentials,Shampoo}","$65.00","",2,100,9,10,10,10,10,0.75,141
"3341",8870139,"f","North College Park",47.6946483608374,-122.332767916898,"Apartment","Entire home/apt",4,1,0,2,"Real Bed","{Internet,""Wireless Internet"",Kitchen,""Free Parking on Premises"",""Indoor Fireplace"",Heating,""Family/Kid Friendly"",Washer,Dryer,""Smoke Detector"",""First Aid Kit"",""Fire Extinguisher"",Essentials,Shampoo,Hangers,""Hair Dryer"",Iron,""Laptop Friendly Workspace""}","$79.00","$10.00",1,100,10,10,10,10,10,1,148
"3342",7198282,"t","North College Park",47.6967836497855,-122.332916598455,"House","Private room",2,1,1,1,"Real Bed","{""Cable TV"",Internet,""Wireless Internet"",Kitchen,""Free Parking on Premises"",Gym,""Family/Kid Friendly"",Washer,Dryer,""Smoke Detector"",""Carbon Monoxide Detector"",""First Aid Kit"",""Safety Card"",""Fire Extinguisher"",Essentials,Shampoo}","$55.00","",15,100,10,10,10,10,10,2.76,138
"3343",7441508,"t","North College Park",47.6963720850542,-122.330998395932,"House","Private room",2,1,1,1,"Real Bed","{""Cable TV"",Internet,""Wireless Internet"",Kitchen,""Free Parking on Premises"",Gym,Heating,""Family/Kid Friendly"",Washer,Dryer,""Smoke Detector"",""Carbon Monoxide Detector"",""First Aid Kit"",""Safety Card"",""Fire Extinguisher"",Essentials,Shampoo}","$65.00","",17,98,10,10,10,10,10,3.15,142
"3344",5882923,"f","Phinney Ridge",47.6808733067519,-122.35612987756,"Apartment","Entire home/apt",2,1,1,1,"Real Bed","{""Cable TV"",""Wireless Internet"",Kitchen,""Free Parking on Premises"",""Indoor Fireplace"",Heating,Washer,Dryer,""Smoke Detector"",""Carbon Monoxide Detector"",""First Aid Kit"",""Fire Extinguisher"",Essentials,Shampoo,""24-Hour Check-in"",Hangers,""Hair Dryer"",Iron,""Laptop Friendly Workspace""}","$95.00","$35.00",54,99,10,10,10,10,10,6.02,213
"3345",6445769,"f","Phinney Ridge",47.6831754844364,-122.363211581408,"House","Entire home/apt",4,1,2,2,"Real Bed","{TV,Internet,""Wireless Internet"",Kitchen,""Free Parking on Premises"",Heating,""Family/Kid Friendly"",Washer,Dryer,""Smoke Detector"",""Carbon Monoxide Detector"",Essentials,Shampoo}","$100.00","$40.00",33,88,9,10,9,10,9,4.4,171
"3346",3959460,"t","Phinney Ridge",47.6807795854268,-122.351565290113,"Apartment","Entire home/apt",4,1,1,2,"Real Bed","{TV,Internet,""Wireless Internet"",Kitchen,""Free Parking on Premises"",""Pets Allowed"",Breakfast,""Pets live on this property"",Dog(s),Cat(s),""Other pet(s)"",Heating,""Family/Kid Friendly"",Washer,Dryer,""Smoke Detector"",""Fire Extinguisher"",Essentials}","$135.00","",45,96,10,10,10,10,10,2.74,222
"3347",7974112,"t","Phinney Ridge",47.6770861802034,-122.351367070562,"House","Private room",2,1,1,1,"Real Bed","{TV,Internet,""Wireless Internet"",""Air Conditioning"",Kitchen,""Indoor Fireplace"",Heating,""Smoke Detector"",""Carbon Monoxide Detector"",""Fire Extinguisher"",Essentials}","$87.00","",10,100,10,10,10,10,10,2.31,230
"3348",320704,"f","Phinney Ridge",47.6806681796494,-122.358126690624,"Apartment","Entire home/apt",2,1,1,2,"Real Bed","{TV,""Wireless Internet"",Kitchen,""Free Parking on Premises"",Heating,Washer,Dryer}","$97.00","$75.00",81,94,10,10,9,10,10,1.69,210
"3349",3250577,"f","Phinney Ridge",47.6782043165562,-122.365993669955,"House","Private room",2,1,1,1,"Real Bed","{Kitchen,""Free Parking on Premises"",""Pets live on this property"",Cat(s),Heating,""Smoke Detector"",""Carbon Monoxide Detector"",""First Aid Kit""}","$78.00","$15.00",5,84,9,10,10,9,8,0.84,172
"3350",8053049,"f","Phinney Ridge",47.675163613794,-122.354327760977,"House","Entire home/apt",6,2,3,3,"Real Bed","{TV,""Cable TV"",Internet,""Wireless Internet"",Kitchen,""Pets Allowed"",""Indoor Fireplace"",Heating,""Family/Kid Friendly"",Washer,Dryer,""Smoke Detector"",""Carbon Monoxide Detector"",""Fire Extinguisher"",Essentials,Shampoo}","$150.00","$120.00",4,100,10,10,10,10,10,1.09,226
"3351",7349099,"t","Phinney Ridge",47.680360173939,-122.364201921369,"Apartment","Entire home/apt",6,1,2,2,"Real Bed","{Internet,""Wireless Internet"",""Air Conditioning"",Kitchen,""Free Parking on Premises"",Heating,""Family/Kid Friendly"",Washer,Dryer,""Smoke Detector"",""Carbon Monoxide Detector"",""Fire Extinguisher"",Essentials,Shampoo,Hangers,""Hair Dryer"",Iron,""Laptop Friendly Workspace""}","$95.00","$40.00",6,93,9,10,10,9,9,1.1,172
"3352",5022572,"f","Phinney Ridge",47.6730567896239,-122.351639328828,"House","Entire home/apt",16,4,7,10,"Real Bed","{TV,""Cable TV"",""Wireless Internet"",Kitchen,""Pets Allowed"",""Pets live on this property"",Dog(s),""Indoor Fireplace"",Heating,""Family/Kid Friendly"",Washer,Dryer,""Smoke Detector"",""Carbon Monoxide Detector"",""Safety Card""}","$375.00","$300.00",5,100,9,10,10,10,10,0.79,237
"3353",10191917,"f","Phinney Ridge",47.6790414107252,-122.348116397709,"House","Entire home/apt",4,1.5,2,2,"Real Bed","{""Cable TV"",""Wireless Internet"",Kitchen,""Free Parking on Premises"",""Indoor Fireplace"",Heating,""Family/Kid Friendly"",Washer,Dryer,""Smoke Detector"",""Carbon Monoxide Detector"",""First Aid Kit"",""Safety Card"",""Fire Extinguisher"",Essentials,Shampoo,""24-Hour Check-in"",Hangers,""Hair Dryer"",Iron,""Laptop Friendly Workspace""}","$150.00","$75.00",0,NA,NA,NA,NA,NA,NA,NA,235
"3354",5123904,"f","Phinney Ridge",47.6704531029363,-122.359944695806,"House","Entire home/apt",4,1,3,2,"Real Bed","{TV,""Cable TV"",Internet,""Wireless Internet"",Kitchen,""Free Parking on Premises"",""Indoor Fireplace"",Heating,""Family/Kid Friendly"",Washer,Dryer,""Smoke Detector"",Essentials,Shampoo}","$325.00","$25.00",10,94,9,10,10,10,10,1.01,222
"3355",2471731,"f","Phinney Ridge",47.6778244870117,-122.36516034724,"House","Private room",2,3,1,1,"Real Bed","{TV,""Cable TV"",Internet,""Wireless Internet"",Kitchen,""Free Parking on Premises"",""Hot Tub"",""Indoor Fireplace"",""Buzzer/Wireless Intercom"",Heating,Washer,Dryer,""Smoke Detector"",""Carbon Monoxide Detector"",""First Aid Kit"",""Fire Extinguisher"",Essentials,Shampoo}","$60.00","$50.00",6,100,10,10,10,10,10,0.36,176
"3356",7803176,"f","Phinney Ridge",47.6785517366955,-122.365822215565,"Condominium","Private room",2,1,1,1,"Real Bed","{TV,Internet,""Wireless Internet"",Kitchen,""Pets live on this property"",Cat(s),""Indoor Fireplace"",""Buzzer/Wireless Intercom"",Heating,Washer,Dryer,""Smoke Detector"",""Carbon Monoxide Detector"",""First Aid Kit"",""Fire Extinguisher"",Essentials,Hangers}","$50.00","$10.00",6,100,10,10,10,10,10,1.29,172
"3357",4318814,"f","Phinney Ridge",47.6667336519736,-122.357290242285,"House","Entire home/apt",2,1,1,1,"Real Bed","{TV,""Cable TV"",Internet,""Wireless Internet"",Kitchen,""Free Parking on Premises"",""Indoor Fireplace"",Heating,Dryer,""Smoke Detector"",""Carbon Monoxide Detector"",""First Aid Kit"",""Safety Card"",Essentials,Shampoo}","$120.00","",63,95,10,10,10,10,10,4.63,233
"3358",4187961,"f","Phinney Ridge",47.6778205456962,-122.361698468712,"House","Entire home/apt",4,1,1,3,"Real Bed","{TV,Internet,""Wireless Internet"",Kitchen,""Free Parking on Premises"",Breakfast,""Pets live on this property"",Dog(s),Heating,""Family/Kid Friendly"",Washer,Dryer,""Smoke Detector"",""Carbon Monoxide Detector"",""First Aid Kit"",""Safety Card"",""Fire Extinguisher"",Essentials,Shampoo,Hangers,Iron,""Laptop Friendly Workspace""}","$88.00","$45.00",5,100,10,10,10,10,10,2.63,197
"3359",7161897,"t","Phinney Ridge",47.6781373123336,-122.346060908165,"House","Entire home/apt",4,1,1,2,"Real Bed","{TV,Internet,""Wireless Internet"",Kitchen,""Free Parking on Premises"",Heating,""Family/Kid Friendly"",Washer,Dryer,""Smoke Detector"",""First Aid Kit"",Essentials,Shampoo,""24-Hour Check-in"",Hangers,""Hair Dryer"",Iron}","$150.00","$45.00",21,94,10,10,10,10,9,4.32,238
"3360",8611952,"f","Phinney Ridge",47.6812930933492,-122.353215492597,"House","Entire home/apt",6,1,2,1,"Real Bed","{TV,""Cable TV"",""Wireless Internet"",Kitchen,""Free Parking on Premises"",Heating,""Family/Kid Friendly"",Washer,Dryer,""Smoke Detector"",""Carbon Monoxide Detector"",""Fire Extinguisher"",Essentials}","$195.00","$209.00",1,100,10,10,10,10,10,0.39,215
"3361",5805907,"t","Phinney Ridge",47.6716263027155,-122.351912740237,"House","Private room",3,2,1,2,"Real Bed","{Internet,""Wireless Internet"",Kitchen,""Free Parking on Premises"",""Pets Allowed"",""Pets live on this property"",Dog(s),Heating,""Family/Kid Friendly"",Washer,Dryer,""Smoke Detector"",""Carbon Monoxide Detector"",""First Aid Kit"",""Safety Card"",""Fire Extinguisher"",Essentials,Shampoo}","$50.00","$10.00",23,97,10,10,10,10,10,2.48,241
"3362",5433597,"f","Phinney Ridge",47.6744380714056,-122.355701530237,"House","Entire home/apt",5,2.5,2,3,"Real Bed","{TV,Internet,""Wireless Internet"",Kitchen,""Indoor Fireplace"",Heating,""Family/Kid Friendly"",Washer,Dryer,""Smoke Detector"",""Carbon Monoxide Detector"",Essentials,Shampoo}","$250.00","$100.00",7,94,10,10,10,9,10,0.78,226
"3363",7968548,"t","Phinney Ridge",47.6758710443357,-122.353041741848,"House","Private room",2,1,1,1,"Real Bed","{TV,Internet,""Wireless Internet"",Kitchen,""Indoor Fireplace"",Heating,""Smoke Detector"",""Carbon Monoxide Detector"",""Fire Extinguisher""}","$87.00","",7,94,10,10,10,10,9,1.63,227
"3364",4638785,"f","Phinney Ridge",47.670690874815,-122.355820386952,"Bed & Breakfast","Private room",2,1,1,1,"Real Bed","{TV,""Cable TV"",""Wireless Internet"",""Air Conditioning"",Breakfast,""Pets live on this property"",Dog(s),Heating,""Smoke Detector"",""Carbon Monoxide Detector"",""First Aid Kit"",""Safety Card"",""Fire Extinguisher"",Essentials,Shampoo}","$207.00","",0,NA,NA,NA,NA,NA,NA,NA,235
"3365",4104442,"f","Phinney Ridge",47.673913469896,-122.355419681432,"House","Private room",2,1.5,1,1,"Real Bed","{TV,Internet,""Wireless Internet"",Kitchen,""Indoor Fireplace"",Heating,""Family/Kid Friendly"",Washer,Dryer,""Smoke Detector"",""Carbon Monoxide Detector"",Essentials,Shampoo}","$70.00","$50.00",13,97,10,10,10,10,10,0.84,228
"3366",3883041,"f","Phinney Ridge",47.6755874300265,-122.349469108432,"House","Private room",2,1,1,1,"Real Bed","{""Cable TV"",""Wireless Internet"",Kitchen,""Free Parking on Premises"",""Indoor Fireplace"",Heating,Washer,Dryer,""Smoke Detector"",""Carbon Monoxide Detector"",""Fire Extinguisher""}","$100.00","",0,NA,NA,NA,NA,NA,NA,NA,236
"3367",8441477,"f","Phinney Ridge",47.6777394618199,-122.356710716784,"House","Entire home/apt",8,2,3,4,"Real Bed","{TV,""Cable TV"",Internet,""Wireless Internet"",Kitchen,""Free Parking on Premises"",""Indoor Fireplace"",Heating,""Family/Kid Friendly"",""Suitable for Events"",Washer,Dryer,""Smoke Detector"",""Carbon Monoxide Detector"",""First Aid Kit"",""Fire Extinguisher"",Essentials,Shampoo}","$175.00","$150.00",12,100,10,10,10,10,10,3.64,214
"3368",6119785,"t","Phinney Ridge",47.6712013190132,-122.349939331875,"House","Entire home/apt",6,1.5,3,3,"Real Bed","{TV,Internet,""Wireless Internet"",Kitchen,""Free Parking on Premises"",""Pets Allowed"",""Pets live on this property"",Dog(s),Heating,""Family/Kid Friendly"",Washer,Dryer,""Smoke Detector"",""Carbon Monoxide Detector"",""First Aid Kit"",""Fire Extinguisher"",Essentials,Shampoo}","$165.00","$50.00",4,95,10,10,10,10,10,0.66,247
"3369",103466,"f","Phinney Ridge",47.6711406561469,-122.351914369921,"House","Entire home/apt",4,1,1,1,"Real Bed","{TV,""Wireless Internet"",Kitchen,""Pets live on this property"",Dog(s),Heating,""Family/Kid Friendly"",Washer,Dryer}","$120.00","$80.00",103,96,10,10,10,10,10,2.28,242
"3370",8168876,"f","Phinney Ridge",47.6771497004,-122.362194210539,"House","Entire home/apt",8,2,3,5,"Real Bed","{TV,""Wireless Internet"",Kitchen,Heating,""Family/Kid Friendly"",Washer,Dryer,""Smoke Detector"",""Carbon Monoxide Detector"",""First Aid Kit"",""Fire Extinguisher"",Essentials,Shampoo}","$239.00","$264.00",1,80,10,8,10,8,6,0.3,197
"3371",2557712,"t","Phinney Ridge",47.6709571855798,-122.356430383319,"House","Entire home/apt",4,1,2,2,"Real Bed","{TV,""Cable TV"",Internet,""Wireless Internet"",Kitchen,""Free Parking on Premises"",""Indoor Fireplace"",Heating,""Family/Kid Friendly"",Washer,Dryer,""Smoke Detector"",""Carbon Monoxide Detector"",Essentials,Shampoo}","$200.00","$125.00",14,99,10,10,10,10,10,0.88,232
"3372",3238295,"t","Phinney Ridge",47.6788940745033,-122.356033379107,"Apartment","Entire home/apt",4,1,1,2,"Real Bed","{TV,Internet,""Wireless Internet"",Kitchen,""Free Parking on Premises"",""Pets live on this property"",Cat(s),Heating,Washer,Dryer,""Smoke Detector"",Essentials,Shampoo}","$135.00","$50.00",26,100,10,10,10,10,10,1.42,215
"3373",4784639,"t","Phinney Ridge",47.6729772652828,-122.352262986473,"Apartment","Entire home/apt",4,1,2,3,"Real Bed","{TV,""Cable TV"",""Wireless Internet"",Kitchen,Heating,""Family/Kid Friendly"",Washer,Dryer,""Smoke Detector"",""Carbon Monoxide Detector"",""Fire Extinguisher"",Essentials,Shampoo}","$155.00","$95.00",15,100,10,10,10,10,9,1.27,236
"3374",4403171,"f","Phinney Ridge",47.6801788410201,-122.356169394237,"Apartment","Entire home/apt",4,1,1,2,"Real Bed","{}","$95.00","$129.00",0,NA,NA,NA,NA,NA,NA,NA,213
"3375",1133329,"f","Phinney Ridge",47.6774558523247,-122.357631230076,"Apartment","Entire home/apt",5,1,3,3,"Real Bed","{TV,""Cable TV"",""Wireless Internet"",Kitchen,""Free Parking on Premises"",""Pets Allowed"",""Pets live on this property"",Dog(s),Heating,""Family/Kid Friendly"",Washer,Dryer}","$78.00","$97.00",64,89,9,10,9,9,9,2,211
"3376",2723368,"t","Phinney Ridge",47.6710032446398,-122.359717584818,"House","Private room",2,1,1,1,"Real Bed","{""Wireless Internet"",Kitchen,Heating,Washer,Dryer,""Smoke Detector"",""Carbon Monoxide Detector"",""First Aid Kit"",""Safety Card"",""Fire Extinguisher"",Essentials,Shampoo}","$50.00","$10.00",43,95,10,10,10,10,10,2.09,223
"3377",7420762,"f","Phinney Ridge",47.6751155579628,-122.351922014629,"Apartment","Entire home/apt",5,1,1,2,"Real Bed","{TV,""Cable TV"",Internet,""Wireless Internet"",Kitchen,""Free Parking on Premises"",""Pets live on this property"",Dog(s),Heating,""Family/Kid Friendly"",""Smoke Detector"",""First Aid Kit"",""Fire Extinguisher"",Essentials,Shampoo}","$90.00","$40.00",17,98,10,10,10,10,10,5.31,230
"3378",4947002,"f","Phinney Ridge",47.6774841098007,-122.346518073952,"Apartment","Entire home/apt",4,1,2,2,"Real Bed","{""Cable TV"",""Wireless Internet"",Kitchen,Heating}","$151.00","$40.00",14,98,10,10,10,9,10,1.39,238
"3379",3209633,"t","Phinney Ridge",47.6759017131276,-122.354185900538,"House","Private room",2,1,1,1,"Real Bed","{Internet,""Wireless Internet"",Kitchen,""Pets live on this property"",Cat(s),Heating,Washer,Dryer,""Smoke Detector"",""Carbon Monoxide Detector"",""Fire Extinguisher"",Essentials,Shampoo}","$75.00","$25.00",44,97,10,10,10,10,10,2.29,224
"3380",4395502,"f","Phinney Ridge",47.6825378038345,-122.354506622239,"Apartment","Entire home/apt",6,1,1,4,"Real Bed","{""Cable TV"",""Wireless Internet"",""Air Conditioning"",Kitchen,Heating,""Family/Kid Friendly"",Washer,Dryer,""Smoke Detector"",""Carbon Monoxide Detector"",""First Aid Kit"",""Safety Card"",""Fire Extinguisher"",Essentials}","$160.00","$179.00",0,NA,NA,NA,NA,NA,NA,NA,210
"3381",6992387,"t","Phinney Ridge",47.6701999717492,-122.356089123152,"House","Entire home/apt",4,1,2,2,"Real Bed","{TV,Internet,""Wireless Internet"",Kitchen,""Indoor Fireplace"",Heating,""Family/Kid Friendly"",Washer,Dryer,""Smoke Detector"",""Carbon Monoxide Detector"",""First Aid Kit"",""Fire Extinguisher"",Essentials,Shampoo,""24-Hour Check-in"",Hangers,""Hair Dryer"",Iron,""Laptop Friendly Workspace""}","$189.00","$100.00",7,94,10,10,10,10,9,1.19,233
"3382",9068419,"t","Phinney Ridge",47.6654932270654,-122.348763478118,"Apartment","Entire home/apt",2,1,0,1,"Real Bed","{TV,""Cable TV"",Internet,""Wireless Internet"",Kitchen,Heating,Washer,Dryer,""Smoke Detector"",""First Aid Kit"",""Fire Extinguisher"",Essentials,Shampoo}","$85.00","$60.00",6,97,10,10,10,9,9,3.1,247
"3383",5029665,"f","Phinney Ridge",47.6808683795432,-122.354912285686,"House","Entire home/apt",5,2,3,3,"Real Bed","{TV,""Cable TV"",Internet,""Wireless Internet"",Kitchen,""Free Parking on Premises"",""Indoor Fireplace"",Heating,""Family/Kid Friendly"",Washer,Dryer,""Smoke Detector"",""Fire Extinguisher"",Essentials,Shampoo,""24-Hour Check-in"",Hangers,""Hair Dryer"",Iron,""Laptop Friendly Workspace""}","$112.00","$100.00",5,96,10,10,10,10,10,0.47,215
"3384",9229043,"f","Phinney Ridge",47.6678251004187,-122.358493032208,"House","Entire home/apt",8,1.5,3,4,"Real Bed","{TV,""Cable TV"",Internet,""Wireless Internet"",""Air Conditioning"",Kitchen,""Free Parking on Premises"",""Indoor Fireplace"",Heating,""Family/Kid Friendly"",Washer,Dryer,""Smoke Detector"",""Carbon Monoxide Detector"",""Fire Extinguisher"",Essentials,""Hair Dryer"",Iron,""Laptop Friendly Workspace""}","$400.00","",0,NA,NA,NA,NA,NA,NA,NA,228
"3385",4084398,"f","Phinney Ridge",47.6804910625378,-122.355602337988,"Apartment","Entire home/apt",4,2,2,3,"Real Bed","{""Cable TV"",""Wireless Internet"",Kitchen,""Free Parking on Premises"",""Indoor Fireplace"",Heating,""Family/Kid Friendly"",Washer,Dryer,""Smoke Detector"",""Carbon Monoxide Detector"",""First Aid Kit"",""Safety Card"",""Fire Extinguisher"",Essentials,Shampoo}","$175.00","$209.00",0,NA,NA,NA,NA,NA,NA,NA,214
"3386",6577729,"f","Phinney Ridge",47.6825452837246,-122.351065931537,"Apartment","Entire home/apt",6,1,2,5,"Real Bed","{TV,""Cable TV"",Internet,""Wireless Internet"",Kitchen,Heating,""Family/Kid Friendly"",Washer,Dryer,""Smoke Detector"",""Carbon Monoxide Detector"",""First Aid Kit"",""Safety Card"",""Fire Extinguisher"",Essentials,Shampoo,""24-Hour Check-in"",Hangers,""Hair Dryer"",Iron,""Laptop Friendly Workspace""}","$100.00","$75.00",17,94,10,10,10,10,10,2.46,215
"3387",9199082,"f","Phinney Ridge",47.6745096024717,-122.352670188033,"House","Entire home/apt",5,2,3,4,"Real Bed","{TV,""Wireless Internet"",Kitchen,""Pets live on this property"",Cat(s),Heating,""Family/Kid Friendly"",Washer,Dryer,""Smoke Detector"",""Carbon Monoxide Detector"",""First Aid Kit"",Essentials,Shampoo,""24-Hour Check-in"",Iron,""Laptop Friendly Workspace""}","$350.00","",0,NA,NA,NA,NA,NA,NA,NA,232
"3388",7970663,"f","Phinney Ridge",47.6686971690095,-122.340262428187,"Apartment","Entire home/apt",4,1,1,1,"Real Bed","{""Wireless Internet"",Kitchen,""Free Parking on Premises"",Heating,""Family/Kid Friendly"",Washer,Dryer}","$150.00","",6,84,8,9,10,10,9,1.42,243
"3389",2858482,"f","Phinney Ridge",47.6806184203488,-122.353253584108,"House","Private room",3,1,1,1,"Real Bed","{TV,Internet,""Wireless Internet"",""Air Conditioning"",Kitchen,Heating,Washer,Dryer,""Smoke Detector"",""Carbon Monoxide Detector"",""First Aid Kit"",""Fire Extinguisher"",Essentials,Shampoo}","$55.00","$20.00",22,97,10,10,10,10,10,1.18,217
"3390",9715029,"f","Phinney Ridge",47.6780580348473,-122.364480737848,"House","Entire home/apt",4,1,2,2,"Real Bed","{TV,""Cable TV"",Internet,""Wireless Internet"",Kitchen,""Free Parking on Premises"",""Pets live on this property"",Dog(s),Heating,""Family/Kid Friendly"",Washer,Dryer,""Smoke Detector"",""Carbon Monoxide Detector"",""First Aid Kit"",""Fire Extinguisher"",Essentials,Shampoo,Hangers,""Hair Dryer"",Iron,""Laptop Friendly Workspace""}","$95.00","$30.00",0,NA,NA,NA,NA,NA,NA,NA,180
"3391",7748866,"t","Phinney Ridge",47.6671389489326,-122.358388728718,"House","Private room",2,1,1,1,"Real Bed","{TV,Internet,""Wireless Internet"",Kitchen,""Free Parking on Premises"",""Pets live on this property"",Cat(s),Heating,""Family/Kid Friendly"",Washer,Dryer,""Smoke Detector"",""Carbon Monoxide Detector"",""Fire Extinguisher"",Essentials,Shampoo}","$80.00","",16,99,10,10,10,10,10,3.36,229
"3392",9739482,"f","Phinney Ridge",47.6787089022099,-122.364266225828,"House","Private room",2,1,1,1,"Real Bed","{TV,Internet,""Wireless Internet"",""Air Conditioning"",""Free Parking on Premises"",Heating,""Family/Kid Friendly"",Essentials,Shampoo,""24-Hour Check-in"",Hangers,""Hair Dryer"",""Laptop Friendly Workspace""}","$50.00","$15.00",0,NA,NA,NA,NA,NA,NA,NA,179
"3393",5078129,"t","Phinney Ridge",47.6662834962306,-122.340505444027,"House","Entire home/apt",6,1,1,3,"Real Bed","{TV,Internet,""Wireless Internet"",Kitchen,""Pets live on this property"",Cat(s),Heating,""Family/Kid Friendly"",Washer,Dryer,""Smoke Detector"",""Carbon Monoxide Detector"",""First Aid Kit"",""Safety Card"",""Fire Extinguisher"",Essentials,Shampoo,""24-Hour Check-in"",Hangers,""Hair Dryer""}","$95.00","$60.00",42,97,10,10,10,9,10,3.89,247
"3394",2808357,"f","Phinney Ridge",47.6823586193906,-122.352370170804,"House","Entire home/apt",7,1,3,4,"Real Bed","{Internet,""Wireless Internet"",Kitchen,Heating,""Family/Kid Friendly"",Washer,Dryer,""Smoke Detector"",""First Aid Kit"",""Fire Extinguisher"",Essentials,Shampoo}","$175.00","$60.00",0,NA,NA,NA,NA,NA,NA,NA,214
"3395",6543677,"t","Phinney Ridge",47.6688165665754,-122.360507194857,"House","Private room",2,1,1,1,"Real Bed","{TV,""Wireless Internet"",""Air Conditioning"",Kitchen,""Free Parking on Premises"",""Pets live on this property"",""Indoor Fireplace"",Heating,Washer,Dryer,""First Aid Kit"",Essentials,Shampoo}","$50.00","$10.00",21,95,10,10,10,10,10,3.18,224
"3396",202251,"f","Phinney Ridge",47.6777046523692,-122.359838852127,"House","Entire home/apt",6,1,3,3,"Real Bed","{TV,""Cable TV"",""Wireless Internet"",""Air Conditioning"",Kitchen,""Free Parking on Premises"",""Indoor Fireplace"",Heating,""Family/Kid Friendly"",Washer,Dryer,""Smoke Detector"",""Fire Extinguisher"",Essentials}","$190.00","$125.00",11,95,10,10,10,9,9,0.62,206
"3397",8402434,"f","Phinney Ridge",47.6745580263614,-122.3601175627,"House","Entire home/apt",7,2.5,3,4,"Real Bed","{TV,""Cable TV"",Internet,""Wireless Internet"",Kitchen,""Free Parking on Premises"",""Pets Allowed"",""Indoor Fireplace"",Heating,""Family/Kid Friendly"",Washer,Dryer,""Smoke Detector"",""First Aid Kit"",""Safety Card"",""Fire Extinguisher"",Essentials,Shampoo}","$99.00","$55.00",0,NA,NA,NA,NA,NA,NA,NA,213
"3398",6438518,"t","Phinney Ridge",47.6658660983592,-122.348627139089,"Apartment","Entire home/apt",4,1,2,2,"Real Bed","{TV,""Cable TV"",Internet,""Wireless Internet"",Kitchen,Heating,""Family/Kid Friendly"",Washer,Dryer,""Smoke Detector"",""Carbon Monoxide Detector"",""First Aid Kit"",""Fire Extinguisher"",Essentials,Shampoo}","$145.00","$60.00",20,94,10,10,10,9,9,2.96,249
"3399",5444457,"t","Phinney Ridge",47.66440913895,-122.356324527706,"House","Private room",2,1,1,1,"Real Bed","{TV,""Cable TV"",""Wireless Internet"",""Air Conditioning"",Kitchen,""Free Parking on Premises"",""Pets live on this property"",Heating,""Family/Kid Friendly"",Washer,Dryer,Shampoo}","$90.00","",15,97,10,10,10,10,10,1.56,241
"3400",7574864,"f","Phinney Ridge",47.6740527780393,-122.348921877429,"House","Entire home/apt",8,3.5,4,3,"Real Bed","{TV,""Cable TV"",Internet,""Wireless Internet"",Kitchen,""Free Parking on Premises"",""Indoor Fireplace"",Heating,""Family/Kid Friendly"",Washer,Dryer,""Smoke Detector"",""Carbon Monoxide Detector"",""First Aid Kit"",""Fire Extinguisher"",Essentials,Shampoo}","$349.00","$175.00",1,80,10,10,8,10,8,0.86,240
"3401",2969955,"f","Phinney Ridge",47.6789086225474,-122.363504485038,"Other","Entire home/apt",4,1,2,2,"Real Bed","{Internet,""Wireless Internet"",Kitchen,Heating,""Family/Kid Friendly"",Washer,Dryer,""Smoke Detector"",""Safety Card"",Essentials,Shampoo}","$150.00","",2,100,10,10,10,10,10,0.12,182
"3402",9473312,"f","Phinney Ridge",47.6769361552052,-122.347610292625,"House","Entire home/apt",6,1,2,3,"Real Bed","{TV,""Wireless Internet"",Kitchen,""Free Parking on Premises"",""Pets live on this property"",Cat(s),Heating,""Family/Kid Friendly"",Washer,Dryer,""Smoke Detector"",""Safety Card"",""Fire Extinguisher"",Essentials,Shampoo,""24-Hour Check-in"",Hangers,""Hair Dryer"",""Laptop Friendly Workspace""}","$105.00","$80.00",1,100,10,10,10,8,8,1,238
"3403",254340,"t","Phinney Ridge",47.6771656200225,-122.361692831501,"Apartment","Entire home/apt",2,1,1,1,"Real Bed","{TV,""Cable TV"",""Wireless Internet"",Kitchen,""Free Parking on Premises"",""Pets live on this property"",Dog(s),Heating,""Family/Kid Friendly"",Washer,Dryer,""Smoke Detector"",""Carbon Monoxide Detector"",""First Aid Kit"",Essentials,Shampoo}","$95.00","$50.00",86,98,10,10,10,10,10,1.74,200
"3404",496074,"f","Phinney Ridge",47.6780459888119,-122.360425546542,"Apartment","Entire home/apt",4,1,1,2,"Real Bed","{Internet,""Wireless Internet"",Kitchen,""Pets live on this property"",Dog(s),Heating,""Family/Kid Friendly"",""Smoke Detector"",""Carbon Monoxide Detector"",""Fire Extinguisher"",Essentials,Shampoo}","$85.00","$40.00",80,94,10,10,10,10,9,1.93,202
"3405",9217337,"f","Phinney Ridge",47.6659556667343,-122.35636808414,"House","Private room",2,1.5,1,1,"Real Bed","{Internet,""Wireless Internet"",Heating,Washer,Dryer,""Smoke Detector"",""Carbon Monoxide Detector"",""First Aid Kit"",""Safety Card"",""Fire Extinguisher"",Essentials,Hangers,""Hair Dryer"",Iron,""Laptop Friendly Workspace""}","$52.00","$20.00",0,NA,NA,NA,NA,NA,NA,NA,235
"3406",4130102,"f","Phinney Ridge",47.6830663732572,-122.349341831564,"House","Entire home/apt",3,1,1,1,"Real Bed","{TV,Internet,""Wireless Internet"",Kitchen,""Free Parking on Premises"",""Indoor Fireplace"",Heating,Washer,Dryer,""Smoke Detector"",""Carbon Monoxide Detector"",""Fire Extinguisher"",Essentials,Shampoo}","$105.00","",0,NA,NA,NA,NA,NA,NA,NA,215
"3407",1256892,"t","Phinney Ridge",47.6793711971053,-122.356968186781,"Apartment","Entire home/apt",4,1,1,1,"Futon","{TV,""Wireless Internet"",Kitchen,""Free Parking on Premises"",Breakfast,""Pets live on this property"",Dog(s),Heating,""Family/Kid Friendly"",""Smoke Detector"",""Carbon Monoxide Detector"",""First Aid Kit"",""Fire Extinguisher"",Essentials,Shampoo}","$100.00","$25.00",94,96,10,10,10,10,10,3.03,211
"3408",9348375,"f","Phinney Ridge",47.6664386305578,-122.358405386302,"House","Entire home/apt",4,2,2,2,"Real Bed","{TV,""Cable TV"",""Wireless Internet"",Kitchen,""Free Parking on Premises"",""Pets Allowed"",Heating,""Family/Kid Friendly"",Washer,Dryer,""Smoke Detector"",""Safety Card"",""Fire Extinguisher"",Essentials}","$110.00","$50.00",0,NA,NA,NA,NA,NA,NA,NA,232
"3409",4598160,"t","Phinney Ridge",47.6718098677078,-122.350425671041,"Apartment","Shared room",2,1,1,1,"Real Bed","{""Wireless Internet"",Kitchen,Essentials,Shampoo}","$67.00","",106,99,10,10,10,10,10,8.5,244
"3410",6127974,"f","Phinney Ridge",47.6806543163334,-122.354164827583,"Apartment","Entire home/apt",2,1,0,1,"Real Bed","{Internet,""Wireless Internet"",Kitchen,Heating,""Family/Kid Friendly"",""Smoke Detector"",""Carbon Monoxide Detector"",""Fire Extinguisher"",Essentials,Shampoo}","$75.00","",36,95,9,10,9,10,9,4.34,216
"3411",748526,"f","Phinney Ridge",47.6794466876707,-122.363549450316,"House","Entire home/apt",2,1,0,1,"Real Bed","{TV,""Cable TV"",""Wireless Internet"",Kitchen,""Free Parking on Premises"",Heating,""Smoke Detector"",""Carbon Monoxide Detector""}","$69.00","$75.00",38,91,10,10,10,9,9,1.01,180
"3412",3908378,"t","Phinney Ridge",47.6767760680011,-122.365739254528,"House","Entire home/apt",3,1,1,1,"Real Bed","{TV,""Wireless Internet"",Heating,""Family/Kid Friendly"",Washer,Dryer,""Smoke Detector"",""Carbon Monoxide Detector"",""Safety Card"",""Fire Extinguisher"",Essentials,Shampoo,""24-Hour Check-in"",Hangers,""Hair Dryer""}","$96.00","$10.00",101,96,10,10,10,10,9,6.06,177
"3413",2868006,"f","Phinney Ridge",47.6830815990872,-122.349008127754,"Apartment","Private room",2,1.5,1,1,"Real Bed","{TV,""Wireless Internet"",Kitchen,""Indoor Fireplace"",Heating,Washer,Dryer,Essentials,Shampoo}","$60.00","",8,94,10,10,10,9,9,0.4,215
"3414",5683646,"f","Phinney Ridge",47.6723671187445,-122.352041338808,"Apartment","Entire home/apt",2,1,0,1,"Real Bed","{TV,Internet,""Wireless Internet"",Kitchen,""Free Parking on Premises"",Heating,""Family/Kid Friendly"",""Smoke Detector"",Essentials,Shampoo}","$95.00","$20.00",41,93,10,10,10,10,9,4.35,239
"3415",2762241,"f","Phinney Ridge",47.6726096122064,-122.359941596695,"Apartment","Private room",3,1,1,1,"Real Bed","{TV,""Cable TV"",Internet,""Wireless Internet"",""Air Conditioning"",Kitchen,Heating,""Family/Kid Friendly"",""Smoke Detector"",""Carbon Monoxide Detector"",""First Aid Kit"",""Fire Extinguisher"",Essentials,Shampoo}","$100.00","$50.00",30,91,10,10,10,9,9,1.63,220
"3416",4760181,"t","Phinney Ridge",47.6691118400856,-122.360223351718,"House","Private room",2,1,1,1,"Real Bed","{TV,""Cable TV"",Internet,""Wireless Internet"",""Air Conditioning"",Kitchen,""Free Parking on Premises"",""Pets live on this property"",Dog(s),""Indoor Fireplace"",Heating,Washer,Dryer,""Smoke Detector"",""Carbon Monoxide Detector"",""First Aid Kit"",Essentials,Shampoo}","$55.00","$10.00",60,97,10,10,10,10,10,4.81,223
"3417",4287974,"f","Windermere",47.6735178043988,-122.274940180177,"House","Entire home/apt",4,1,2,2,"Real Bed","{TV,""Cable TV"",Internet,""Wireless Internet"",Kitchen,""Free Parking on Premises"",""Indoor Fireplace"",Heating,""Family/Kid Friendly"",Washer,Dryer,""Smoke Detector"",""Carbon Monoxide Detector"",Essentials,Shampoo,Hangers,""Hair Dryer"",Iron}","$130.00","$50.00",33,96,10,10,10,10,10,2.55,109
"3418",48848,"f","Windermere",47.6715870433005,-122.259947403993,"Apartment","Entire home/apt",2,1,1,1,"Real Bed","{TV,""Cable TV"",Internet,""Wireless Internet"",Kitchen,""Free Parking on Premises"",""Pets Allowed"",""Indoor Fireplace"",Heating,""Family/Kid Friendly"",Washer,Dryer,""Smoke Detector"",""Fire Extinguisher"",Shampoo}","$125.00","$75.00",22,99,10,10,10,10,10,0.35,46
"3419",9999759,"f","Windermere",47.6695838854528,-122.262710950046,"House","Entire home/apt",6,3,5,5,"Real Bed","{TV,""Cable TV"",""Wireless Internet"",""Air Conditioning"",Kitchen,""Free Parking on Premises"",""Pets live on this property"",""Indoor Fireplace"",Heating,""Family/Kid Friendly"",Washer,Dryer,""Smoke Detector"",""Fire Extinguisher"",Essentials,Shampoo,Hangers,""Hair Dryer"",Iron,""Laptop Friendly Workspace""}","$300.00","$200.00",0,NA,NA,NA,NA,NA,NA,NA,68
"3420",3774113,"f","Windermere",47.6718567831636,-122.27457812685,"Apartment","Entire home/apt",4,1,2,2,"Real Bed","{TV,""Cable TV"",Internet,""Wireless Internet"",Kitchen,""Free Parking on Premises"",""Pets live on this property"",Dog(s),Heating,""Family/Kid Friendly"",Washer,Dryer,""Smoke Detector"",""Carbon Monoxide Detector"",""First Aid Kit"",""Safety Card"",""Fire Extinguisher"",Essentials,Shampoo}","$200.00","$75.00",3,100,10,10,10,10,10,0.19,107
"3421",8227710,"t","Windermere",47.6613702690095,-122.267995279892,"House","Entire home/apt",12,3.5,5,7,"Real Bed","{TV,""Cable TV"",Internet,""Wireless Internet"",""Air Conditioning"",Kitchen,""Free Parking on Premises"",""Indoor Fireplace"",Heating,""Family/Kid Friendly"",Washer,Dryer,""Smoke Detector"",Essentials,Shampoo}","$400.00","$250.00",2,90,7,9,9,9,9,0.92,96
"3422",23919,"f","Windermere",47.6684097550011,-122.270246897606,"Apartment","Entire home/apt",4,1,1,1,"Real Bed","{TV,""Cable TV"",Internet,""Wireless Internet"",Kitchen,""Free Parking on Premises"",""Pets Allowed"",""Pets live on this property"",Dog(s),Cat(s),Heating,""Family/Kid Friendly"",Washer,Dryer,""Smoke Detector"",""Fire Extinguisher"",Shampoo}","$165.00","$75.00",6,97,10,10,9,10,9,0.09,101
"3423",7698721,"f","Windermere",47.6725324855731,-122.278570769964,"House","Private room",2,1,1,1,"Real Bed","{TV,""Wireless Internet"",Kitchen,""Free Parking on Premises"",Breakfast,""Pets live on this property"",Cat(s),""Hot Tub"",""Indoor Fireplace"",""Buzzer/Wireless Intercom"",Heating,""Family/Kid Friendly"",Washer,Dryer,""Smoke Detector"",""Carbon Monoxide Detector"",""First Aid Kit"",""Safety Card"",""Fire Extinguisher"",Essentials,Shampoo}","$117.00","$35.00",1,100,NA,NA,NA,NA,NA,0.27,114
"3424",7872818,"f","Windermere",47.6714502776535,-122.27636821083,"House","Entire home/apt",2,1,1,1,"Real Bed","{""Wireless Internet"",""Free Parking on Premises"",Heating,Washer,Dryer,Essentials,Shampoo}","$85.00","$25.00",11,98,10,10,10,10,10,3.33,114
"3425",8289871,"f","Windermere",47.6707568641693,-122.276709218754,"House","Private room",2,1,1,2,"Real Bed","{""Wireless Internet"",Kitchen,Breakfast,""Hot Tub"",Heating,Dryer,""Smoke Detector"",""Carbon Monoxide Detector"",""First Aid Kit"",""Safety Card"",""Fire Extinguisher"",Shampoo}","$115.00","$35.00",0,NA,NA,NA,NA,NA,NA,NA,114
"3426",1737244,"t","Windermere",47.6710542765915,-122.278907189324,"House","Private room",2,1,1,1,"Real Bed","{TV,Internet,""Wireless Internet"",Kitchen,""Free Parking on Premises"",""Pets Allowed"",""Pets live on this property"",Dog(s),""Indoor Fireplace"",Heating,""Family/Kid Friendly"",Washer,Dryer,""Smoke Detector"",""Carbon Monoxide Detector"",""First Aid Kit"",""Safety Card"",""Fire Extinguisher"",Essentials,Shampoo}","$62.00","$40.00",11,91,10,10,10,10,9,1.13,119
"3427",1429904,"f","Laurelhurst",47.6639827493378,-122.274826117152,"Cabin","Entire home/apt",2,1,0,2,"Real Bed","{TV,""Wireless Internet"",Kitchen,""Free Parking on Premises"",""Pets live on this property"",Dog(s),Cat(s),Heating,""Smoke Detector"",""First Aid Kit"",""Fire Extinguisher"",Essentials,Shampoo}","$100.00","",66,95,10,10,10,9,9,2.31,105
"3428",9074837,"f","Laurelhurst",47.6609461163932,-122.286858226106,"Apartment","Entire home/apt",2,1,1,1,"Real Bed","{TV,""Wireless Internet"",""Free Parking on Premises"",""Pets live on this property"",Heating,Washer,Dryer,Essentials,Shampoo}","$100.00","",3,100,10,10,10,10,10,1.34,126
"3429",4278896,"f","Laurelhurst",47.6650253234041,-122.280533568804,"Apartment","Private room",2,1,1,1,"Real Bed","{TV,""Cable TV"",Internet,""Wireless Internet"",Kitchen,""Free Parking on Premises"",""Indoor Fireplace"",Heating,Washer,Dryer,""Smoke Detector"",""Carbon Monoxide Detector"",""Fire Extinguisher"",Essentials,Shampoo}","$60.00","",33,97,10,10,10,10,10,2.23,116
"3430",4016079,"f","Laurelhurst",47.6596404841275,-122.270777725817,"Apartment","Entire home/apt",4,1,2,4,"Real Bed","{TV,""Cable TV"",Internet,""Wireless Internet"",""Air Conditioning"",Kitchen,""Free Parking on Premises"",""Pets Allowed"",Gym,""Pets live on this property"",Dog(s),""Indoor Fireplace"",Heating,""Family/Kid Friendly"",Washer,Dryer,""Smoke Detector"",""Carbon Monoxide Detector"",""First Aid Kit"",""Safety Card"",""Fire Extinguisher"",Essentials,Shampoo,Hangers,""Hair Dryer"",Iron,""Laptop Friendly Workspace""}","$185.00","$100.00",15,99,10,10,10,10,10,0.96,101
"3431",7389950,"t","Laurelhurst",47.6573830802433,-122.285787946126,"House","Private room",2,1,1,1,"Real Bed","{Internet,""Wireless Internet"",Breakfast,""Pets live on this property"",Cat(s),Heating,""Family/Kid Friendly"",""Smoke Detector"",""Carbon Monoxide Detector"",""First Aid Kit"",""Safety Card"",""Fire Extinguisher"",Essentials,Shampoo}","$99.00","$30.00",12,98,10,10,10,10,10,2.55,133
"3432",3529563,"f","Laurelhurst",47.6599856004952,-122.272245789844,"House","Entire home/apt",4,1,2,2,"Real Bed","{TV,""Cable TV"",Internet,""Wireless Internet"",""Air Conditioning"",Kitchen,""Free Parking on Premises"",""Pets Allowed"",Gym,""Hot Tub"",""Indoor Fireplace"",Heating,""Family/Kid Friendly"",Washer,Dryer,""Smoke Detector"",""Carbon Monoxide Detector"",""First Aid Kit"",""Safety Card"",Essentials,Shampoo}","$200.00","$25.00",0,NA,NA,NA,NA,NA,NA,NA,103
"3433",8612922,"f","Laurelhurst",47.6572409376215,-122.284773580464,"House","Entire home/apt",4,1,1,2,"Real Bed","{TV,""Cable TV"",Internet,""Wireless Internet"",""Free Parking on Premises"",""Pets live on this property"",Dog(s),Heating,""Family/Kid Friendly"",Washer,Dryer,Essentials,Shampoo}","$125.00","",9,98,10,10,10,10,10,2.93,131
"3434",7564942,"f","Laurelhurst",47.6645906764166,-122.281644356582,"Apartment","Private room",2,1,1,1,"Airbed","{Kitchen,""Free Parking on Premises"",Heating,""Smoke Detector"",""First Aid Kit"",""Fire Extinguisher"",Essentials}","$60.00","$10.00",4,100,10,10,10,10,10,0.79,117
"3435",5228066,"f","Laurelhurst",47.665806432494,-122.281438122745,"Apartment","Entire home/apt",4,2,2,2,"Real Bed","{TV,""Cable TV"",Internet,""Wireless Internet"",""Wheelchair Accessible"",Kitchen,""Free Parking on Premises"",""Indoor Fireplace"",Heating,Washer,Dryer,""Smoke Detector"",""Carbon Monoxide Detector"",Essentials}","$100.00","$50.00",2,90,10,10,10,10,10,0.21,117
"3436",8150045,"f","Laurelhurst",47.6662253352353,-122.276756351503,"House","Private room",2,1,1,1,"Pull-out Sofa","{TV,""Wireless Internet"",""Free Parking on Premises"",""Pets live on this property"",""Other pet(s)"",Heating,""Smoke Detector"",""Carbon Monoxide Detector"",""Fire Extinguisher"",Essentials,""Lock on Bedroom Door""}","$55.00","$20.00",14,94,10,10,10,10,9,3.41,109
"3437",3413183,"f","Southeast Magnolia",47.6480673265416,-122.382861057227,"Apartment","Entire home/apt",2,1,1,1,"Real Bed","{TV,Internet,""Wireless Internet"",Kitchen,""Free Parking on Premises"",""Elevator in Building"",""Indoor Fireplace"",Heating,""Family/Kid Friendly"",Washer,Dryer,Shampoo}","$550.00","",1,100,10,10,10,10,10,0.05,147
"3438",3123041,"t","Southeast Magnolia",47.6441792817077,-122.38384747542,"House","Private room",2,1,1,1,"Real Bed","{Internet,""Wireless Internet"",""Free Parking on Premises"",""Pets live on this property"",Dog(s),Heating,Washer,Dryer,""Smoke Detector"",""First Aid Kit"",Essentials}","$75.00","",79,96,9,10,10,10,10,4.04,153
"3439",2492143,"f","Southeast Magnolia",47.6478151537275,-122.388981526266,"House","Private room",2,1,1,1,"Real Bed","{""Cable TV"",""Wireless Internet"",""Air Conditioning"",Kitchen,""Pets live on this property"",Dog(s),Cat(s),""Indoor Fireplace"",Heating,Washer,Dryer,""Smoke Detector"",""Carbon Monoxide Detector"",""Fire Extinguisher"",Essentials,Shampoo}","$95.00","",18,90,10,10,10,9,9,0.83,123
"3440",6714652,"t","Southeast Magnolia",47.6465705498111,-122.388417916636,"Loft","Entire home/apt",2,1,0,1,"Pull-out Sofa","{TV,""Cable TV"",Internet,""Wireless Internet"",""Free Parking on Premises"",""Pets Allowed"",Gym,""Pets live on this property"",Dog(s),Heating,""Family/Kid Friendly"",""Smoke Detector"",""Carbon Monoxide Detector"",Essentials,Shampoo}","$150.00","$30.00",11,98,9,9,9,10,9,1.88,132
"3441",6678058,"f","Southeast Magnolia",47.6476785184215,-122.392474215291,"House","Entire home/apt",2,1,1,1,"Real Bed","{Internet,""Wireless Internet"",Kitchen,""Free Parking on Premises"",""Pets live on this property"",Cat(s),Heating,""Smoke Detector"",""Carbon Monoxide Detector"",""First Aid Kit"",""Safety Card"",""Fire Extinguisher"",Essentials,Shampoo}","$110.00","$35.00",12,93,10,10,10,10,10,1.98,109
"3442",1696194,"f","Southeast Magnolia",47.6329707101674,-122.394886904374,"House","Entire home/apt",4,1,1,2,"Real Bed","{TV,""Cable TV"",Internet,""Wireless Internet"",Kitchen,""Free Parking on Premises"",Heating,Washer,Dryer}","$228.00","$95.00",11,96,9,10,10,9,9,0.51,108
"3443",9352778,"f","Southeast Magnolia",47.6477652311439,-122.382506558182,"House","Entire home/apt",6,2,2,3,"Real Bed","{TV,""Cable TV"",Internet,""Wireless Internet"",Kitchen,""Free Parking on Premises"",Gym,Heating,Washer,Dryer,""Smoke Detector"",""Carbon Monoxide Detector"",""Fire Extinguisher"",Essentials}","$110.00","$112.00",2,100,10,10,10,10,10,2,148
"3444",2720963,"f","Southeast Magnolia",47.6416195369292,-122.389724880791,"House","Entire home/apt",6,3.5,3,3,"Real Bed","{TV,""Cable TV"",Internet,""Wireless Internet"",Pool,Kitchen,""Free Parking on Premises"",""Pets Allowed"",Gym,""Pets live on this property"",Dog(s),""Hot Tub"",""Indoor Fireplace"",Heating,""Family/Kid Friendly"",Washer,Dryer,""Smoke Detector"",""First Aid Kit"",""Fire Extinguisher"",Essentials,Shampoo}","$950.00","",5,96,10,10,10,10,10,0.74,136
"3445",6591879,"f","Southeast Magnolia",47.6433632015884,-122.388165191933,"Apartment","Entire home/apt",4,1.5,2,3,"Real Bed","{TV,""Cable TV"",Internet,""Wireless Internet"",""Air Conditioning"",Kitchen,""Free Parking on Premises"",Heating,""Family/Kid Friendly"",Washer,Dryer,""Smoke Detector"",""Carbon Monoxide Detector"",""Fire Extinguisher"",Essentials}","$225.00","$165.00",1,100,10,10,10,10,10,0.16,139
"3446",10023353,"f","Southeast Magnolia",47.6457095976011,-122.392060434396,"House","Entire home/apt",6,2,3,2,"Real Bed","{TV,Internet,""Wireless Internet"",Kitchen,""Free Parking on Premises"",""Indoor Fireplace"",Heating,""Family/Kid Friendly"",Washer,Dryer,""Smoke Detector"",""Carbon Monoxide Detector"",""First Aid Kit"",""Fire Extinguisher"",Essentials,""24-Hour Check-in"",Hangers,""Hair Dryer"",Iron,""Laptop Friendly Workspace""}","$125.00","$110.00",0,NA,NA,NA,NA,NA,NA,NA,116
"3447",8207987,"f","Southeast Magnolia",47.6465380661679,-122.393738324253,"House","Private room",2,2,1,1,"Real Bed","{TV,Internet,""Wireless Internet"",""Free Parking on Premises"",""Pets live on this property"",Dog(s),Heating,""Smoke Detector"",""Carbon Monoxide Detector"",Shampoo}","$68.00","$30.00",0,NA,NA,NA,NA,NA,NA,NA,104
"3448",3971346,"t","Southeast Magnolia",47.6466734717802,-122.384964739919,"House","Entire home/apt",6,1.5,3,3,"Real Bed","{Internet,""Wireless Internet"",Kitchen,""Free Parking on Premises"",""Pets Allowed"",""Pets live on this property"",Dog(s),""Indoor Fireplace"",Heating,""Suitable for Events"",Washer,Dryer,""Smoke Detector"",""Fire Extinguisher"",Essentials,Shampoo,""Laptop Friendly Workspace""}","$250.00","$50.00",35,98,9,10,10,10,9,2.14,145
"3449",3382533,"t","Southeast Magnolia",47.6412056516972,-122.386865592452,"Apartment","Entire home/apt",4,1,1,1,"Real Bed","{TV,Internet,""Wireless Internet"",Kitchen,""Free Parking on Premises"",Heating,""Family/Kid Friendly"",Washer,Dryer,""Smoke Detector"",""Carbon Monoxide Detector"",""First Aid Kit"",""Safety Card"",""Fire Extinguisher"",Essentials}","$150.00","$40.00",50,98,10,10,10,10,10,2.84,143
"3450",8943821,"f","Southeast Magnolia",47.6386240270365,-122.388012909059,"Apartment","Private room",2,1.5,1,1,"Real Bed","{TV,Internet,""Wireless Internet"",Kitchen,""Free Parking on Premises"",Heating,Washer,Dryer,""Smoke Detector"",""First Aid Kit"",""Fire Extinguisher"",Essentials,Shampoo,""Lock on Bedroom Door""}","$48.00","$12.00",2,100,10,10,10,10,10,0.98,144
"3451",4485424,"t","Southeast Magnolia",47.637912507127,-122.391264172387,"House","Entire home/apt",8,3,3,4,"Real Bed","{TV,""Cable TV"",Internet,""Wireless Internet"",Kitchen,""Free Parking on Premises"",Heating,""Family/Kid Friendly"",Washer,Dryer,""Smoke Detector"",""Carbon Monoxide Detector"",""First Aid Kit"",""Safety Card"",""Fire Extinguisher"",Essentials,Shampoo}","$330.00","$90.00",37,100,10,10,10,10,10,2.72,132
"3452",7227464,"t","Southeast Magnolia",47.6403252284302,-122.38664944234,"Apartment","Entire home/apt",2,1,1,1,"Real Bed","{TV,""Cable TV"",Internet,""Wireless Internet"",Kitchen,Heating,Washer,Dryer,""Smoke Detector"",""Carbon Monoxide Detector"",""First Aid Kit"",""Safety Card"",""Fire Extinguisher"",Essentials,Shampoo}","$125.00","$40.00",17,96,10,10,10,9,10,3.11,144
"3453",2958318,"f","Southeast Magnolia",47.6432531784185,-122.384765100427,"Townhouse","Entire home/apt",4,2.5,2,2,"Real Bed","{TV,Internet,""Wireless Internet"",Kitchen,""Free Parking on Premises"",""Pets Allowed"",""Pets live on this property"",Dog(s),""Indoor Fireplace"",Heating,Washer,Dryer,Essentials}","$350.00","",0,NA,NA,NA,NA,NA,NA,NA,151
"3454",4066344,"f","High Point",47.5467590653193,-122.370560126518,"House","Private room",1,1,1,1,"Real Bed","{""Wireless Internet"",Kitchen,""Free Parking on Premises"",""Smoking Allowed"",""Pets live on this property"",Cat(s),Heating,""Smoke Detector"",""Carbon Monoxide Detector"",""First Aid Kit"",Essentials,Shampoo}","$80.00","",0,NA,NA,NA,NA,NA,NA,NA,68
"3455",8012443,"t","High Point",47.5380635363737,-122.367421925631,"Townhouse","Private room",2,1,1,1,"Real Bed","{TV,""Wireless Internet"",Kitchen,""Free Parking on Premises"",""Pets live on this property"",Dog(s),Heating,Washer,Dryer,""Smoke Detector"",""Carbon Monoxide Detector"",""First Aid Kit"",""Safety Card"",""Fire Extinguisher"",Essentials}","$70.00","",11,100,10,10,10,10,10,2.58,73
"3456",8094338,"t","High Point",47.5383216752232,-122.366034539159,"Townhouse","Private room",2,1,1,1,"Real Bed","{TV,""Wireless Internet"",Kitchen,""Free Parking on Premises"",""Pets live on this property"",Dog(s),""Hot Tub"",Heating,Washer,Dryer,""Smoke Detector"",""Carbon Monoxide Detector"",""First Aid Kit"",""Safety Card"",""Fire Extinguisher"",Essentials,Shampoo,""Lock on Bedroom Door""}","$70.00","",7,100,10,10,10,10,10,1.65,74
"3457",5096363,"t","High Point",47.534633387863,-122.364680226246,"House","Private room",2,1,1,1,"Real Bed","{Internet,""Wireless Internet"",""Free Parking on Premises"",""Pets Allowed"",""Pets live on this property"",Dog(s),Heating,""Smoke Detector"",""Carbon Monoxide Detector"",""First Aid Kit"",""Fire Extinguisher"",Essentials,Shampoo}","$72.00","$10.00",34,96,10,10,10,9,9,2.96,71
"3458",1980283,"f","High Point",47.5506879794897,-122.375049617174,"Apartment","Entire home/apt",4,1,2,2,"Real Bed","{Internet,""Wireless Internet"",""Pets Allowed"",Breakfast,""Pets live on this property"",Dog(s),Heating,""Family/Kid Friendly"",Washer,Dryer,""Smoke Detector"",Essentials,Shampoo}","$99.00","$25.00",34,94,10,10,10,9,10,1.92,54
"3459",2761092,"f","High Point",47.5480163426473,-122.375706636756,"House","Entire home/apt",4,1,2,2,"Real Bed","{TV,Internet,""Wireless Internet"",""Free Parking on Premises"",""Pets live on this property"",Cat(s),Heating,""Family/Kid Friendly"",Washer,Dryer,""Smoke Detector"",""Carbon Monoxide Detector"",""First Aid Kit"",""Safety Card"",""Fire Extinguisher"",Essentials,Shampoo}","$78.00","$25.00",20,91,10,10,10,9,9,3.7,51
"3460",4163204,"f","High Point",47.5429492203422,-122.375406392648,"Apartment","Private room",2,1.5,1,1,"Airbed","{Kitchen,Heating,""Smoke Detector"",""Fire Extinguisher""}","$300.00","",0,NA,NA,NA,NA,NA,NA,NA,51
"3461",1145148,"f","High Point",47.5532506718228,-122.362994013563,"House","Entire home/apt",5,1,3,3,"Real Bed","{TV,Internet,""Wireless Internet"",""Air Conditioning"",Kitchen,""Free Parking on Premises"",Breakfast,Heating,""Family/Kid Friendly"",""Smoke Detector"",""Carbon Monoxide Detector"",""Fire Extinguisher"",Essentials,Shampoo}","$250.00","$50.00",13,98,9,10,10,9,10,0.42,81
"3462",7039427,"t","High Point",47.552960090653,-122.373113552227,"House","Private room",2,1,1,1,"Real Bed","{TV,""Cable TV"",Internet,""Wireless Internet"",""Air Conditioning"",Kitchen,""Free Parking on Premises"",Breakfast,""Pets live on this property"",""Indoor Fireplace"",Heating,""Family/Kid Friendly"",Washer,Dryer,""Smoke Detector"",""Carbon Monoxide Detector"",""Fire Extinguisher"",Essentials,Shampoo,""24-Hour Check-in"",""Hair Dryer"",""Laptop Friendly Workspace""}","$39.00","$10.00",42,99,10,10,10,10,10,8.46,61
"3463",7527242,"f","High Point",47.5429416932208,-122.361555321278,"House","Entire home/apt",6,1,3,3,"Real Bed","{TV,Internet,Kitchen,""Hot Tub"",""Indoor Fireplace"",""Family/Kid Friendly"",Washer,Dryer,""Smoke Detector"",""Carbon Monoxide Detector"",""Fire Extinguisher"",Essentials}","$95.00","",3,93,10,10,10,9,10,0.63,77
"3464",8286095,"f","High Point",47.5502974572498,-122.372696330229,"House","Private room",2,0.5,1,1,"Real Bed","{Internet,""Wireless Internet"",Kitchen,""Free Parking on Premises"",""Smoking Allowed"",""Pets Allowed"",Gym,""Pets live on this property"",Dog(s),""Indoor Fireplace"",Heating,""Family/Kid Friendly"",Washer,Dryer,""Smoke Detector"",""Carbon Monoxide Detector"",""First Aid Kit"",""Safety Card"",""Fire Extinguisher"",Essentials}","$97.00","",0,NA,NA,NA,NA,NA,NA,NA,59
"3465",9238818,"f","High Point",47.5536418601008,-122.364168529071,"House","Entire home/apt",4,1,2,3,"Real Bed","{TV,Internet,""Wireless Internet"",Kitchen,""Free Parking on Premises"",""Pets Allowed"",Heating,""Family/Kid Friendly"",Washer,Dryer,Shampoo,Hangers,Iron}","$102.00","$199.00",2,80,10,10,10,8,9,1.18,81
"3466",3025456,"t","High Point",47.5455329924314,-122.367315911776,"House","Private room",2,1,1,1,"Real Bed","{TV,""Cable TV"",Internet,""Wireless Internet"",""Free Parking on Premises"",""Indoor Fireplace"",Heating,""Smoke Detector"",""Carbon Monoxide Detector"",""First Aid Kit"",Essentials,Shampoo}","$60.00","",70,96,10,10,10,9,10,4.01,76
"3467",6888107,"t","High Point",47.5460282025806,-122.371080162719,"Townhouse","Private room",4,1.5,1,3,"Real Bed","{TV,""Wireless Internet"",Kitchen,""Free Parking on Premises"",""Indoor Fireplace"",Heating,""Family/Kid Friendly"",Washer,Dryer,""Smoke Detector"",""Carbon Monoxide Detector"",""First Aid Kit"",""Fire Extinguisher"",Essentials,Shampoo,""Lock on Bedroom Door""}","$49.00","$25.00",13,97,10,10,10,9,9,2.06,64
"3468",3242605,"f","Seaview",47.5542021999086,-122.390590490823,"House","Private room",2,1,1,1,"Real Bed","{Internet,""Wireless Internet"",Kitchen,""Free Parking on Premises"",""Pets Allowed"",""Pets live on this property"",Heating,""Family/Kid Friendly"",""Smoke Detector"",""Fire Extinguisher"",Essentials,Shampoo}","$60.00","",109,94,9,10,10,10,10,5.74,45
"3469",6118198,"t","Seaview",47.5559999590069,-122.393203395011,"House","Private room",2,1,1,1,"Real Bed","{TV,Internet,""Wireless Internet"",Kitchen,""Free Parking on Premises"",""Pets live on this property"",Dog(s),Heating,Washer,Dryer,""Smoke Detector"",""Carbon Monoxide Detector"",""First Aid Kit"",Essentials,Shampoo,""24-Hour Check-in"",Iron,""Laptop Friendly Workspace""}","$79.00","$20.00",23,97,10,10,10,10,10,2.8,43
"3470",189156,"t","Seaview",47.5454306532951,-122.397837271245,"Apartment","Entire home/apt",2,1,0,1,"Real Bed","{TV,""Cable TV"",""Wireless Internet"",Kitchen,""Free Parking on Premises"",Heating,""Family/Kid Friendly"",""Smoke Detector"",""Carbon Monoxide Detector"",""Fire Extinguisher"",Essentials,Shampoo,""24-Hour Check-in"",Hangers,""Hair Dryer"",Iron,""Laptop Friendly Workspace""}","$76.00","$50.00",106,96,9,10,10,10,10,2.01,42
"3471",6990677,"f","Seaview",47.5520126023648,-122.393692607949,"House","Entire home/apt",2,1,1,1,"Real Bed","{TV,""Wireless Internet"",Kitchen,Heating,Washer,Dryer,""Smoke Detector"",""Carbon Monoxide Detector"",""Fire Extinguisher"",Essentials,Shampoo}","$110.00","$40.00",18,96,10,10,10,9,10,2.89,44
"3472",8194886,"f","Seaview",47.5556926576186,-122.387525173507,"Apartment","Entire home/apt",3,1,1,2,"Real Bed","{TV,Internet,""Wireless Internet"",""Wheelchair Accessible"",Kitchen,""Free Parking on Premises"",Gym,""Elevator in Building"",""Buzzer/Wireless Intercom"",Heating,Washer,Dryer,""Smoke Detector"",""Carbon Monoxide Detector"",""First Aid Kit"",""Safety Card"",""Fire Extinguisher"",Shampoo}","$110.00","",0,NA,NA,NA,NA,NA,NA,NA,46
"3473",8645226,"f","Seaview",47.5569131024996,-122.388263246959,"House","Private room",2,1,1,1,"Real Bed","{Internet,""Wireless Internet"",Kitchen,""Free Parking on Premises"",""Pets live on this property"",Dog(s),Cat(s),Heating,""Smoke Detector"",""First Aid Kit"",""Fire Extinguisher"",Essentials,Shampoo}","$59.00","",11,96,10,10,10,10,10,3.67,46
"3474",859467,"f","Seaview",47.5557524907999,-122.400044821126,"House","Entire home/apt",7,1,2,2,"Real Bed","{TV,""Cable TV"",Internet,""Wireless Internet"",""Wheelchair Accessible"",Kitchen,""Free Parking on Premises"",""Pets Allowed"",""Indoor Fireplace"",Heating,""Family/Kid Friendly"",""Suitable for Events"",""Smoke Detector"",""First Aid Kit"",""Fire Extinguisher"",Essentials,Shampoo}","$195.00","$75.00",48,89,8,9,9,10,9,1.44,42
"3475",9096972,"f","Seaview",47.5591490085516,-122.397575408856,"House","Entire home/apt",3,1,1,2,"Real Bed","{TV,""Cable TV"",""Wireless Internet"",Kitchen,""Free Parking on Premises"",Breakfast,""Pets live on this property"",Dog(s),Cat(s),Heating,""Family/Kid Friendly"",""Smoke Detector"",""Carbon Monoxide Detector"",""First Aid Kit"",""Safety Card"",""Fire Extinguisher"",Essentials,Shampoo,""24-Hour Check-in"",Hangers,Iron,""Laptop Friendly Workspace""}","$85.00","$50.00",2,100,10,10,10,10,10,2,40
"3476",1246117,"f","Seaview",47.5473379830914,-122.390465863957,"House","Entire home/apt",7,2,3,4,"Real Bed","{TV,""Cable TV"",Internet,""Wireless Internet"",Kitchen,""Free Parking on Premises"",Heating,""Family/Kid Friendly"",Washer,Dryer,""Smoke Detector"",""Carbon Monoxide Detector"",""Fire Extinguisher"",Essentials,Shampoo}","$200.00","$95.00",27,96,10,10,10,9,10,1.75,44
"3477",7665415,"f","Seaview",47.5587225138715,-122.388322162714,"Apartment","Entire home/apt",4,1,2,2,"Real Bed","{TV,""Cable TV"",Internet,""Wireless Internet"",Kitchen,Heating,""Family/Kid Friendly"",Washer,Dryer,""Smoke Detector"",""Carbon Monoxide Detector"",Essentials}","$109.00","$65.00",9,91,9,10,10,10,9,2.5,42
"3478",8583457,"f","Seaview",47.5592952364809,-122.4025936264,"House","Entire home/apt",4,1,2,2,"Real Bed","{TV,""Cable TV"",Internet,""Wireless Internet"",Kitchen,""Free Parking on Premises"",""Indoor Fireplace"",""Buzzer/Wireless Intercom"",Heating,""Smoke Detector"",""Carbon Monoxide Detector"",""Fire Extinguisher"",Essentials,Shampoo}","$200.00","$100.00",5,100,10,10,10,10,10,1.72,39
"3479",146301,"f","Seaview",47.5548398870672,-122.387056581036,"House","Entire home/apt",6,1,2,4,"Real Bed","{TV,""Cable TV"",Internet,""Wireless Internet"",""Air Conditioning"",Kitchen,""Free Parking on Premises"",""Indoor Fireplace"",Heating,""Family/Kid Friendly"",Washer,Dryer,""Smoke Detector"",""Carbon Monoxide Detector"",""Fire Extinguisher"",Essentials}","$135.00","",10,94,10,10,10,9,9,0.28,46
"3480",677266,"f","Georgetown",47.5494823543541,-122.317787771922,"House","Private room",2,3,1,1,"Real Bed","{Internet,""Wireless Internet"",""Air Conditioning"",Kitchen,""Free Parking on Premises"",""Pets live on this property"",Dog(s),""Buzzer/Wireless Intercom"",Heating,""Smoke Detector"",""First Aid Kit"",""Fire Extinguisher"",Essentials,Shampoo}","$70.00","$10.00",59,92,9,9,9,9,9,1.47,103
"3481",9419,"f","Georgetown",47.5506196980812,-122.320135414119,"House","Private room",2,3,1,1,"Real Bed","{Internet,""Wireless Internet"",""Air Conditioning"",Kitchen,""Free Parking on Premises"",""Pets live on this property"",Dog(s),Heating,""Smoke Detector"",""First Aid Kit"",""Fire Extinguisher"",Essentials,Shampoo}","$90.00","",79,91,9,10,10,9,9,1.19,105
"3482",1950012,"t","Georgetown",47.5454370125607,-122.319127465395,"House","Private room",2,1,1,1,"Real Bed","{Internet,""Wireless Internet"",Kitchen,""Free Parking on Premises"",Heating,Washer,Dryer}","$50.00","",34,97,9,10,10,9,10,2.02,99
"3483",9508837,"t","Georgetown",47.5462471470949,-122.319641645788,"Loft","Entire home/apt",4,1,1,1,"Real Bed","{TV,""Wireless Internet"",Kitchen,""Indoor Fireplace"",Heating,""Smoke Detector"",""Carbon Monoxide Detector"",""Safety Card"",""Fire Extinguisher"",Essentials,Shampoo}","$99.00","$15.00",6,100,10,10,10,10,10,5.62,99
"3484",226677,"f","Georgetown",47.5496907092666,-122.31867911342,"Other","Private room",2,3,1,1,"Real Bed","{Internet,""Wireless Internet"",Kitchen,""Free Parking on Premises"",""Pets live on this property"",Dog(s),Heating,""Smoke Detector"",""First Aid Kit"",""Fire Extinguisher"",Essentials,Shampoo}","$70.00","$10.00",48,93,9,9,10,9,9,0.95,105
"3485",7256122,"t","Georgetown",47.5459777547795,-122.320691231972,"House","Private room",2,1,1,1,"Real Bed","{TV,Internet,""Wireless Internet"",Kitchen,""Free Parking on Premises"",""Pets live on this property"",Dog(s),""Indoor Fireplace"",Heating,Washer,Dryer,""Smoke Detector"",""Carbon Monoxide Detector"",""First Aid Kit"",""Fire Extinguisher"",Essentials,Shampoo}","$65.00","$10.00",28,96,10,10,10,9,10,5.38,98
"3486",6765354,"f","Georgetown",47.5448804251218,-122.321157634258,"House","Private room",2,1,1,1,"Real Bed","{TV,""Cable TV"",""Wireless Internet"",""Air Conditioning"",""Pets live on this property"",Dog(s),Heating,""Family/Kid Friendly"",""Smoke Detector"",""Carbon Monoxide Detector"",""First Aid Kit"",""Fire Extinguisher"",Essentials}","$90.00","$30.00",12,92,9,10,9,9,9,1.98,93
"3487",3303376,"f","Georgetown",47.5500427930538,-122.317798724175,"Other","Private room",2,3,1,1,"Real Bed","{Internet,""Wireless Internet"",""Air Conditioning"",Kitchen,""Free Parking on Premises"",""Pets live on this property"",Dog(s),Heating,""Smoke Detector"",""First Aid Kit"",""Fire Extinguisher"",Essentials,Shampoo}","$75.00","$10.00",20,90,9,10,10,9,9,1.08,103
"3488",10060388,"f","South Park",47.5211681277829,-122.328755204073,"House","Entire home/apt",6,1.5,3,3,"Real Bed","{TV,Internet,""Wireless Internet"",""Air Conditioning"",Kitchen,""Free Parking on Premises"",Heating,""Family/Kid Friendly"",Washer,Dryer,""Smoke Detector"",""Carbon Monoxide Detector"",""Hair Dryer"",Iron,""Laptop Friendly Workspace""}","$100.00","$45.00",0,NA,NA,NA,NA,NA,NA,NA,50
"3489",8570596,"f","South Park",47.528934900915,-122.325236590187,"House","Private room",2,1,1,1,"Real Bed","{TV,Internet,""Wireless Internet"",Kitchen,""Free Parking on Premises"",Heating,Washer,Dryer,""Smoke Detector"",""Carbon Monoxide Detector"",""Fire Extinguisher"",Essentials,Shampoo}","$65.00","",0,NA,NA,NA,NA,NA,NA,NA,55
"3490",4589654,"f","South Park",47.5266799954387,-122.316036368538,"House","Entire home/apt",4,1,2,3,"Real Bed","{TV,""Cable TV"",""Wireless Internet"",""Air Conditioning"",Kitchen,""Free Parking on Premises"",Heating,""Family/Kid Friendly"",Washer,Dryer,""Smoke Detector"",""Carbon Monoxide Detector"",""First Aid Kit"",""Fire Extinguisher"",Essentials,Shampoo,Hangers,""Hair Dryer"",Iron,""Laptop Friendly Workspace""}","$105.00","$60.00",15,88,9,9,10,8,9,1.25,61
"3491",7843145,"f","Roxhill",47.5279025968068,-122.368247214898,"House","Entire home/apt",4,1,2,3,"Real Bed","{TV,Internet,""Wireless Internet"",Kitchen,""Free Parking on Premises"",""Pets Allowed"",""Hot Tub"",Heating,""Family/Kid Friendly"",Washer,Dryer,""Smoke Detector"",""Fire Extinguisher"",Essentials,Shampoo}","$125.00","",5,96,9,10,10,9,9,2.31,44
"3492",8194164,"f","Roxhill",47.5281689875895,-122.376346653479,"House","Private room",2,1,1,1,"Real Bed","{""Cable TV"",Internet,""Wireless Internet"",Kitchen,""Free Parking on Premises"",""Indoor Fireplace"",Heating,""Family/Kid Friendly"",Washer,Dryer,""Smoke Detector"",""Carbon Monoxide Detector"",""First Aid Kit"",""Safety Card"",""Fire Extinguisher"",Essentials,Shampoo}","$60.00","",2,90,10,10,10,10,10,0.5,33
"3493",4252591,"f","Highland Park",47.5266887727674,-122.3493392421,"House","Private room",2,1,1,1,"Real Bed","{TV,Internet,""Wireless Internet"",Kitchen,""Free Parking on Premises"",""Smoke Detector"",""Carbon Monoxide Detector"",""First Aid Kit"",""Fire Extinguisher""}","$59.00","$10.00",0,NA,NA,NA,NA,NA,NA,NA,57
"3494",6810430,"f","Highland Park",47.5304598739997,-122.353331756141,"House","Entire home/apt",3,1,1,2,"Real Bed","{TV,""Wireless Internet"",Kitchen,""Free Parking on Premises"",""Pets live on this property"",Cat(s),Heating,""Family/Kid Friendly"",Washer,Dryer,""Smoke Detector"",""Carbon Monoxide Detector"",Essentials}","$65.00","$25.00",40,93,10,10,9,9,10,5.91,58
"3495",902609,"f","Highland Park",47.5244860537969,-122.353801414521,"House","Entire home/apt",3,1,1,1,"Real Bed","{TV,Internet,""Wireless Internet"",Kitchen,""Free Parking on Premises"",Heating,""Family/Kid Friendly"",""Smoke Detector"",""Carbon Monoxide Detector"",""First Aid Kit"",""Fire Extinguisher"",Essentials,Shampoo,""24-Hour Check-in"",Hangers,""Hair Dryer"",Iron,""Laptop Friendly Workspace""}","$58.00","$45.00",107,95,10,10,10,9,10,3.16,52
"3496",696004,"f","Highland Park",47.5182975147404,-122.350686904631,"Apartment","Entire home/apt",4,1,1,2,"Real Bed","{TV,Internet,""Wireless Internet"",""Wheelchair Accessible"",Kitchen,""Free Parking on Premises"",""Indoor Fireplace"",Heating,Washer,Dryer,""Smoke Detector"",""Carbon Monoxide Detector"",""First Aid Kit"",""Safety Card"",""Fire Extinguisher"",Essentials,Shampoo,""Hair Dryer"",Iron}","$120.00","",64,92,10,10,10,8,9,1.69,25
"3497",4824581,"t","Highland Park",47.5254332309848,-122.343464949109,"House","Private room",4,1,1,1,"Real Bed","{TV,""Wireless Internet"",""Free Parking on Premises"",""Pets live on this property"",Dog(s),Heating,Washer,Dryer,""Smoke Detector"",""Fire Extinguisher"",Essentials,Shampoo}","$150.00","$30.00",26,99,10,10,10,9,10,2.13,55
"3498",72743,"f","Highland Park",47.5257891614421,-122.34451200063,"House","Private room",2,1,1,1,"Real Bed","{TV,""Cable TV"",""Wireless Internet"",Kitchen,""Free Parking on Premises"",Heating,Washer,Dryer,""Smoke Detector"",Essentials}","$55.00","",95,97,10,10,10,9,10,1.63,55
"3499",6019762,"f","Highland Park",47.5297466055608,-122.349092257617,"House","Entire home/apt",4,1,2,2,"Real Bed","{TV,Internet,""Wireless Internet"",Kitchen,""Free Parking on Premises"",""Indoor Fireplace"",Heating,""Family/Kid Friendly"",Washer,Dryer,""Smoke Detector"",""First Aid Kit"",""Fire Extinguisher"",Essentials,Shampoo}","$110.00","$95.00",3,93,9,10,10,7,10,0.48,58
"3500",6133684,"f","Highland Park",47.5250896760968,-122.352910189039,"House","Private room",2,1,1,1,"Real Bed","{Internet,""Wireless Internet"",Kitchen,""Free Parking on Premises"",""Pets live on this property"",Dog(s),""Other pet(s)"",""Hot Tub"",""Indoor Fireplace"",Heating,""Family/Kid Friendly"",Washer,Dryer,""Smoke Detector"",""First Aid Kit"",""Safety Card"",""Fire Extinguisher"",Essentials,Shampoo}","$75.00","",5,92,9,10,10,8,9,0.64,55
"3501",4182732,"f","Highland Park",47.5275539951075,-122.350677369444,"House","Private room",2,1,1,1,"Real Bed","{""Cable TV"",""Wireless Internet"",""Air Conditioning"",Kitchen,""Free Parking on Premises"",""Pets Allowed"",""Pets live on this property"",Dog(s),""Indoor Fireplace"",Heating,""Family/Kid Friendly"",Washer,Dryer,""Carbon Monoxide Detector"",""First Aid Kit""}","$75.00","",0,NA,NA,NA,NA,NA,NA,NA,56
"3502",6479027,"f","Highland Park",47.5270969212023,-122.346338101735,"Townhouse","Private room",2,1,1,1,"Real Bed","{TV,""Cable TV"",Internet,""Wireless Internet"",Kitchen,""Free Parking on Premises"",Breakfast,""Indoor Fireplace"",Heating,""Family/Kid Friendly"",Washer,Dryer,""Smoke Detector"",""Carbon Monoxide Detector"",""Fire Extinguisher"",Essentials,Shampoo,""24-Hour Check-in"",""Hair Dryer"",""Laptop Friendly Workspace""}","$53.00","",10,92,9,10,10,9,10,1.52,55
"3503",2508065,"f","Highland Park",47.5188176894595,-122.352598489259,"House","Entire home/apt",4,2,2,2,"Real Bed","{""Cable TV"",Internet,""Wireless Internet"",Kitchen,""Free Parking on Premises"",Heating,""Family/Kid Friendly"",Washer,Dryer,""Smoke Detector"",""First Aid Kit"",""Fire Extinguisher"",Essentials,Shampoo}","$129.00","$90.00",5,100,10,10,10,8,10,0.26,25
"3504",8089781,"f","Madison Park",47.6386714317343,-122.276857493784,"Apartment","Shared room",2,1,1,1,"Futon","{Internet,""Wireless Internet"",Kitchen,""Indoor Fireplace"",Heating,Washer,Dryer,""Smoke Detector"",""Carbon Monoxide Detector"",""First Aid Kit"",""Fire Extinguisher"",Essentials}","$30.00","",17,92,10,10,10,10,9,4.08,122
"3505",7692789,"f","Madison Park",47.6409423002551,-122.276973574446,"Condominium","Private room",2,1,1,1,"Real Bed","{TV,""Cable TV"",Internet,""Wireless Internet"",""Air Conditioning"",Kitchen,""Free Parking on Premises"",""Pets Allowed"",""Elevator in Building"",""Buzzer/Wireless Intercom"",Heating,Washer,Dryer,""Smoke Detector"",""Carbon Monoxide Detector"",Shampoo}","$70.00","$75.00",7,100,10,10,10,10,10,1.48,115
"3506",8136553,"f","Madison Park",47.6419332092196,-122.280188953426,"Apartment","Private room",2,1,1,1,"Real Bed","{Pool,Kitchen,""Free Parking on Premises"",Heating,Washer,Dryer}","$80.00","",1,100,10,10,10,10,10,0.25,138
"3507",1042022,"f","Madison Park",47.634203826597,-122.280113188587,"Apartment","Entire home/apt",2,1,1,1,"Real Bed","{TV,Internet,""Wireless Internet"",Kitchen,""Free Parking on Premises"",Heating,Washer,Dryer,""Smoke Detector"",""First Aid Kit"",""Fire Extinguisher"",Essentials,Shampoo}","$125.00","$35.00",105,94,10,10,10,10,9,3.22,171
"3508",8863714,"f","Madison Park",47.6340786010592,-122.278896573781,"Apartment","Entire home/apt",4,1,1,1,"Real Bed","{TV,""Air Conditioning"",Kitchen,""Free Parking on Premises"",""Buzzer/Wireless Intercom"",Heating,""Family/Kid Friendly"",Washer,Dryer,""Smoke Detector"",""Carbon Monoxide Detector"",Essentials}","$95.00","$35.00",3,80,6,10,10,10,7,1.14,163
"3509",4557204,"f","Madison Park",47.6293155851107,-122.293648822863,"House","Entire home/apt",8,2.5,4,4,"Real Bed","{TV,Internet,""Wireless Internet"",""Air Conditioning"",Kitchen,""Free Parking on Premises"",""Pets Allowed"",""Pets live on this property"",Dog(s),""Indoor Fireplace"",Heating,""Family/Kid Friendly"",Washer,Dryer,""Smoke Detector"",""Carbon Monoxide Detector"",Essentials,Shampoo}","$285.00","$50.00",6,100,10,10,10,9,10,0.48,268
"3510",6644760,"f","Madison Park",47.6380038873156,-122.277790998543,"Apartment","Entire home/apt",2,1,1,1,"Real Bed","{TV,""Cable TV"",Internet,""Wireless Internet"",""Air Conditioning"",Kitchen,Heating,Washer,Dryer,""Smoke Detector"",""Carbon Monoxide Detector"",""First Aid Kit"",""Safety Card"",""Fire Extinguisher"",Essentials,Shampoo}","$109.00","$100.00",5,100,10,10,10,10,10,1,135
"3511",8764748,"f","Madison Park",47.634713367855,-122.279367105965,"House","Entire home/apt",4,1,2,3,"Real Bed","{TV,""Cable TV"",""Wireless Internet"",Kitchen,""Pets Allowed"",Heating,""Family/Kid Friendly"",Washer,Dryer}","$275.00","",0,NA,NA,NA,NA,NA,NA,NA,169
"3512",9342299,"f","Madison Park",47.6331921801489,-122.288293644373,"House","Private room",4,2.5,1,2,"Real Bed","{TV,""Cable TV"",Internet,""Wireless Internet"",Kitchen,""Free Parking on Premises"",""Indoor Fireplace"",Heating,""Family/Kid Friendly"",Washer,Dryer,""Smoke Detector"",""First Aid Kit"",Essentials,Shampoo,Hangers,""Hair Dryer"",Iron,""Laptop Friendly Workspace""}","$190.00","$20.00",0,NA,NA,NA,NA,NA,NA,NA,221
"3513",4464542,"f","Madison Park",47.6366148179807,-122.276882056063,"Apartment","Entire home/apt",2,1,1,1,"Real Bed","{}","$80.00","",3,80,8,9,9,9,9,0.85,141
"3514",3817141,"f","Madison Park",47.639179932481,-122.280160705076,"House","Entire home/apt",2,2,1,1,"Real Bed","{TV,""Cable TV"",Internet,""Wireless Internet"",Kitchen,""Free Parking on Premises"",""Pets Allowed"",""Indoor Fireplace"",Heating,""Family/Kid Friendly"",Washer,Dryer,""Smoke Detector"",""Carbon Monoxide Detector"",""Fire Extinguisher"",Shampoo}","$200.00","$100.00",1,100,10,10,10,10,10,0.06,155
"3515",2103939,"f","Madison Park",47.6402077936627,-122.279748218883,"Apartment","Entire home/apt",3,1,1,2,"Real Bed","{TV,Pool,Kitchen,Heating,Washer,Dryer,""Smoke Detector"",""Carbon Monoxide Detector"",""First Aid Kit"",""Fire Extinguisher"",Essentials,Shampoo,Hangers,""Hair Dryer"",Iron}","$70.00","$25.00",33,89,10,9,9,9,9,1.35,137
"3516",8387068,"f","Madison Park",47.6371342850398,-122.276798318609,"Apartment","Entire home/apt",4,1,1,1,"Real Bed","{TV,""Cable TV"",Internet,""Wireless Internet"",""Air Conditioning"",Kitchen,Heating,Washer,Dryer,""Smoke Detector"",""Carbon Monoxide Detector"",""First Aid Kit"",""Safety Card"",""Fire Extinguisher"",Essentials,Shampoo}","$139.00","$100.00",1,100,10,10,10,10,10,0.6,137
"3517",5249067,"f","Madison Park",47.6284033911268,-122.289937950575,"Apartment","Entire home/apt",2,1,1,1,"Real Bed","{TV,Internet,""Air Conditioning"",Kitchen,""Free Parking on Premises"",Heating,Washer,Dryer,""Smoke Detector"",""Carbon Monoxide Detector"",Shampoo}","$75.00","",4,95,9,10,10,10,10,0.37,238
"3518",7620570,"f","Madison Park",47.6409231349286,-122.277634066595,"House","Entire home/apt",2,1.5,1,1,"Real Bed","{TV,""Cable TV"",Internet,""Wireless Internet"",Kitchen,Breakfast,""Indoor Fireplace"",""Buzzer/Wireless Intercom"",Heating,""Family/Kid Friendly"",""Suitable for Events"",Washer,Dryer,""Smoke Detector"",""Carbon Monoxide Detector"",""First Aid Kit"",""Safety Card"",""Fire Extinguisher"",Essentials,Shampoo}","$150.00","$30.00",2,100,10,10,10,10,10,0.39,120
"3519",6993726,"f","Madison Park",47.636646779773,-122.276857659136,"Condominium","Entire home/apt",5,1.5,2,2,"Real Bed","{TV,""Cable TV"",Internet,""Wireless Internet"",Kitchen,""Free Parking on Premises"",Heating,""Family/Kid Friendly"",""Smoke Detector"",""Carbon Monoxide Detector"",""Safety Card"",Essentials}","$215.00","$60.00",8,93,9,10,10,10,9,1.36,141
"3520",9463491,"f","Madison Park",47.6398510494533,-122.279894791009,"Apartment","Private room",1,1,1,1,"Real Bed","{TV,Kitchen,""Free Parking on Premises"",Heating,Washer,Dryer,""First Aid Kit"",""Fire Extinguisher"",Essentials,Shampoo,""Hair Dryer""}","$60.00","",0,NA,NA,NA,NA,NA,NA,NA,146
"3521",6908161,"f","Stevens",47.6236091071263,-122.310880573087,"Apartment","Entire home/apt",5,1,2,3,"Real Bed","{Internet,""Wireless Internet"",Kitchen,""Free Parking on Premises"",Breakfast,Heating,""Family/Kid Friendly"",Washer,Dryer,""Smoke Detector"",""Carbon Monoxide Detector"",""First Aid Kit"",""Safety Card"",Essentials,Shampoo}","$250.00","",9,96,9,9,10,10,9,1.54,442
"3522",9169270,"f","Stevens",47.6205072034616,-122.30997779006,"Apartment","Entire home/apt",3,1,1,1,"Real Bed","{TV,""Cable TV"",Internet,""Wireless Internet"",Kitchen,""Pets Allowed"",Heating,""Family/Kid Friendly"",""Smoke Detector"",""Carbon Monoxide Detector"",Essentials}","$150.00","$61.00",0,NA,NA,NA,NA,NA,NA,NA,423
"3523",7940358,"f","Stevens",47.6210820361963,-122.310784689198,"House","Entire home/apt",5,2,2,2,"Real Bed","{""Cable TV"",Internet,""Wireless Internet"",Kitchen,""Free Parking on Premises"",Gym,Heating,""Family/Kid Friendly"",Washer,Dryer,""Smoke Detector"",""Carbon Monoxide Detector"",""First Aid Kit"",Essentials}","$139.00","$75.00",1,100,8,10,10,10,10,0.25,430
"3524",4632923,"f","Stevens",47.6232361395491,-122.306897456124,"Apartment","Entire home/apt",4,1,2,2,"Real Bed","{""Wireless Internet"",Kitchen,Heating}","$104.00","",6,87,8,9,9,9,8,0.49,433
"3525",2764126,"f","Stevens",47.619612275684,-122.302455109506,"House","Entire home/apt",2,2.5,2,2,"Real Bed","{""Cable TV"",Internet,""Wireless Internet"",Kitchen,""Free Parking on Premises"",""Indoor Fireplace"",""Buzzer/Wireless Intercom"",Heating,Washer,Dryer,""Smoke Detector"",""Carbon Monoxide Detector"",""Fire Extinguisher"",Shampoo}","$125.00","",13,95,10,10,10,9,9,0.8,396
"3526",4710866,"f","Stevens",47.6301116994002,-122.301934089949,"House","Shared room",1,3.5,1,1,"Real Bed","{Internet,""Wireless Internet"",Kitchen,""Free Parking on Premises"",Heating,Washer,Dryer,""Smoke Detector"",""Carbon Monoxide Detector"",""First Aid Kit"",""Fire Extinguisher"",Essentials,Hangers,""Hair Dryer"",Iron,""Laptop Friendly Workspace""}","$33.00","",18,94,10,10,10,10,9,1.75,390
"3527",3994601,"f","Stevens",47.6295429219659,-122.301695036658,"House","Shared room",1,3.5,1,1,"Real Bed","{""Wireless Internet"",Kitchen,""Free Parking on Premises"",Heating,Washer,Dryer,""Smoke Detector"",""Carbon Monoxide Detector"",""First Aid Kit"",""Fire Extinguisher"",Essentials}","$27.00","",20,94,9,10,10,10,10,1.24,396
"3528",7873208,"f","Stevens",47.6312157877276,-122.303460291897,"House","Shared room",1,3.5,1,1,"Real Bed","{TV,Internet,""Wireless Internet"",Kitchen,""Free Parking on Premises"",Heating,Washer,Dryer,""Smoke Detector"",""Carbon Monoxide Detector"",""First Aid Kit"",""Fire Extinguisher"",Essentials}","$29.00","",1,100,10,10,10,10,10,0.23,396
"3529",3811828,"f","Stevens",47.6314698617149,-122.301880713464,"House","Shared room",1,1,1,1,"Real Bed","{""Wireless Internet"",Kitchen,""Free Parking on Premises"",Heating,Washer,Dryer,""Smoke Detector"",""Carbon Monoxide Detector"",""First Aid Kit"",""Fire Extinguisher"",Essentials}","$29.00","",19,94,9,10,10,10,10,1.11,371
"3530",7873345,"f","Stevens",47.6297404517895,-122.301833959305,"House","Shared room",1,3.5,1,1,"Real Bed","{TV,Internet,""Wireless Internet"",Kitchen,""Free Parking on Premises"",Heating,Washer,Dryer,""Smoke Detector"",""Carbon Monoxide Detector"",""First Aid Kit"",""Fire Extinguisher"",Essentials}","$29.00","",7,89,9,10,9,9,9,1.68,396
"3531",3811930,"f","Stevens",47.6314007832369,-122.30308546939,"House","Shared room",1,1,1,1,"Real Bed","{""Wireless Internet"",Kitchen,""Free Parking on Premises"",Heating,Washer,Dryer,""Smoke Detector"",""Carbon Monoxide Detector"",""First Aid Kit"",Essentials}","$30.00","",21,92,9,9,10,10,10,1.23,389
"3532",2670365,"t","Stevens",47.6305849244871,-122.309700003337,"House","Private room",2,1.5,1,1,"Real Bed","{TV,""Cable TV"",Internet,""Wireless Internet"",Kitchen,""Free Parking on Premises"",""Indoor Fireplace"",Heating,Washer,Dryer,""Smoke Detector"",""Carbon Monoxide Detector"",""First Aid Kit"",""Safety Card"",""Fire Extinguisher"",Essentials,Shampoo}","$65.00","$45.00",43,99,10,10,10,10,10,5.73,482
"3533",4225225,"f","Stevens",47.6184957658986,-122.309341836987,"House","Private room",2,5,1,1,"Real Bed","{""Wireless Internet"",Heating,Shampoo}","$125.00","",15,93,10,9,9,10,9,1.03,413
"3534",5728135,"f","Stevens",47.6287224804268,-122.301529925192,"Apartment","Private room",2,1,1,1,"Real Bed","{Internet,""Wireless Internet"",Kitchen,""Free Parking on Premises"",""Pets live on this property"",Cat(s),""Indoor Fireplace"",Heating,""Family/Kid Friendly"",Washer,Dryer,""Smoke Detector"",""First Aid Kit"",Essentials,Shampoo}","$84.00","",26,96,9,10,10,10,10,2.71,407
"3535",1818768,"f","Stevens",47.6231380877515,-122.308249564356,"Apartment","Private room",2,1,1,1,"Real Bed","{TV,Internet,""Wireless Internet"",Kitchen,Heating,Washer,Dryer,""Smoke Detector"",""Carbon Monoxide Detector"",""First Aid Kit"",Essentials,Shampoo}","$70.00","",56,95,9,10,10,10,9,2.1,435
"3536",8689375,"f","Stevens",47.6290156823731,-122.309804418394,"House","Private room",2,3,1,1,"Real Bed","{TV,""Cable TV"",Internet,""Wireless Internet"",Kitchen,""Free Parking on Premises"",""Indoor Fireplace"",Heating,Washer,Dryer,""Smoke Detector"",""Carbon Monoxide Detector"",""First Aid Kit"",""Fire Extinguisher"",Essentials,Shampoo}","$90.00","",0,NA,NA,NA,NA,NA,NA,NA,473
"3537",9509695,"f","Stevens",47.6190671912274,-122.306979155222,"Townhouse","Private room",2,1,1,1,"Real Bed","{""Wireless Internet"",Kitchen,Heating,Washer,Dryer,""Smoke Detector"",""First Aid Kit"",""Safety Card"",Essentials,Shampoo,""Hair Dryer"",Iron,""Laptop Friendly Workspace""}","$100.00","",0,NA,NA,NA,NA,NA,NA,NA,414
"3538",9156273,"f","Stevens",47.6280571187481,-122.299544051774,"House","Private room",2,1,1,1,"Airbed","{TV,""Wireless Internet"",""Free Parking on Premises"",Heating,Washer,Dryer,""Smoke Detector"",""Carbon Monoxide Detector"",""First Aid Kit"",Essentials,Shampoo}","$40.00","",6,93,9,10,10,9,9,3.05,385
"3539",6185083,"f","Stevens",47.6212135332849,-122.304906128396,"Apartment","Private room",2,1,1,1,"Real Bed","{Internet,""Wireless Internet"",Kitchen,""Free Parking on Premises"",""Pets Allowed"",Heating,Washer,Dryer,""Smoke Detector"",""Carbon Monoxide Detector"",""First Aid Kit"",""Safety Card"",""Fire Extinguisher"",Essentials}","$75.00","",12,98,10,10,10,10,10,1.55,419
"3540",5738982,"f","Stevens",47.6219371219189,-122.307330337322,"House","Private room",1,1,1,1,"Pull-out Sofa","{""Wireless Internet"",Kitchen,""Free Parking on Premises"",""Pets live on this property"",Dog(s),""Indoor Fireplace"",Heating,Washer,Dryer,""Smoke Detector"",""Carbon Monoxide Detector"",""Fire Extinguisher"",Essentials,Shampoo}","$90.00","",0,NA,NA,NA,NA,NA,NA,NA,427
"3541",8969737,"f","Stevens",47.635009806113,-122.304663909683,"House","Private room",2,1,1,1,"Real Bed","{""Cable TV"",""Wireless Internet"",Kitchen,""Free Parking on Premises"",""Pets live on this property"",Dog(s),Heating,Washer,Dryer,Shampoo}","$150.00","",0,NA,NA,NA,NA,NA,NA,NA,376
"3542",2500188,"f","Stevens",47.617144458538,-122.309593702618,"Bed & Breakfast","Private room",2,1,1,1,"Real Bed","{TV,""Wireless Internet"",""Free Parking on Premises"",Breakfast,Heating,""Family/Kid Friendly""}","$155.00","",24,98,10,10,10,10,10,1.12,412
"3543",3416590,"f","Stevens",47.6210901376649,-122.307057038814,"Bed & Breakfast","Private room",1,5,1,1,"Real Bed","{""Wireless Internet"",Heating}","$145.00","",12,97,10,10,10,10,9,0.65,424
"3544",6074312,"f","Stevens",47.6192028220342,-122.309388729817,"Bed & Breakfast","Private room",2,1,1,1,"Real Bed","{}","$165.00","",4,90,10,10,10,10,9,0.77,416
"3545",9696950,"f","Stevens",47.6234620285293,-122.297344123091,"House","Private room",2,1,1,1,"Real Bed","{""Cable TV"",Internet,""Wireless Internet"",Kitchen,""Pets live on this property"",Dog(s),Heating,Essentials,Shampoo,Hangers,Iron,""Laptop Friendly Workspace""}","$125.00","",0,NA,NA,NA,NA,NA,NA,NA,387
"3546",9920856,"f","Stevens",47.6339774595272,-122.310726129221,"House","Private room",2,1,1,1,"Real Bed","{TV,""Cable TV"",Internet,""Wireless Internet"",Kitchen,""Free Parking on Premises"",Heating,""Smoke Detector"",""Carbon Monoxide Detector"",""First Aid Kit"",""Fire Extinguisher"",Essentials}","$100.00","",0,NA,NA,NA,NA,NA,NA,NA,441
"3547",2268329,"f","Stevens",47.6193515504055,-122.309054543315,"Apartment","Private room",2,1,1,1,"Real Bed","{TV,""Cable TV"",Internet,""Wireless Internet"",""Free Parking on Premises"",""Pets live on this property"",Cat(s),Heating,Washer,Dryer,""Smoke Detector"",""Carbon Monoxide Detector"",""Fire Extinguisher""}","$65.00","$35.00",23,91,9,9,9,10,9,1.01,416
"3548",8868025,"f","Stevens",47.6180977380973,-122.309791361289,"Bed & Breakfast","Private room",2,1,1,1,"Real Bed","{TV,""Cable TV"",Internet,""Wireless Internet"",Breakfast,""Indoor Fireplace"",Heating,Essentials}","$146.00","",0,NA,NA,NA,NA,NA,NA,NA,412
"3549",1049293,"f","Stevens",47.6286584342213,-122.309926598723,"Apartment","Entire home/apt",2,1,1,1,"Real Bed","{TV,""Cable TV"",Internet,""Wireless Internet"",""Wheelchair Accessible"",Kitchen,""Free Parking on Premises"",Heating,""Smoke Detector"",""Carbon Monoxide Detector"",""First Aid Kit"",""Fire Extinguisher"",Essentials}","$125.00","$72.00",7,94,10,9,10,10,9,1.14,470
"3550",4401544,"f","Stevens",47.6302788128419,-122.300480970396,"House","Entire home/apt",3,1,0,2,"Real Bed","{TV,""Cable TV"",Internet,""Wireless Internet"",Kitchen,""Free Parking on Premises"",Heating,Washer,Dryer,""Smoke Detector"",""Carbon Monoxide Detector"",""First Aid Kit"",""Fire Extinguisher"",Essentials,Shampoo,""24-Hour Check-in"",Hangers,""Hair Dryer"",""Laptop Friendly Workspace""}","$85.00","$7.00",0,NA,NA,NA,NA,NA,NA,NA,371
"3551",7275464,"t","Stevens",47.6246375997161,-122.304884240803,"Bungalow","Entire home/apt",2,1,0,1,"Real Bed","{TV,""Cable TV"",Internet,""Wireless Internet"",Kitchen,""Free Parking on Premises"",Heating,""Family/Kid Friendly"",Dryer,""Smoke Detector"",""Carbon Monoxide Detector"",Essentials,Shampoo}","$140.00","$40.00",13,98,10,10,10,10,10,2.24,427
"3552",7823973,"f","Stevens",47.6240592415789,-122.300567153286,"Apartment","Entire home/apt",2,1,1,1,"Real Bed","{TV,""Cable TV"",Internet,""Wireless Internet"",Kitchen,""Free Parking on Premises"",Heating,Washer,Dryer,""Smoke Detector"",""Carbon Monoxide Detector"",""Fire Extinguisher"",Essentials,Shampoo}","$120.00","$60.00",7,100,10,10,10,10,10,2.44,413
"3553",8507873,"f","Stevens",47.6218040230906,-122.308286778721,"Apartment","Entire home/apt",2,1,1,1,"Real Bed","{TV,Internet,""Wireless Internet"",Kitchen,""Free Parking on Premises"",""Pets live on this property"",Cat(s),Heating,""Smoke Detector"",""Carbon Monoxide Detector"",""Fire Extinguisher"",Essentials}","$100.00","$25.00",5,100,10,10,10,10,10,1.61,428
"3554",8131881,"f","Stevens",47.6200508914847,-122.309335123534,"Apartment","Entire home/apt",2,1,1,1,"Real Bed","{""Cable TV"",Internet,""Wireless Internet"",Kitchen,""Pets live on this property"",Cat(s),""Smoke Detector"",Essentials}","$45.00","$52.00",8,97,9,10,10,10,10,2.55,420
"3555",6592178,"f","Stevens",47.6221517528054,-122.307975933313,"Townhouse","Entire home/apt",4,2,2,2,"Real Bed","{TV,Internet,""Wireless Internet"",Kitchen,Breakfast,""Pets live on this property"",Dog(s),Heating,Washer,Dryer,""Smoke Detector"",""Carbon Monoxide Detector"",""First Aid Kit"",""Safety Card"",Essentials,Shampoo}","$300.00","$50.00",4,100,10,10,10,10,10,0.59,429
"3556",825574,"t","Stevens",47.625137990179,-122.305561716215,"Apartment","Entire home/apt",2,1,1,1,"Real Bed","{TV,""Cable TV"",Internet,""Wireless Internet"",Kitchen,Heating,Washer,Dryer,""Smoke Detector"",""Carbon Monoxide Detector"",""First Aid Kit"",""Safety Card"",""Fire Extinguisher"",Essentials,Shampoo,""24-Hour Check-in"",Hangers,""Hair Dryer"",Iron,""Laptop Friendly Workspace""}","$150.00","$50.00",40,98,10,10,10,10,9,2.26,432
"3557",194313,"t","Stevens",47.6191775039133,-122.307016469202,"House","Entire home/apt",2,1,0,1,"Real Bed","{TV,""Cable TV"",Internet,""Wireless Internet"",Kitchen,""Pets live on this property"",Cat(s),Heating,Washer,Dryer,""Smoke Detector"",""Carbon Monoxide Detector"",Essentials,Shampoo,""24-Hour Check-in"",Hangers,""Hair Dryer"",Iron,""Laptop Friendly Workspace""}","$99.00","",67,97,10,10,10,10,10,1.3,414
"3558",5470943,"t","Stevens",47.6314647001824,-122.30847055216,"Apartment","Entire home/apt",4,1,2,2,"Real Bed","{TV,Internet,""Wireless Internet"",Kitchen,""Free Parking on Premises"",Heating,""Family/Kid Friendly"",Washer,Dryer,""Smoke Detector"",""Carbon Monoxide Detector"",""First Aid Kit"",""Fire Extinguisher"",Essentials,Shampoo,""24-Hour Check-in"",Hangers,""Hair Dryer"",Iron,""Laptop Friendly Workspace""}","$139.00","$80.00",31,99,10,10,10,10,10,4.13,470
"3559",1547337,"f","Stevens",47.6195649864111,-122.311729654919,"Apartment","Entire home/apt",2,1,1,1,"Real Bed","{Internet,""Wireless Internet"",Kitchen,""Buzzer/Wireless Intercom"",Heating,Washer,Dryer,""Smoke Detector"",""Carbon Monoxide Detector"",""First Aid Kit"",Essentials,Shampoo,""Hair Dryer"",Iron}","$100.00","$20.00",57,94,9,10,10,10,9,1.99,422
"3560",3932674,"f","Stevens",47.6203946147609,-122.312146913664,"Apartment","Entire home/apt",4,1,1,2,"Real Bed","{TV,""Cable TV"",Internet,""Wireless Internet"",Kitchen,""Pets live on this property"",Cat(s),Heating,Washer,Dryer,""Smoke Detector"",""Carbon Monoxide Detector"",Essentials}","$180.00","$75.00",9,91,10,9,10,10,9,0.55,427
"3561",3811955,"f","Stevens",47.6315565341971,-122.301957788707,"House","Shared room",1,1,1,1,"Real Bed","{Internet,""Wireless Internet"",Kitchen,""Free Parking on Premises"",Heating,Washer,Dryer,""Smoke Detector"",""Carbon Monoxide Detector"",""First Aid Kit"",""Fire Extinguisher"",Essentials}","$30.00","",18,91,9,9,10,9,9,1.11,374
"3562",6911511,"t","Stevens",47.6298873179791,-122.308591665523,"House","Entire home/apt",6,2.5,3,3,"Real Bed","{TV,""Cable TV"",Internet,""Wireless Internet"",Kitchen,Heating,Washer,Dryer,""Smoke Detector"",""Carbon Monoxide Detector"",""First Aid Kit"",""Fire Extinguisher"",Shampoo}","$399.00","$150.00",0,NA,NA,NA,NA,NA,NA,NA,471
"3563",5040885,"f","Stevens",47.6290669925927,-122.30791337353,"House","Entire home/apt",4,1.5,2,2,"Real Bed","{Internet,""Wireless Internet"",Kitchen,""Free Parking on Premises"",""Indoor Fireplace"",Heating,""Family/Kid Friendly"",Washer,Dryer,""Smoke Detector"",""Carbon Monoxide Detector"",""Fire Extinguisher""}","$300.00","$100.00",3,100,10,10,10,10,10,0.67,462
"3564",1633025,"f","Stevens",47.6227148354446,-122.30137847872,"House","Private room",2,1,1,1,"Real Bed","{TV,""Wireless Internet"",Kitchen,""Free Parking on Premises"",""Pets live on this property"",""Hot Tub"",""Indoor Fireplace"",Heating,""Family/Kid Friendly"",Washer,Dryer,Essentials,Shampoo}","$51.00","",66,94,9,10,10,10,10,2.36,409
"3565",7492006,"f","Stevens",47.6211848288459,-122.309500111717,"Apartment","Entire home/apt",2,1,1,1,"Real Bed","{TV,""Wireless Internet"",Kitchen,Heating,Washer,Dryer,""Smoke Detector"",Essentials,Shampoo}","$70.00","$25.00",9,94,9,10,10,10,9,1.68,427
"3566",7368959,"f","Stevens",47.6204980799053,-122.310591392725,"Apartment","Entire home/apt",2,1,0,1,"Real Bed","{TV,""Wireless Internet"",""Air Conditioning"",Kitchen,Heating,""Smoke Detector"",""Carbon Monoxide Detector"",Essentials,Shampoo}","$104.00","",15,80,8,9,9,10,8,2.78,424
"3567",6934128,"f","Stevens",47.6240144915512,-122.301760683778,"House","Private room",1,3,1,1,"Real Bed","{}","$80.00","$25.00",9,98,9,10,10,10,10,1.38,415
"3568",8409695,"f","Stevens",47.6222976870847,-122.306792999211,"Apartment","Private room",1,1,1,1,"Airbed","{TV,Internet,""Wireless Internet"",Pool,Kitchen,Heating,Washer,Dryer,""Smoke Detector"",""Carbon Monoxide Detector"",""First Aid Kit"",""Safety Card"",""Fire Extinguisher"",Essentials}","$50.00","",0,NA,NA,NA,NA,NA,NA,NA,428
"3569",7050204,"t","Stevens",47.6224711049587,-122.297916215674,"Condominium","Entire home/apt",4,1,1,2,"Real Bed","{TV,""Cable TV"",Internet,""Wireless Internet"",""Air Conditioning"",Kitchen,""Free Parking on Premises"",""Buzzer/Wireless Intercom"",Heating,""Family/Kid Friendly"",Washer,Dryer,""Smoke Detector"",""Carbon Monoxide Detector"",""First Aid Kit"",""Fire Extinguisher"",Essentials,Shampoo,""24-Hour Check-in"",Hangers,""Hair Dryer"",Iron,""Laptop Friendly Workspace""}","$150.00","$80.00",9,93,10,10,10,10,10,1.67,395
"3570",8926188,"f","Stevens",47.6197066374531,-122.306547073801,"Apartment","Entire home/apt",4,1,1,2,"Real Bed","{TV,""Cable TV"",Internet,""Wireless Internet"",Kitchen,""Indoor Fireplace"",Heating,""Family/Kid Friendly"",Washer,Dryer,Essentials,Shampoo}","$125.00","$50.00",7,94,10,10,10,10,9,3.09,415
"3571",5297143,"f","Stevens",47.6322365595596,-122.311897640422,"Apartment","Entire home/apt",2,1,1,1,"Real Bed","{TV,Internet,""Wireless Internet"",Kitchen,""Free Parking on Premises"",""Elevator in Building"",Heating,Washer,Dryer,""Smoke Detector"",""Carbon Monoxide Detector"",""First Aid Kit"",""Fire Extinguisher"",Essentials,Shampoo}","$200.00","",5,84,9,10,10,10,9,0.46,482
"3572",6228211,"f","Stevens",47.6313196420049,-122.309164582471,"House","Entire home/apt",4,1,2,2,"Real Bed","{Internet,""Wireless Internet"",Kitchen,""Free Parking on Premises"",Heating,""Family/Kid Friendly"",Washer,""Smoke Detector"",Essentials}","$200.00","",0,NA,NA,NA,NA,NA,NA,NA,474
"3573",1815677,"f","Stevens",47.6272163493282,-122.299906887032,"House","Entire home/apt",4,1,2,2,"Real Bed","{TV,Internet,""Wireless Internet"",Kitchen,""Free Parking on Premises"",""Hot Tub"",Heating,Washer,Dryer,""Smoke Detector"",""First Aid Kit"",""Fire Extinguisher"",Shampoo}","$115.00","$90.00",9,100,10,10,10,10,10,0.82,402
"3574",4388148,"f","Stevens",47.6233790655022,-122.312102507641,"Apartment","Entire home/apt",2,1,0,1,"Real Bed","{TV,Internet,""Wireless Internet"",Kitchen,Heating,Washer,Dryer,""Smoke Detector"",""Carbon Monoxide Detector"",Essentials,Shampoo,Hangers,""Hair Dryer"",Iron}","$85.00","",58,94,9,10,10,10,10,3.99,444
"3575",1432713,"f","Stevens",47.6201666128861,-122.307854994004,"Apartment","Entire home/apt",2,1,1,1,"Real Bed","{TV,""Cable TV"",Internet,""Wireless Internet"",Kitchen,""Free Parking on Premises"",Heating,Washer,Dryer,""Smoke Detector"",""Carbon Monoxide Detector"",""Fire Extinguisher"",Essentials,Shampoo}","$120.00","$10.00",142,93,9,10,9,10,9,4.85,416
"3576",4454264,"f","Stevens",47.6379340213634,-122.313505520512,"House","Entire home/apt",6,1.5,3,3,"Real Bed","{TV,""Cable TV"",Internet,""Wireless Internet"",""Air Conditioning"",Kitchen,""Indoor Fireplace"",Heating,Washer,Dryer,""Smoke Detector"",""Carbon Monoxide Detector"",""Fire Extinguisher"",Essentials}","$400.00","$75.00",1,100,10,10,10,10,10,0.09,427
"3577",5164194,"f","Stevens",47.6242207405071,-122.300185482193,"House","Private room",1,2,1,1,"Real Bed","{""Wireless Internet"",Kitchen,""Pets live on this property"",Dog(s),Heating,Washer,Dryer,""Smoke Detector"",""Carbon Monoxide Detector"",""Fire Extinguisher""}","$95.00","$25.00",3,100,9,10,10,10,10,0.32,410
"3578",6066570,"f","Stevens",47.6288313974656,-122.305409640976,"House","Entire home/apt",14,3.5,6,9,"Real Bed","{TV,""Cable TV"",Internet,""Wireless Internet"",Kitchen,""Free Parking on Premises"",Gym,""Pets live on this property"",Dog(s),""Hot Tub"",""Indoor Fireplace"",Heating,""Family/Kid Friendly"",Washer,Dryer,""Smoke Detector"",""Carbon Monoxide Detector"",""Fire Extinguisher"",Essentials,Shampoo}","$545.00","$150.00",1,100,10,10,10,10,10,0.16,442
"3579",1880734,"f","Stevens",47.6230461355762,-122.304906982585,"House","Entire home/apt",4,2,2,2,"Real Bed","{Internet,""Wireless Internet"",Kitchen,Heating,Washer,Dryer,""Smoke Detector"",""Carbon Monoxide Detector"",""First Aid Kit"",""Fire Extinguisher"",Essentials}","$250.00","$80.00",20,96,10,10,10,10,10,0.78,424
"3580",7127036,"f","Stevens",47.6277041380974,-122.309023073622,"Apartment","Entire home/apt",2,1,1,1,"Real Bed","{""Wireless Internet"",Kitchen,Heating,""Smoke Detector"",""Carbon Monoxide Detector"",""First Aid Kit"",""Fire Extinguisher"",Essentials}","$150.00","$50.00",2,100,10,10,10,10,10,0.4,466
"3581",10248139,"f","Stevens",47.6152521615454,-122.312000542332,"Apartment","Shared room",2,1,1,1,"Pull-out Sofa","{""Wireless Internet"",Kitchen,""Free Parking on Premises"",Heating,Washer,Dryer,""Smoke Detector"",""Carbon Monoxide Detector"",""Fire Extinguisher"",Essentials,Shampoo,Hangers,Iron}","$22.00","",1,100,10,NA,10,NA,NA,1,415
"3582",1974131,"t","Stevens",47.6214732615149,-122.311637474139,"House","Entire home/apt",4,1,0,1,"Real Bed","{TV,""Cable TV"",Internet,""Wireless Internet"",Kitchen,Heating,Washer,Dryer,""Smoke Detector"",""Carbon Monoxide Detector"",""First Aid Kit"",""Safety Card"",""Fire Extinguisher"",Essentials,Shampoo,""24-Hour Check-in"",Hangers,""Hair Dryer"",Iron,""Laptop Friendly Workspace""}","$120.00","",182,100,10,10,10,10,10,7.15,435
"3583",8306581,"f","Stevens",47.6186362030012,-122.31079869587,"Apartment","Entire home/apt",5,2,2,2,"Real Bed","{TV,""Cable TV"",Internet,""Wireless Internet"",""Wheelchair Accessible"",Kitchen,""Free Parking on Premises"",""Pets Allowed"",""Elevator in Building"",""Buzzer/Wireless Intercom"",Heating,""Family/Kid Friendly"",Washer,Dryer,""Smoke Detector"",""Fire Extinguisher"",Essentials}","$140.00","$101.00",1,100,10,10,10,10,10,0.51,416
"3584",6627184,"f","Stevens",47.6216209758289,-122.301295257427,"House","Entire home/apt",5,1,2,2,"Real Bed","{TV,""Cable TV"",Internet,""Wireless Internet"",""Air Conditioning"",Kitchen,""Free Parking on Premises"",""Pets Allowed"",""Indoor Fireplace"",Heating,""Family/Kid Friendly"",Washer,Dryer,""Smoke Detector"",""Fire Extinguisher"",Shampoo,""24-Hour Check-in"",Hangers,""Hair Dryer"",""Laptop Friendly Workspace""}","$125.00","$50.00",1,100,10,10,10,10,10,0.15,406
"3585",2211594,"f","Stevens",47.617817915909,-122.30640977762,"House","Entire home/apt",4,2.5,2,2,"Real Bed","{TV,Internet,""Wireless Internet"",Kitchen,""Indoor Fireplace"",Heating,""Family/Kid Friendly"",""Smoke Detector"",""Carbon Monoxide Detector"",""Fire Extinguisher"",Essentials}","$126.00","$105.00",69,93,10,10,9,10,9,3.11,407
"3586",8613792,"f","Stevens",47.6233895644352,-122.30776705383,"House","Private room",1,1,1,1,"Real Bed","{TV,Internet,""Wireless Internet"",Kitchen,""Pets live on this property"",Cat(s),Heating,""Smoke Detector"",""Carbon Monoxide Detector"",""First Aid Kit"",""Fire Extinguisher"",Essentials}","$150.00","",1,100,NA,NA,10,10,10,0.33,436
"3587",2367298,"t","Stevens",47.6277933490815,-122.298941460136,"Apartment","Entire home/apt",4,1,1,2,"Real Bed","{Internet,""Wireless Internet"",Kitchen,Heating,""Family/Kid Friendly"",""Smoke Detector"",""Carbon Monoxide Detector"",Essentials,Shampoo,""24-Hour Check-in"",Hangers,""Hair Dryer"",Iron,""Laptop Friendly Workspace""}","$129.00","$60.00",109,94,9,10,10,10,9,4.75,378
"3588",7871885,"f","Stevens",47.6307727940344,-122.303323205865,"House","Entire home/apt",2,1,0,1,"Real Bed","{TV,""Cable TV"",Internet,""Wireless Internet"",Kitchen,""Free Parking on Premises"",Heating,""Smoke Detector"",""Carbon Monoxide Detector"",""Safety Card"",""Fire Extinguisher"",Essentials,Shampoo,""24-Hour Check-in"",Hangers,""Hair Dryer"",Iron,""Laptop Friendly Workspace""}","$125.00","$25.00",13,98,10,10,10,10,10,2.93,399
"3589",7025898,"t","Stevens",47.6220605701686,-122.298683798624,"Condominium","Entire home/apt",6,2,2,3,"Real Bed","{TV,""Cable TV"",Internet,""Wireless Internet"",""Air Conditioning"",Kitchen,""Free Parking on Premises"",""Buzzer/Wireless Intercom"",Heating,""Family/Kid Friendly"",Washer,Dryer,""Smoke Detector"",""Carbon Monoxide Detector"",""First Aid Kit"",""Fire Extinguisher"",Essentials,Shampoo,""24-Hour Check-in"",Hangers,""Hair Dryer"",Iron,""Laptop Friendly Workspace""}","$250.00","$95.00",14,100,10,10,10,10,10,2.37,395
"3590",722537,"f","Stevens",47.629956863266,-122.308609952596,"Apartment","Entire home/apt",6,1,2,4,"Real Bed","{TV,""Cable TV"",""Wireless Internet"",Kitchen,""Free Parking on Premises"",Heating,""Family/Kid Friendly"",Washer,Dryer,""Smoke Detector""}","$220.00","$100.00",34,96,9,9,10,10,9,1.02,472
"3591",9435279,"f","Stevens",47.6188738094384,-122.310021179588,"Bed & Breakfast","Private room",2,1,1,1,"Real Bed","{TV,""Cable TV"",Internet,""Wireless Internet"",Breakfast,""Indoor Fireplace"",Heating,Essentials}","$162.00","",0,NA,NA,NA,NA,NA,NA,NA,415
"3592",10135468,"f","Stevens",47.617525992047,-122.306596585293,"House","Private room",3,1,1,1,"Real Bed","{TV,Internet,""Wireless Internet"",Kitchen,Heating,""Family/Kid Friendly"",Washer,Dryer,""Smoke Detector"",""Carbon Monoxide Detector"",""Fire Extinguisher"",Essentials,""Lock on Bedroom Door"",Hangers}","$52.00","$35.00",0,NA,NA,NA,NA,NA,NA,NA,408
"3593",2882641,"f","Stevens",47.6229765847434,-122.301772459176,"House","Entire home/apt",6,1,3,3,"Real Bed","{TV,""Cable TV"",Internet,""Wireless Internet"",""Air Conditioning"",Kitchen,""Smoking Allowed"",""Pets Allowed"",""Pets live on this property"",Dog(s),Heating,""Family/Kid Friendly"",Washer,Dryer,""Smoke Detector"",""Carbon Monoxide Detector"",""First Aid Kit"",""Fire Extinguisher"",Essentials,Shampoo}","$165.00","$65.00",28,98,10,10,10,10,10,1.38,411
"3594",7805332,"f","Stevens",47.6256665568887,-122.297598498556,"House","Entire home/apt",2,1,0,1,"Real Bed","{TV,""Cable TV"",Internet,""Wireless Internet"",Kitchen,""Free Parking on Premises"",Heating,""Family/Kid Friendly"",Washer,Dryer,""Smoke Detector"",""Carbon Monoxide Detector"",""First Aid Kit"",Essentials}","$88.00","$30.00",13,94,9,10,10,10,10,2.89,377
"3595",7584142,"f","Stevens",47.6232421248275,-122.303041565513,"Apartment","Shared room",2,1,1,1,"Pull-out Sofa","{TV,Internet,""Wireless Internet"",Kitchen,""Free Parking on Premises"",Heating,Washer,Dryer,""Smoke Detector"",Essentials}","$100.00","",0,NA,NA,NA,NA,NA,NA,NA,416
"3596",1307898,"f","Stevens",47.6263634346194,-122.309927144535,"House","Entire home/apt",9,4.5,5,5,"Real Bed","{TV,""Cable TV"",Internet,""Wireless Internet"",Kitchen,""Free Parking on Premises"",""Indoor Fireplace"",Heating,""Family/Kid Friendly"",Washer,Dryer,""Smoke Detector"",""Carbon Monoxide Detector"",""Fire Extinguisher"",Essentials,Shampoo,""24-Hour Check-in"",Hangers,""Hair Dryer"",Iron,""Laptop Friendly Workspace""}","$450.00","",16,100,10,10,10,10,10,0.54,459
"3597",9435483,"f","Stevens",47.6195459149294,-122.308521968845,"Bed & Breakfast","Private room",2,1,1,1,"Real Bed","{TV,""Cable TV"",Internet,""Wireless Internet"",Breakfast,""Pets live on this property"",Dog(s),Cat(s),""Indoor Fireplace"",Heating,""Smoke Detector"",""Carbon Monoxide Detector"",""Fire Extinguisher"",Essentials,Shampoo,""Lock on Bedroom Door"",Hangers,""Hair Dryer"",Iron}","$152.00","",0,NA,NA,NA,NA,NA,NA,NA,415
"3598",3446274,"f","Stevens",47.6190151209327,-122.309338249445,"Bed & Breakfast","Private room",1,3,1,1,"Real Bed","{""Wireless Internet"",Heating,Essentials,Shampoo}","$105.00","",19,92,10,9,9,10,9,1.06,415
"3599",3041619,"t","Stevens",47.638786846658,-122.313342991691,"House","Entire home/apt",8,2,3,5,"Real Bed","{Internet,""Wireless Internet"",""Wheelchair Accessible"",Kitchen,""Free Parking on Premises"",Cat(s),Heating,""Family/Kid Friendly"",Washer,Dryer,""Smoke Detector"",""Carbon Monoxide Detector"",""First Aid Kit"",""Safety Card"",""Fire Extinguisher"",Essentials,Shampoo}","$295.00","$95.00",25,99,10,10,10,10,10,3.68,415
"3600",10139271,"f","Stevens",47.6194589030522,-122.311651640403,"Apartment","Entire home/apt",2,1,1,1,"Real Bed","{TV,Internet,""Wireless Internet"",Kitchen,""Free Parking on Premises"",""Pets Allowed"",""Elevator in Building"",""Buzzer/Wireless Intercom"",Heating,""Family/Kid Friendly"",Washer,Essentials,""24-Hour Check-in"",""Laptop Friendly Workspace""}","$100.00","$25.00",0,NA,NA,NA,NA,NA,NA,NA,420
"3601",47196,"f","Stevens",47.6214859665433,-122.302712614918,"House","Private room",2,1,1,1,"Real Bed","{""Wireless Internet"",Heating,""Smoke Detector"",""Carbon Monoxide Detector"",Essentials,Shampoo,""24-Hour Check-in"",Hangers,""Hair Dryer"",Iron,""Laptop Friendly Workspace""}","$65.00","$15.00",353,93,10,10,9,9,9,5.44,409
"3602",8296857,"f","Stevens",47.6182761752033,-122.308621547018,"House","Entire home/apt",7,3,3,5,"Real Bed","{TV,""Cable TV"",Internet,""Wireless Internet"",Kitchen,""Smoking Allowed"",""Pets Allowed"",Heating,Washer,Dryer,""Smoke Detector"",""Carbon Monoxide Detector"",""First Aid Kit"",""Fire Extinguisher"",Essentials}","$158.00","$142.00",4,85,10,10,9,10,10,3.16,413
"3603",8845144,"f","Stevens",47.6183888956374,-122.310000374244,"Bed & Breakfast","Private room",2,1,1,1,"Real Bed","{""Cable TV"",Internet,""Wireless Internet"",Breakfast,""Indoor Fireplace"",Heating,""Smoke Detector"",""Carbon Monoxide Detector"",""First Aid Kit"",""Safety Card"",""Fire Extinguisher"",Essentials,""Lock on Bedroom Door""}","$138.00","",0,NA,NA,NA,NA,NA,NA,NA,413
"3604",5969069,"f","Stevens",47.6237951622802,-122.302116809225,"House","Entire home/apt",5,1,2,2,"Real Bed","{TV,""Cable TV"",Internet,""Wireless Internet"",Kitchen,""Pets Allowed"",Heating,""Family/Kid Friendly"",Washer,Dryer,""Smoke Detector"",""Carbon Monoxide Detector"",""First Aid Kit"",""Fire Extinguisher"",Essentials,Shampoo}","$125.00","$65.00",7,100,10,10,10,10,10,0.84,417
"3605",9368677,"f","Stevens",47.620264773671,-122.307771449246,"Apartment","Entire home/apt",4,1,2,2,"Real Bed","{Internet,""Wireless Internet"",Kitchen,Heating,Washer,Dryer,""Smoke Detector"",""Carbon Monoxide Detector"",""Fire Extinguisher"",Essentials,Shampoo,""24-Hour Check-in"",Hangers,Iron,""Laptop Friendly Workspace""}","$125.00","$70.00",1,100,10,10,10,10,10,1,416
"3606",6837338,"f","Stevens",47.6175707014938,-122.308996344054,"Apartment","Private room",2,1,1,1,"Real Bed","{Internet,""Wireless Internet"",Kitchen,""Pets live on this property"",Cat(s),Heating,Washer,Dryer,""Smoke Detector"",""Carbon Monoxide Detector"",""First Aid Kit"",""Fire Extinguisher"",Essentials,Shampoo}","$80.00","$20.00",12,100,10,10,10,10,10,1.96,411
"3607",6865696,"f","Stevens",47.617749204233,-122.312006344069,"Apartment","Shared room",3,1,1,2,"Real Bed","{TV,Internet,""Wireless Internet"",Kitchen,""Pets live on this property"",Cat(s),Heating,""Smoke Detector"",""Carbon Monoxide Detector"",""First Aid Kit"",""Fire Extinguisher"",Essentials,""Hair Dryer"",Iron,""Laptop Friendly Workspace""}","$100.00","",0,NA,NA,NA,NA,NA,NA,NA,414
"3608",6591894,"f","Stevens",47.6308784992299,-122.303664649128,"House","Shared room",1,3.5,1,1,"Real Bed","{Internet,""Wireless Internet"",Kitchen,""Free Parking on Premises"",Heating,Washer,Dryer,""Smoke Detector"",""Carbon Monoxide Detector"",""First Aid Kit"",""Fire Extinguisher"",Essentials}","$31.00","",16,95,9,10,10,9,10,2.73,400
"3609",3773784,"f","Stevens",47.6220717097319,-122.30386320549,"Apartment","Entire home/apt",4,1,1,1,"Real Bed","{TV,Internet,""Wireless Internet"",Kitchen,""Free Parking on Premises"",Heating,""Family/Kid Friendly"",Washer,Dryer,""Smoke Detector"",Essentials,Shampoo}","$115.00","$10.00",30,84,8,9,9,9,8,1.75,417
"3610",10318171,"f","Stevens",47.6249885238618,-122.30994290079,"Other","Private room",1,1,1,1,"Real Bed","{Internet,""Wireless Internet"",Washer,""Smoke Detector"",""Carbon Monoxide Detector"",""First Aid Kit"",Essentials,Shampoo,""Laptop Friendly Workspace""}","$50.00","",0,NA,NA,NA,NA,NA,NA,NA,447
"3611",3666970,"f","Stevens",47.6302226359437,-122.303249680565,"House","Shared room",1,3.5,1,1,"Real Bed","{""Wireless Internet"",Kitchen,""Free Parking on Premises"",Washer,Dryer,""Smoke Detector"",""Carbon Monoxide Detector"",""First Aid Kit"",""Fire Extinguisher"",Essentials}","$29.00","",16,90,9,9,9,9,9,0.94,406
"3612",3994634,"f","Stevens",47.6295100212916,-122.303075243125,"House","Shared room",1,3.5,1,1,"Real Bed","{""Wireless Internet"",Kitchen,""Free Parking on Premises"",Heating,Washer,Dryer,""Smoke Detector"",""Carbon Monoxide Detector"",""First Aid Kit"",""Fire Extinguisher""}","$29.00","",25,90,9,9,10,9,9,1.54,415
"3613",8090541,"f","Stevens",47.6177292845098,-122.311403348623,"Townhouse","Entire home/apt",4,2.5,2,2,"Real Bed","{TV,Internet,""Wireless Internet"",Kitchen,""Free Parking on Premises"",Heating,""Family/Kid Friendly"",Washer,Dryer,""Smoke Detector"",""Carbon Monoxide Detector"",""First Aid Kit"",""Fire Extinguisher"",Essentials}","$120.00","",5,96,10,10,10,10,10,1.23,414
"3614",7222136,"f","Stevens",47.617911424172,-122.311261333594,"Apartment","Entire home/apt",2,1,1,1,"Real Bed","{""Wireless Internet"",Washer,Dryer,""Smoke Detector"",""Carbon Monoxide Detector"",Essentials}","$135.00","$65.00",7,97,10,10,10,9,10,1.37,414
"3615",299817,"f","Stevens",47.6238752865371,-122.301334796361,"House","Entire home/apt",4,1.5,2,3,"Real Bed","{""Wireless Internet"",Kitchen,Heating,""Family/Kid Friendly"",Washer,Dryer}","$125.00","$125.00",5,70,4,10,10,10,8,0.17,415
"3616",5927083,"f","Stevens",47.6240462389943,-122.301890062391,"House","Private room",2,2,1,1,"Real Bed","{""Cable TV"",""Wireless Internet"",Kitchen,""Pets live on this property"",Dog(s),""Indoor Fireplace"",Heating,""Family/Kid Friendly"",Washer,Dryer,""Smoke Detector"",""Carbon Monoxide Detector"",""Fire Extinguisher"",Essentials,Shampoo}","$80.00","$25.00",13,97,10,10,10,10,10,1.47,416
"3617",6066185,"f","Stevens",47.6147299822086,-122.312398997199,"Apartment","Entire home/apt",3,1,1,1,"Real Bed","{TV,""Cable TV"",Internet,""Wireless Internet"",""Wheelchair Accessible"",Kitchen,Heating,Washer,Dryer,""Smoke Detector"",""Carbon Monoxide Detector"",""Fire Extinguisher"",Essentials,Shampoo}","$125.00","$70.00",17,82,9,8,8,10,8,2.28,415
"3618",5685908,"f","Stevens",47.6168679694507,-122.310744554215,"House","Private room",2,1.5,1,1,"Real Bed","{TV,Internet,""Wireless Internet"",Kitchen,""Indoor Fireplace"",Heating,""Family/Kid Friendly"",Washer,Dryer,""Smoke Detector"",""Carbon Monoxide Detector"",""First Aid Kit"",""Fire Extinguisher"",Essentials,Shampoo}","$97.00","$50.00",12,95,9,9,10,10,9,1.33,412
"3619",9023202,"f","Stevens",47.6338920257166,-122.304287930163,"House","Entire home/apt",7,2.5,4,4,"Real Bed","{TV,Internet,""Wireless Internet"",""Air Conditioning"",Kitchen,""Free Parking on Premises"",""Indoor Fireplace"",Heating,""Family/Kid Friendly"",Washer,Dryer,""Smoke Detector"",""Carbon Monoxide Detector"",""First Aid Kit"",""Safety Card"",""Fire Extinguisher"",Essentials,Shampoo}","$449.00","$150.00",0,NA,NA,NA,NA,NA,NA,NA,387
"3620",707424,"f","Stevens",47.6212454218172,-122.302200988241,"House","Entire home/apt",6,2.5,2,3,"Real Bed","{TV,""Cable TV"",""Wireless Internet"",""Air Conditioning"",Kitchen,""Free Parking on Premises"",Heating,Washer,Dryer}","$300.00","$100.00",26,95,10,10,10,9,9,0.71,407
"3621",7151093,"f","Stevens",47.6180014463027,-122.308071979888,"Bed & Breakfast","Private room",2,2,1,1,"Real Bed","{Internet,""Wireless Internet"",""Free Parking on Premises"",Breakfast,Heating,""Family/Kid Friendly"",""Smoke Detector"",""First Aid Kit"",""Fire Extinguisher"",Essentials,Shampoo}","$155.00","",0,NA,NA,NA,NA,NA,NA,NA,410
"3622",8924032,"f","Stevens",47.6172203037535,-122.309992315764,"Apartment","Entire home/apt",2,1,1,1,"Real Bed","{TV,""Cable TV"",""Wireless Internet"",""Air Conditioning"",Kitchen,""Buzzer/Wireless Intercom"",Heating,""Smoke Detector"",""Carbon Monoxide Detector"",Essentials,Shampoo}","$95.00","",1,100,10,10,10,10,10,1,412
"3623",1002835,"f","Stevens",47.6224259469116,-122.298339104195,"Apartment","Entire home/apt",4,1,2,3,"Real Bed","{TV,""Cable TV"",Internet,""Wireless Internet"",Kitchen,""Free Parking on Premises"",Heating,""Family/Kid Friendly"",Washer,Dryer,""Smoke Detector"",""Fire Extinguisher""}","$135.00","$150.00",6,80,8,7,8,10,8,0.31,397
"3624",8670484,"f","Stevens",47.6308896734254,-122.303600221027,"House","Shared room",1,3.5,1,1,"Real Bed","{TV,Internet,""Wireless Internet"",Kitchen,""Free Parking on Premises"",Heating,Washer,Dryer,""Smoke Detector"",""Carbon Monoxide Detector"",""First Aid Kit"",""Fire Extinguisher"",Essentials}","$30.00","",2,100,10,10,10,10,10,0.71,400
"3625",9727246,"f","Stevens",47.6178219152955,-122.311247444573,"Apartment","Entire home/apt",4,1,0,3,"Real Bed","{TV,""Cable TV"",Internet,""Wireless Internet"",""Air Conditioning"",Kitchen,Heating,Washer,Dryer,""Smoke Detector"",""Carbon Monoxide Detector"",Essentials,Shampoo}","$92.00","$40.00",1,100,10,10,10,10,10,1,414
"3626",2526405,"t","Stevens",47.6234876641212,-122.311423903246,"House","Private room",2,1,1,1,"Real Bed","{Internet,""Wireless Internet"",""Air Conditioning"",Kitchen,Breakfast,""Pets live on this property"",Dog(s),Heating,Washer,Dryer,Essentials,Shampoo}","$80.00","$10.00",95,96,10,10,10,10,10,4.36,443
"3627",4710869,"f","Stevens",47.6304070489867,-122.301490059957,"House","Shared room",1,3.5,1,1,"Real Bed","{""Wireless Internet"",Kitchen,""Free Parking on Premises"",Heating,Washer,Dryer,""Smoke Detector"",""Carbon Monoxide Detector"",""Fire Extinguisher"",Essentials}","$30.00","",14,99,10,10,10,10,10,1.49,383
"3628",3504521,"t","Stevens",47.6246610125734,-122.308100170467,"Apartment","Entire home/apt",2,1,0,2,"Real Bed","{Internet,""Wireless Internet"",""Wheelchair Accessible"",Kitchen,""Elevator in Building"",""Buzzer/Wireless Intercom"",Heating,""Smoke Detector"",""Carbon Monoxide Detector"",Essentials,Shampoo}","$90.00","$50.00",25,98,10,10,10,10,10,2.83,443
"3629",6637899,"t","Stevens",47.6214562130871,-122.299898882591,"House","Private room",2,1,1,1,"Real Bed","{Internet,""Wireless Internet"",Kitchen,""Free Parking on Premises"",""Pets live on this property"",Dog(s),Heating,Washer,Dryer,""Smoke Detector"",""Carbon Monoxide Detector"",""First Aid Kit"",Essentials,Shampoo}","$65.00","$50.00",22,98,10,10,10,10,10,3.11,401
"3630",3811872,"f","Stevens",47.6303303080214,-122.301707821081,"House","Shared room",1,1,1,1,"Real Bed","{""Wireless Internet"",Kitchen,""Free Parking on Premises"",Heating,Washer,Dryer,""Smoke Detector"",""Carbon Monoxide Detector"",""First Aid Kit"",""Fire Extinguisher"",Essentials}","$31.00","",20,85,8,9,9,9,8,1.2,386
"3631",3720731,"f","Stevens",47.6360308448667,-122.313241590875,"Apartment","Entire home/apt",2,1,0,1,"Real Bed","{""Cable TV"",""Wireless Internet"",Kitchen,Heating,""Smoke Detector"",""Carbon Monoxide Detector"",""Fire Extinguisher"",Shampoo}","$139.00","$25.00",34,94,10,10,9,10,9,2,435
"3632",3926008,"f","Stevens",47.6230721646878,-122.311685314212,"House","Entire home/apt",2,1,1,1,"Real Bed","{Internet,""Wireless Internet"",Kitchen,""Free Parking on Premises"",""Pets live on this property"",Cat(s),""Indoor Fireplace"",Heating,""Family/Kid Friendly"",Washer,Dryer,""Smoke Detector"",""Carbon Monoxide Detector"",""First Aid Kit"",Essentials,Shampoo}","$135.00","",27,92,9,10,9,10,9,1.64,439
"3633",9863565,"f","Stevens",47.6240165459612,-122.307947163398,"Apartment","Entire home/apt",2,1,0,1,"Real Bed","{TV,Internet,""Wireless Internet"",Kitchen,Heating,""Family/Kid Friendly"",Washer,Dryer,""Smoke Detector"",""Fire Extinguisher""}","$83.00","$15.00",2,100,10,10,10,10,10,2,437
"3634",7824426,"f","Stevens",47.6221000312274,-122.301350347662,"Apartment","Private room",2,1,1,1,"Real Bed","{Internet,""Wireless Internet"",Kitchen,""Free Parking on Premises"",Breakfast,Heating,Washer,Dryer,""Smoke Detector"",""Carbon Monoxide Detector"",""First Aid Kit"",""Fire Extinguisher"",Essentials,Shampoo}","$85.00","",9,93,9,9,9,9,9,1.89,410
"3635",2778101,"f","Stevens",47.6225157755015,-122.311942616375,"Apartment","Entire home/apt",2,1,1,1,"Real Bed","{Internet,""Wireless Internet"",Kitchen,""Buzzer/Wireless Intercom"",Heating,Washer,Dryer,Essentials,Shampoo}","$195.00","$45.00",15,96,9,9,9,10,9,0.73,437
"3636",10019082,"f","Stevens",47.6174213270968,-122.308065509433,"Apartment","Entire home/apt",2,1,1,1,"Real Bed","{TV,Internet,Kitchen,""Free Parking on Premises"",Heating,""Family/Kid Friendly"",Washer,Dryer,""Smoke Detector"",""Carbon Monoxide Detector"",""First Aid Kit"",""Fire Extinguisher"",Essentials}","$125.00","$61.00",0,NA,NA,NA,NA,NA,NA,NA,411
"3637",6586979,"t","Stevens",47.6211190931429,-122.299738191877,"Townhouse","Entire home/apt",9,2.5,3,6,"Real Bed","{TV,""Cable TV"",Internet,""Wireless Internet"",""Air Conditioning"",Kitchen,""Free Parking on Premises"",""Indoor Fireplace"",Heating,""Family/Kid Friendly"",Washer,Dryer,""Smoke Detector"",""Carbon Monoxide Detector"",""First Aid Kit"",""Fire Extinguisher"",Essentials,Shampoo,""24-Hour Check-in"",Hangers,""Hair Dryer"",Iron,""Laptop Friendly Workspace""}","$450.00","$145.00",23,100,10,10,10,10,10,3.37,394
"3638",9618016,"f","Stevens",47.6281727244529,-122.307863211799,"House","Entire home/apt",9,1.5,4,6,"Real Bed","{TV,Internet,""Wireless Internet"",Kitchen,""Free Parking on Premises"",""Indoor Fireplace"",Heating,""Family/Kid Friendly"",Washer,Dryer,""Smoke Detector"",""Carbon Monoxide Detector"",""First Aid Kit"",""Fire Extinguisher"",Essentials,Shampoo,""24-Hour Check-in"",Hangers,""Hair Dryer"",""Laptop Friendly Workspace""}","$350.00","",0,NA,NA,NA,NA,NA,NA,NA,461
"3639",442487,"f","Stevens",47.6231669932041,-122.301678060072,"Apartment","Entire home/apt",3,1,1,1,"Real Bed","{""Wireless Internet"",Kitchen,""Free Parking on Premises"",""Pets Allowed"",""Pets live on this property"",Dog(s),""Other pet(s)"",Heating,""Family/Kid Friendly"",Washer,Dryer,""Smoke Detector"",""Fire Extinguisher"",Essentials,Shampoo}","$98.00","",104,94,9,10,10,10,9,2.37,411
"3640",8457402,"f","Broadview",47.7145879280611,-122.365088829682,"House","Private room",2,1,1,1,"Real Bed","{""Wireless Internet"",Kitchen,""Free Parking on Premises"",""Indoor Fireplace"",Heating,""Family/Kid Friendly"",Washer,Dryer,""Smoke Detector"",""Carbon Monoxide Detector"",""First Aid Kit"",""Fire Extinguisher"",Essentials}","$45.00","",5,100,10,10,10,10,10,1.72,69
"3641",2297917,"f","Broadview",47.7094245213495,-122.36323260413,"Apartment","Entire home/apt",4,1,1,2,"Real Bed","{Internet,""Wireless Internet"",Kitchen,""Free Parking on Premises"",""Indoor Fireplace"",Heating,""Family/Kid Friendly"",Washer,Dryer,""Smoke Detector"",""Carbon Monoxide Detector"",Essentials,Shampoo}","$125.00","",45,96,10,10,10,9,9,1.96,76
"3642",1920477,"t","Broadview",47.7299049513517,-122.357210234387,"House","Private room",2,1.5,1,1,"Real Bed","{TV,""Cable TV"",Internet,""Wireless Internet"",Kitchen,""Free Parking on Premises"",""Indoor Fireplace"",Heating,""Family/Kid Friendly"",Washer,Dryer,""Smoke Detector"",""Carbon Monoxide Detector"",""First Aid Kit"",Essentials,Shampoo}","$75.00","$25.00",24,98,10,10,10,9,10,1.22,35
"3643",7860837,"f","Broadview",47.7333163119148,-122.360559507737,"Apartment","Entire home/apt",3,1,1,1,"Real Bed","{TV,""Cable TV"",""Wireless Internet"",""Air Conditioning"",Kitchen,""Free Parking on Premises"",Heating,""Family/Kid Friendly"",""Smoke Detector"",""Carbon Monoxide Detector"",Essentials,Shampoo}","$99.00","",4,100,10,10,10,9,10,3.43,28
"3644",5304739,"t","Broadview",47.7173026237218,-122.365092422228,"Apartment","Entire home/apt",6,1,2,3,"Real Bed","{TV,""Cable TV"",Internet,""Wireless Internet"",""Free Parking on Premises"",Heating,""Family/Kid Friendly"",""Smoke Detector"",""Carbon Monoxide Detector"",""First Aid Kit"",""Safety Card"",""Fire Extinguisher"",Essentials,Shampoo}","$49.00","$32.00",82,94,9,10,10,10,10,8.01,67
"3645",8051134,"f","Broadview",47.7157591343593,-122.366497254348,"Apartment","Entire home/apt",4,1,1,2,"Real Bed","{TV,""Cable TV"",Internet,""Wireless Internet"",Kitchen,""Free Parking on Premises"",""Pets live on this property"",Cat(s),""Indoor Fireplace"",Heating,""Family/Kid Friendly"",""Smoke Detector"",""Carbon Monoxide Detector"",""Fire Extinguisher"",Essentials}","$67.00","$25.00",7,100,10,10,10,10,10,3.68,66
"3646",1557314,"f","Broadview",47.7210101887249,-122.36644878555,"House","Entire home/apt",3,1,1,2,"Real Bed","{TV,""Cable TV"",Internet,""Wireless Internet"",Kitchen,""Free Parking on Premises"",""Pets live on this property"",Dog(s),""Indoor Fireplace"",Heating,""Family/Kid Friendly"",Washer,Dryer,""Smoke Detector"",""Carbon Monoxide Detector"",""First Aid Kit"",""Safety Card"",""Fire Extinguisher"",Essentials,Shampoo}","$105.00","$70.00",4,95,10,10,10,10,10,0.14,56
"3647",451012,"f","Broadview",47.7135183282082,-122.358735286567,"House","Entire home/apt",6,2,3,4,"Real Bed","{TV,""Cable TV"",Internet,""Wireless Internet"",Kitchen,""Free Parking on Premises"",""Indoor Fireplace"",Heating,""Family/Kid Friendly"",Washer,Dryer,""Smoke Detector""}","$195.00","$200.00",2,98,10,10,10,10,10,0.05,75
"3648",6797786,"f","Broadview",47.7107347451733,-122.356574988672,"House","Entire home/apt",6,1,2,3,"Real Bed","{TV,""Cable TV"",""Wireless Internet"",Kitchen,""Free Parking on Premises"",""Indoor Fireplace"",Heating,""Family/Kid Friendly"",""Smoke Detector"",""Carbon Monoxide Detector"",""Fire Extinguisher"",Essentials,Shampoo}","$125.00","$80.00",11,95,10,10,10,9,9,1.73,81
"3649",2474569,"f","Broadview",47.7308262285164,-122.35558832156,"House","Private room",2,1,1,2,"Real Bed","{Kitchen,""Free Parking on Premises"",""Indoor Fireplace"",Heating,Washer,Dryer,""Smoke Detector"",""First Aid Kit"",""Fire Extinguisher"",Essentials}","$65.00","",34,91,9,10,10,9,9,1.82,36
"3650",689309,"f","Broadview",47.7227266354426,-122.356684276619,"House","Private room",2,1,1,1,"Real Bed","{TV,Internet,""Wireless Internet"",""Free Parking on Premises"",""Smoking Allowed"",""Pets Allowed"",Heating,""Family/Kid Friendly"",Washer,Dryer,""Smoke Detector"",Essentials}","$125.00","",5,100,10,10,10,10,10,0.14,59
"3651",5059981,"f","Broadview",47.7100352061875,-122.35881979324,"House","Entire home/apt",6,2,3,3,"Real Bed","{TV,""Cable TV"",""Wireless Internet"",Kitchen,""Free Parking on Premises"",""Pets live on this property"",""Indoor Fireplace"",""Family/Kid Friendly"",Washer,Dryer,""Smoke Detector"",""Carbon Monoxide Detector"",""Fire Extinguisher""}","$183.00","",0,NA,NA,NA,NA,NA,NA,NA,79
"3652",3986793,"f","Broadview",47.7064431832994,-122.359972030069,"House","Private room",2,1,1,1,"Real Bed","{Internet,""Wireless Internet"",Kitchen,""Free Parking on Premises"",""Indoor Fireplace"",Heating,Washer,Dryer,""Smoke Detector"",""Carbon Monoxide Detector"",""First Aid Kit"",""Fire Extinguisher"",Essentials,Shampoo}","$39.00","$12.00",26,92,10,10,10,9,9,1.58,85
"3653",1594313,"f","Broadview",47.7140326574683,-122.355968477997,"House","Private room",4,2,1,1,"Real Bed","{""Cable TV"",""Wireless Internet"",Kitchen,Breakfast,""Indoor Fireplace"",Heating,""Family/Kid Friendly"",Washer,Dryer,""Smoke Detector"",""Carbon Monoxide Detector"",""First Aid Kit"",""Safety Card"",""Fire Extinguisher"",Shampoo}","$68.00","$25.00",16,93,9,10,10,9,9,0.56,77
"3654",4936647,"f","Broadview",47.7164292956253,-122.372043781435,"House","Entire home/apt",6,1,0,4,"Real Bed","{""Wireless Internet"",Kitchen,""Free Parking on Premises"",""Pets live on this property"",Cat(s),""Other pet(s)"",Heating,""Family/Kid Friendly"",Washer,Dryer,""Smoke Detector"",""Carbon Monoxide Detector"",""First Aid Kit"",""Safety Card"",""Fire Extinguisher"",Essentials,Shampoo}","$120.00","",29,91,10,9,10,9,9,2.46,64
"3655",1594219,"f","Broadview",47.714797120795,-122.355874715262,"House","Private room",2,2,1,1,"Real Bed","{""Cable TV"",""Wireless Internet"",Kitchen,Breakfast,""Indoor Fireplace"",Heating,""Family/Kid Friendly"",Washer,Dryer,""Smoke Detector"",""Carbon Monoxide Detector"",""First Aid Kit"",""Safety Card"",""Fire Extinguisher"",Shampoo}","$86.00","$25.00",21,99,10,10,10,9,10,0.76,77
"3656",8799588,"f","Broadview",47.7153959707865,-122.359722384697,"House","Private room",1,2,1,1,"Real Bed","{""Wireless Internet"",Kitchen,""Pets live on this property"",Dog(s),""Smoke Detector"",""Carbon Monoxide Detector"",""Fire Extinguisher"",Essentials}","$39.00","",1,100,10,10,10,8,10,0.67,73
"3657",7662775,"f","Fremont",47.6534342373739,-122.351842968975,"Apartment","Entire home/apt",2,1,1,1,"Real Bed","{Internet,""Wireless Internet"",Kitchen,Heating,Washer,Dryer,""Smoke Detector"",Essentials,Shampoo}","$200.00","",17,89,10,9,10,10,9,3.38,285
"3658",490076,"f","Fremont",47.6542975861454,-122.352588507448,"Apartment","Entire home/apt",3,1,1,1,"Real Bed","{Internet,""Wireless Internet"",Kitchen,""Free Parking on Premises"",Heating,""Family/Kid Friendly"",Washer,Dryer,""Smoke Detector"",""Carbon Monoxide Detector"",""Fire Extinguisher"",Essentials,Shampoo,Hangers,""Hair Dryer"",Iron,""Laptop Friendly Workspace""}","$84.00","$45.00",84,90,9,10,10,10,9,4.29,280
"3659",9217030,"f","Fremont",47.6539680156304,-122.350922726689,"House","Entire home/apt",2,1,1,1,"Real Bed","{Internet,""Wireless Internet"",Kitchen,Heating,Essentials,""24-Hour Check-in"",Hangers,""Hair Dryer"",""Laptop Friendly Workspace""}","$150.00","",2,100,10,10,10,10,10,1.62,283
"3660",7756839,"f","Fremont",47.6536319790802,-122.343583472235,"Camper/RV","Entire home/apt",2,1,1,1,"Real Bed","{""Wireless Internet"",""Air Conditioning"",Kitchen,""Pets live on this property"",""Other pet(s)"",Heating,""Smoke Detector"",""Fire Extinguisher"",Essentials,Shampoo}","$82.00","$50.00",12,100,10,10,10,10,10,2.43,285
"3661",116221,"t","Fremont",47.6543710193199,-122.357453783187,"Apartment","Entire home/apt",2,1,1,1,"Real Bed","{Internet,""Wireless Internet"",Kitchen,""Free Parking on Premises"",Breakfast,Heating,Washer,Dryer,""Smoke Detector"",""First Aid Kit"",""Fire Extinguisher"",Essentials,Shampoo}","$140.00","$40.00",25,97,10,9,9,10,9,0.45,271
"3662",6921373,"t","Fremont",47.6554978462042,-122.35928305069,"Apartment","Entire home/apt",2,1,1,2,"Real Bed","{Internet,""Wireless Internet"",Kitchen,""Free Parking on Premises"",Heating,Dryer,""Smoke Detector"",""Carbon Monoxide Detector"",""Fire Extinguisher"",Essentials,Shampoo,""24-Hour Check-in"",Hangers,""Hair Dryer"",Iron,""Laptop Friendly Workspace""}","$99.00","",16,99,10,10,10,10,10,3.43,266
"3663",7743727,"f","Fremont",47.6579959737482,-122.350506465443,"Apartment","Entire home/apt",2,1,0,1,"Real Bed","{TV,""Wireless Internet"",Kitchen}","$149.00","",0,NA,NA,NA,NA,NA,NA,NA,263
"3664",649243,"f","Fremont",47.6558721092694,-122.356883912797,"House","Private room",2,3,1,1,"Real Bed","{Internet,""Wireless Internet"",Kitchen,""Free Parking on Premises"",Breakfast,""Hot Tub"",Heating,Washer,Dryer,""Smoke Detector"",""Carbon Monoxide Detector"",""First Aid Kit"",""Fire Extinguisher"",Essentials,Shampoo,""Hair Dryer"",Iron,""Laptop Friendly Workspace""}","$75.00","$10.00",144,95,10,10,10,10,9,3.57,276
"3665",2989758,"f","Fremont",47.661251766336,-122.351037163214,"House","Entire home/apt",4,1,2,2,"Real Bed","{TV,Internet,""Wireless Internet"",Kitchen,Heating,Washer,Dryer,""Smoke Detector"",""Carbon Monoxide Detector"",""First Aid Kit"",Essentials,Shampoo}","$125.00","$75.00",48,93,9,10,10,10,9,2.48,246
"3666",4518474,"t","Fremont",47.6570157538467,-122.359939827506,"Apartment","Entire home/apt",4,1,1,1,"Real Bed","{TV,""Wireless Internet"",Kitchen,""Free Parking on Premises"",""Pets live on this property"",Dog(s),Cat(s),""Indoor Fireplace"",Heating,""Smoke Detector"",""Carbon Monoxide Detector"",Essentials,Shampoo}","$138.00","",44,96,10,10,10,10,10,3.24,250
"3667",1796302,"t","Fremont",47.6608144349992,-122.347274261218,"House","Private room",2,1.5,1,1,"Real Bed","{TV,""Cable TV"",Internet,""Wireless Internet"",""Air Conditioning"",Kitchen,Breakfast,""Pets live on this property"",Dog(s),Cat(s),""Indoor Fireplace"",Heating,Washer,Dryer,""Smoke Detector"",""First Aid Kit"",""Safety Card"",""Fire Extinguisher"",Essentials,Shampoo,Hangers,""Hair Dryer"",Iron}","$65.00","",150,98,10,10,10,10,10,5.74,245
"3668",53803,"f","Fremont",47.6603278518396,-122.352226497954,"House","Entire home/apt",4,3.5,3,3,"Real Bed","{TV,Internet,""Wireless Internet"",Kitchen,""Free Parking on Premises"",Breakfast,""Indoor Fireplace"",Heating,""Family/Kid Friendly"",Washer,Dryer,""Smoke Detector"",""Carbon Monoxide Detector"",""First Aid Kit"",""Fire Extinguisher"",Essentials,Shampoo}","$250.00","$250.00",41,96,9,10,10,10,10,0.65,252
"3669",6867053,"f","Fremont",47.6548863950156,-122.345402796934,"Apartment","Entire home/apt",2,1,2,2,"Real Bed","{TV,""Wireless Internet"",Kitchen,""Pets live on this property"",Cat(s),""Smoke Detector"",""Fire Extinguisher"",Essentials,Shampoo}","$200.00","",0,NA,NA,NA,NA,NA,NA,NA,281
"3670",9693230,"f","Fremont",47.6562432969398,-122.343393319659,"House","Entire home/apt",5,1,2,3,"Real Bed","{""Wireless Internet"",Kitchen,""Free Parking on Premises"",Heating,""Family/Kid Friendly"",Washer,Dryer,""Smoke Detector"",""Carbon Monoxide Detector"",Essentials}","$100.00","$50.00",0,NA,NA,NA,NA,NA,NA,NA,275
"3671",6750264,"f","Fremont",47.6589569987797,-122.356742408452,"House","Entire home/apt",5,1,2,2,"Real Bed","{TV,Internet,""Wireless Internet"",Kitchen,""Free Parking on Premises"",""Pets live on this property"",Cat(s),""Indoor Fireplace"",Heating,""Family/Kid Friendly"",Washer,Dryer,""Smoke Detector"",""Carbon Monoxide Detector"",""Fire Extinguisher"",Essentials,Shampoo}","$180.00","$150.00",4,90,10,10,10,10,9,0.63,257
"3672",6392029,"f","Fremont",47.6537152081947,-122.347423362298,"Apartment","Entire home/apt",4,1,1,2,"Real Bed","{TV,Internet,""Wireless Internet"",""Wheelchair Accessible"",Kitchen,""Free Parking on Premises"",Gym,""Pets live on this property"",Dog(s),Cat(s),""Elevator in Building"",""Buzzer/Wireless Intercom"",Heating,Washer,Dryer,""Smoke Detector"",""Carbon Monoxide Detector"",Essentials,Shampoo}","$136.00","",1,NA,NA,NA,NA,NA,NA,0.21,283
"3673",2731253,"t","Fremont",47.6532359674869,-122.350743652014,"House","Entire home/apt",2,1,0,1,"Real Bed","{""Wireless Internet"",Kitchen,Heating,""Family/Kid Friendly"",""Smoke Detector"",""First Aid Kit"",""Fire Extinguisher"",Essentials,Hangers,""Hair Dryer"",Iron,""Laptop Friendly Workspace""}","$129.00","",81,98,10,10,10,10,10,3.9,286
"3674",5625964,"t","Fremont",47.6587604509461,-122.356498935274,"House","Private room",2,1,1,1,"Real Bed","{""Wireless Internet"",""Free Parking on Premises"",""Indoor Fireplace"",Heating,Washer,Dryer,""Smoke Detector"",""Carbon Monoxide Detector"",Essentials,Shampoo}","$61.00","",33,98,10,10,10,10,10,4.56,259
"3675",38545,"t","Fremont",47.6530281261946,-122.342682776961,"House","Entire home/apt",8,2.5,3,3,"Real Bed","{TV,""Cable TV"",Internet,""Wireless Internet"",Kitchen,""Free Parking on Premises"",""Indoor Fireplace"",Heating,Washer,Dryer,Essentials}","$275.00","$145.00",67,96,9,10,10,10,9,1.07,291
"3676",8699046,"f","Fremont",47.65191235875,-122.349610736343,"Apartment","Entire home/apt",4,1,1,2,"Real Bed","{TV,""Cable TV"",Internet,""Wireless Internet"",Kitchen,""Free Parking on Premises"",""Pets Allowed"",""Pets live on this property"",Dog(s),Heating,""Family/Kid Friendly"",""Smoke Detector"",""First Aid Kit""}","$100.00","",0,NA,NA,NA,NA,NA,NA,NA,298
"3677",9174327,"f","Fremont",47.6555555141988,-122.359134839274,"House","Private room",4,1,1,2,"Real Bed","{""Wireless Internet"",Heating,""Family/Kid Friendly"",""Smoke Detector"",""Carbon Monoxide Detector"",""First Aid Kit"",""Safety Card"",""Fire Extinguisher"",Essentials,Shampoo}","$59.00","$40.00",1,100,10,10,10,10,10,0.81,266
"3678",6169489,"f","Fremont",47.6521990854485,-122.347521072415,"Apartment","Entire home/apt",3,1,1,1,"Real Bed","{TV,""Cable TV"",Internet,""Wireless Internet"",Kitchen,""Free Parking on Premises"",""Pets live on this property"",Dog(s),Heating,Washer,Dryer,""Smoke Detector"",""Carbon Monoxide Detector""}","$95.00","",0,NA,NA,NA,NA,NA,NA,NA,293
"3679",9511777,"f","Fremont",47.6525683397034,-122.351361016035,"House","Entire home/apt",5,2,3,4,"Real Bed","{TV,Internet,""Wireless Internet"",Kitchen,""Free Parking on Premises"",Heating,""Family/Kid Friendly"",Washer,Dryer,""Smoke Detector"",""Carbon Monoxide Detector"",""First Aid Kit"",Essentials,Shampoo,""24-Hour Check-in"",Hangers,""Hair Dryer"",Iron,""Laptop Friendly Workspace""}","$500.00","$50.00",1,80,8,10,10,10,10,0.81,287
"3680",3489837,"f","Fremont",47.6571750579268,-122.345107628458,"House","Entire home/apt",3,1,1,2,"Real Bed","{Internet,""Wireless Internet"",Kitchen,""Free Parking on Premises"",Heating,Washer,Dryer,""Smoke Detector"",""Fire Extinguisher"",Essentials,Shampoo}","$200.00","$100.00",4,95,9,10,10,10,10,0.23,276
"3681",5905958,"f","Fremont",47.650928170936,-122.346249886723,"Apartment","Entire home/apt",2,1,1,1,"Real Bed","{TV,Internet,""Wireless Internet"",Kitchen,""Pets live on this property"",Cat(s),Heating,Washer,Dryer,""Smoke Detector"",Essentials,Shampoo}","$95.00","$20.00",7,94,9,10,10,10,9,1.39,300
"3682",3768742,"f","Fremont",47.6555710482387,-122.344889293973,"House","Private room",2,1,1,1,"Real Bed","{Internet,""Wireless Internet"",Kitchen,Heating,Washer,Dryer,""Fire Extinguisher"",Essentials,Shampoo}","$99.00","$40.00",10,94,10,10,10,10,9,0.58,284
"3683",1593939,"f","Fremont",47.6595739186313,-122.344493934974,"House","Private room",1,1,1,1,"Real Bed","{""Wireless Internet"",Kitchen,Essentials}","$55.00","$10.00",69,91,10,10,10,10,9,2.42,255
"3684",6087451,"t","Fremont",47.6559016637078,-122.361016063907,"Apartment","Entire home/apt",3,1,1,1,"Real Bed","{TV,Internet,""Wireless Internet"",Kitchen,""Free Parking on Premises"",""Pets live on this property"",Dog(s),Heating,""Family/Kid Friendly"",Washer,Dryer,""Smoke Detector"",""Carbon Monoxide Detector"",""First Aid Kit"",""Safety Card"",""Fire Extinguisher"",Essentials,Shampoo}","$105.00","$75.00",45,98,10,10,10,10,10,5.44,256
"3685",6179956,"t","Fremont",47.664406698485,-122.35259866988,"Townhouse","Private room",2,1,1,1,"Real Bed","{Internet,""Wireless Internet"",Heating,""Smoke Detector"",""Carbon Monoxide Detector"",""First Aid Kit"",Essentials,Shampoo}","$75.00","$15.00",21,95,10,10,10,10,10,2.73,244
"3686",10060674,"f","Fremont",47.6518676997464,-122.348863102028,"Apartment","Private room",2,1,1,1,"Real Bed","{TV,Internet,""Wireless Internet"",Kitchen,Heating,Washer,""Smoke Detector"",""Carbon Monoxide Detector"",""Fire Extinguisher"",Essentials,Shampoo,""Lock on Bedroom Door"",""Hair Dryer"",""Laptop Friendly Workspace""}","$70.00","",0,NA,NA,NA,NA,NA,NA,NA,297
"3687",9822848,"f","Fremont",47.6546054427537,-122.347062967648,"Apartment","Private room",1,1,1,1,"Real Bed","{""Cable TV"",""Wireless Internet"",Kitchen,""Buzzer/Wireless Intercom"",Heating,Essentials,""24-Hour Check-in"",Iron,""Laptop Friendly Workspace""}","$35.00","",0,NA,NA,NA,NA,NA,NA,NA,279
"3688",2391699,"f","Fremont",47.6539682853898,-122.345079799464,"House","Private room",1,1,1,1,"Real Bed","{TV,Internet,""Wireless Internet"",Kitchen,Gym,""Pets live on this property"",Dog(s),""Indoor Fireplace"",Heating,Washer,Dryer,""Smoke Detector"",""Carbon Monoxide Detector"",""First Aid Kit"",""Safety Card"",""Fire Extinguisher"",Essentials,Shampoo}","$52.00","$9.00",103,99,10,10,10,10,10,5.3,280
"3689",1118153,"f","Fremont",47.6620973267169,-122.34951314823,"House","Private room",2,1,1,1,"Real Bed","{Internet,""Wireless Internet"",""Free Parking on Premises"",Heating,""Family/Kid Friendly"",""Smoke Detector"",Essentials,Shampoo}","$57.00","$25.00",77,94,9,10,10,10,9,2.39,243
"3690",1100686,"f","Fremont",47.6544518169806,-122.354403358005,"House","Private room",3,1,1,2,"Real Bed","{Internet,""Wireless Internet"",Kitchen,""Free Parking on Premises"",""Indoor Fireplace"",Heating,""Family/Kid Friendly"",Washer,Dryer,""Smoke Detector"",""Carbon Monoxide Detector"",""First Aid Kit"",""Fire Extinguisher"",Essentials,Shampoo}","$54.00","$35.00",72,94,9,10,10,10,9,3.66,278
"3691",9925458,"f","Fremont",47.6553965575401,-122.343237368371,"Apartment","Private room",1,1,1,1,"Futon","{TV,Internet,""Wireless Internet"",Kitchen,""Pets live on this property"",Dog(s),Heating,Washer,Dryer,Essentials,Shampoo,Hangers,""Hair Dryer"",Iron,""Laptop Friendly Workspace""}","$35.00","$20.00",0,NA,NA,NA,NA,NA,NA,NA,283
"3692",1146966,"f","Fremont",47.6548713025183,-122.353255514871,"House","Private room",3,1,1,2,"Real Bed","{Internet,""Wireless Internet"",Kitchen,""Free Parking on Premises"",Breakfast,""Indoor Fireplace"",Heating,""Family/Kid Friendly"",Washer,Dryer,""Smoke Detector"",""Carbon Monoxide Detector"",""First Aid Kit"",""Fire Extinguisher"",Essentials,Shampoo,""Hair Dryer"",Iron,""Laptop Friendly Workspace""}","$50.00","$35.00",58,94,9,10,10,10,10,1.85,285
"3693",2525172,"t","Fremont",47.6484040342324,-122.344876705033,"Townhouse","Private room",2,1,1,1,"Real Bed","{Internet,""Wireless Internet"",""Pets live on this property"",Cat(s),Heating,""Smoke Detector"",""Carbon Monoxide Detector"",""First Aid Kit"",""Safety Card"",""Fire Extinguisher"",Essentials,Shampoo,""Lock on Bedroom Door"",""24-Hour Check-in"",Hangers,""Hair Dryer""}","$67.00","$20.00",108,96,10,10,10,10,10,5.19,318
"3694",8463726,"f","Fremont",47.6492340249642,-122.346060153343,"Apartment","Private room",2,1,1,1,"Real Bed","{""Wireless Internet"",Kitchen,""Elevator in Building"",Heating,Washer,Dryer,""Smoke Detector"",""Carbon Monoxide Detector"",""Fire Extinguisher"",Essentials,Shampoo}","$43.00","$19.00",5,88,8,9,10,10,8,1.61,316
"3695",51826,"f","Fremont",47.6603613592077,-122.352688478938,"Townhouse","Private room",1,1.5,1,1,"Real Bed","{TV,Internet,""Wireless Internet"",Kitchen,""Free Parking on Premises"",Breakfast,""Indoor Fireplace"",Heating,""Family/Kid Friendly"",Washer,Dryer,""Smoke Detector"",""Carbon Monoxide Detector"",""First Aid Kit"",""Fire Extinguisher"",Essentials,Shampoo}","$97.00","$40.00",59,99,9,10,10,10,10,0.93,252
"3696",7805491,"f","Fremont",47.6536050481093,-122.358203077102,"Apartment","Shared room",2,1,1,1,"Pull-out Sofa","{TV,Internet,""Wireless Internet"",Kitchen,""Pets live on this property"",Cat(s),Heating,Washer,Dryer,""Smoke Detector"",""First Aid Kit"",""Fire Extinguisher"",Essentials,Shampoo}","$55.00","$5.00",7,94,10,10,10,10,9,1.45,270
"3697",7701014,"f","Fremont",47.6592865754171,-122.347159512454,"House","Private room",2,1,1,1,"Real Bed","{TV,Internet,""Wireless Internet"",""Air Conditioning"",Kitchen,""Free Parking on Premises"",""Pets live on this property"",Heating,Washer,Dryer,""Smoke Detector"",""Carbon Monoxide Detector"",""First Aid Kit"",""Fire Extinguisher"",Essentials,Shampoo}","$69.00","$5.00",2,100,10,10,10,9,10,0.56,258
"3698",1279660,"t","Fremont",47.655550479712,-122.355448039899,"Cabin","Entire home/apt",2,1,1,1,"Real Bed","{Internet,""Wireless Internet"",""Free Parking on Premises"",""Indoor Fireplace"",Heating,""Family/Kid Friendly"",""Smoke Detector"",""Carbon Monoxide Detector"",""First Aid Kit"",""Safety Card"",""Fire Extinguisher"",Essentials}","$99.00","$25.00",233,97,10,10,10,10,9,7.72,277
"3699",5252877,"f","Fremont",47.6542175371839,-122.347217251342,"Apartment","Entire home/apt",6,1,2,4,"Real Bed","{TV,""Cable TV"",Internet,""Wireless Internet"",""Air Conditioning"",Kitchen,""Free Parking on Premises"",Heating,""Family/Kid Friendly"",Washer,Dryer,""Smoke Detector"",""Carbon Monoxide Detector"",Essentials,Shampoo,Hangers,""Hair Dryer"",Iron,""Laptop Friendly Workspace""}","$149.00","$105.00",12,94,10,9,10,10,9,1.27,282
"3700",935845,"f","Fremont",47.6629359260555,-122.357641512163,"Apartment","Entire home/apt",4,1,1,3,"Real Bed","{TV,""Cable TV"",""Wireless Internet"",Kitchen,""Free Parking on Premises"",""Pets live on this property"",Dog(s),Heating,""Family/Kid Friendly"",Washer,Dryer,""Smoke Detector"",""Carbon Monoxide Detector"",""First Aid Kit"",""Safety Card"",""Fire Extinguisher"",Essentials,Shampoo}","$97.00","",37,95,10,10,10,10,10,1.19,233
"3701",3844087,"f","Fremont",47.6628310194533,-122.349004587694,"House","Private room",2,1,1,1,"Real Bed","{TV,Internet,""Wireless Internet"",Kitchen,""Pets live on this property"",Cat(s),Heating,""Smoke Detector"",""Carbon Monoxide Detector"",""First Aid Kit"",""Fire Extinguisher"",Essentials,Shampoo}","$45.00","$10.00",25,94,10,9,9,10,9,1.86,246
"3702",6923948,"f","Fremont",47.6574713610021,-122.356488275386,"House","Entire home/apt",8,3,4,4,"Real Bed","{TV,""Cable TV"",Internet,""Wireless Internet"",Kitchen,""Free Parking on Premises"",""Pets Allowed"",Heating,""Family/Kid Friendly"",Washer,Dryer,""Smoke Detector"",""Carbon Monoxide Detector"",""First Aid Kit"",""Fire Extinguisher"",Essentials,Shampoo}","$450.00","",3,100,9,10,10,10,10,0.58,265
"3703",7178239,"t","Fremont",47.6575998210779,-122.346495698905,"House","Private room",1,1,1,1,"Real Bed","{TV,Internet,""Wireless Internet"",Kitchen,""Pets Allowed"",Breakfast,""Pets live on this property"",Dog(s),Heating,""Family/Kid Friendly"",""Smoke Detector"",""Carbon Monoxide Detector"",""First Aid Kit"",""Safety Card"",""Fire Extinguisher"",Essentials,Shampoo}","$49.00","$25.00",2,100,10,10,10,10,10,0.5,263
"3704",2075094,"f","Fremont",47.6566797157904,-122.347400301252,"House","Private room",2,1,1,2,"Real Bed","{Internet,""Wireless Internet"",Kitchen,""Free Parking on Premises"",Heating,Washer,Dryer,Shampoo}","$68.00","$80.00",35,92,9,10,9,10,9,1.44,276
"3705",5892185,"f","Fremont",47.6565698285066,-122.349427220323,"Apartment","Private room",2,1,1,1,"Real Bed","{Internet,""Wireless Internet"",""Wheelchair Accessible"",Kitchen,Heating,Washer,Dryer,""Smoke Detector"",""Carbon Monoxide Detector"",""First Aid Kit"",Essentials,Shampoo}","$75.00","$25.00",21,96,10,10,10,10,10,2.43,275
"3706",7596455,"f","Fremont",47.6561134112933,-122.353345716928,"House","Private room",4,1,1,2,"Real Bed","{TV,""Wireless Internet"",""Free Parking on Premises"",""Hot Tub"",Heating,""Family/Kid Friendly"",Washer,Dryer,""Smoke Detector"",""Carbon Monoxide Detector"",""First Aid Kit"",""Fire Extinguisher"",Essentials,Shampoo}","$120.00","$25.00",2,80,9,10,10,10,7,0.45,279
"3707",9513636,"f","Fremont",47.65371477454,-122.351807933698,"House","Private room",2,1,1,1,"Real Bed","{TV,Internet,""Wireless Internet"",Kitchen,""Free Parking on Premises"",Heating,""Family/Kid Friendly"",Washer,Dryer,Essentials,Shampoo,""24-Hour Check-in"",Hangers,""Hair Dryer"",Iron,""Laptop Friendly Workspace""}","$195.00","$50.00",0,NA,NA,NA,NA,NA,NA,NA,286
"3708",5992032,"f","Fremont",47.6551950183771,-122.35281823167,"Apartment","Entire home/apt",5,1,1,2,"Real Bed","{TV,Internet,""Wireless Internet"",Kitchen,""Indoor Fireplace"",""Buzzer/Wireless Intercom"",Heating,""Family/Kid Friendly"",Washer,Dryer,""Smoke Detector"",""Carbon Monoxide Detector"",""First Aid Kit"",Essentials}","$125.00","$40.00",9,91,9,9,10,9,9,1.13,281
"3709",3534444,"f","Fremont",47.6608531126185,-122.349937652331,"House","Entire home/apt",12,3,4,6,"Real Bed","{TV,""Wireless Internet"",Kitchen,""Free Parking on Premises"",""Indoor Fireplace"",Heating,""Family/Kid Friendly"",Washer,Dryer,""Smoke Detector"",""Carbon Monoxide Detector"",""Fire Extinguisher"",Essentials}","$300.00","$75.00",3,100,9,10,10,10,10,0.17,246
"3710",8080939,"f","Fremont",47.6545345528274,-122.345272494716,"Apartment","Entire home/apt",6,1,2,3,"Real Bed","{TV,""Cable TV"",Internet,""Wireless Internet"",""Air Conditioning"",Kitchen,""Pets Allowed"",Heating,Washer,Dryer,""Smoke Detector"",""Carbon Monoxide Detector"",""Fire Extinguisher""}","$200.00","$85.00",1,NA,NA,NA,NA,NA,NA,0.27,279
"3711",5525073,"f","Fremont",47.6520173490388,-122.345920877097,"Apartment","Entire home/apt",3,1,0,1,"Real Bed","{TV,""Cable TV"",Internet,""Wireless Internet"",Kitchen,""Free Parking on Premises"",""Indoor Fireplace"",Heating,""Family/Kid Friendly"",Washer,Dryer,""Smoke Detector"",""Carbon Monoxide Detector"",""Safety Card"",""Fire Extinguisher"",Essentials,Shampoo}","$115.00","$75.00",7,100,10,10,10,10,10,1.27,294
"3712",5402304,"f","Fremont",47.655411698158,-122.344310229178,"Apartment","Entire home/apt",4,1,2,2,"Real Bed","{TV,""Cable TV"",Internet,""Wireless Internet"",Kitchen,""Free Parking on Premises"",""Pets live on this property"",""Other pet(s)"",Heating,""Family/Kid Friendly"",Washer,Dryer,""Smoke Detector"",""Carbon Monoxide Detector"",""First Aid Kit"",""Safety Card"",""Fire Extinguisher"",Essentials,Shampoo}","$185.00","$100.00",9,95,10,10,10,9,10,0.9,280
"3713",6288141,"f","Fremont",47.6600197726251,-122.345457756542,"Apartment","Entire home/apt",6,1,2,6,"Real Bed","{TV,""Cable TV"",Internet,""Wireless Internet"",""Air Conditioning"",Kitchen,""Free Parking on Premises"",Heating,""Family/Kid Friendly"",Washer,Dryer,""Smoke Detector"",""Carbon Monoxide Detector"",Essentials,Shampoo,Hangers,""Hair Dryer"",Iron,""Laptop Friendly Workspace""}","$149.00","$105.00",4,95,10,10,10,10,10,0.78,249
"3714",1781723,"f","Fremont",47.6594687354261,-122.352126233262,"House","Private room",2,1,1,1,"Real Bed","{Internet,""Wireless Internet"",""Air Conditioning"",Kitchen,""Free Parking on Premises"",Heating,Washer,Dryer,""Smoke Detector"",""Carbon Monoxide Detector"",""First Aid Kit"",Essentials,Shampoo}","$52.00","",40,96,9,10,10,10,10,2.01,257
"3715",2061463,"f","Fremont",47.6555466254656,-122.360558957751,"Apartment","Entire home/apt",2,1,0,1,"Real Bed","{TV,""Cable TV"",Internet,""Wireless Internet"",Kitchen,""Free Parking on Premises"",""Pets Allowed"",""Elevator in Building"",""Buzzer/Wireless Intercom"",Heating,""Family/Kid Friendly"",Washer,Dryer,""Smoke Detector"",""Carbon Monoxide Detector"",Essentials,Shampoo,Hangers,""Laptop Friendly Workspace""}","$75.00","",1,100,10,10,10,10,10,1,260
"3716",4871348,"t","Fremont",47.6597626383866,-122.346405797447,"House","Private room",2,1,1,1,"Real Bed","{TV,Internet,""Wireless Internet"",""Free Parking on Premises"",Heating,""Family/Kid Friendly"",Washer,Dryer,""Smoke Detector"",""Carbon Monoxide Detector"",""First Aid Kit"",""Fire Extinguisher"",Essentials,Shampoo}","$70.00","$30.00",76,100,10,10,10,10,10,6.2,252
"3717",7616031,"f","Fremont",47.654440279928,-122.351988137006,"Apartment","Entire home/apt",4,1,2,3,"Real Bed","{TV,""Cable TV"",Internet,""Wireless Internet"",Kitchen,""Free Parking on Premises"",Heating,Washer,Dryer,""Smoke Detector"",""Carbon Monoxide Detector"",""First Aid Kit"",""Safety Card"",""Fire Extinguisher"",Essentials,Shampoo}","$125.00","$150.00",5,96,10,10,10,10,10,1.35,283
"3718",7761509,"f","Fremont",47.6604192476591,-122.351848617939,"Loft","Private room",2,1,1,1,"Real Bed","{TV,Internet,""Wireless Internet"",Kitchen,""Free Parking on Premises"",""Smoking Allowed"",""Pets live on this property"",Cat(s),Heating,Washer,Dryer,""Smoke Detector"",""Carbon Monoxide Detector"",""First Aid Kit"",Essentials,Shampoo}","$125.00","$10.00",0,NA,NA,NA,NA,NA,NA,NA,251
"3719",6516775,"f","Fremont",47.6588730433554,-122.350834697123,"Apartment","Entire home/apt",3,1,1,1,"Real Bed","{""Cable TV"",Internet,""Wireless Internet"",Kitchen,Heating,Washer,Dryer,""Smoke Detector"",""Carbon Monoxide Detector"",""First Aid Kit"",""Fire Extinguisher"",Essentials,Shampoo,Hangers}","$99.00","$50.00",10,90,9,10,10,10,9,1.53,260
"3720",5848330,"f","Fremont",47.6547307677737,-122.348828446039,"Apartment","Entire home/apt",2,1,1,1,"Real Bed","{Internet,""Wireless Internet"",Kitchen,""Free Parking on Premises"",""Pets Allowed"",Heating,Washer,Dryer,""Smoke Detector"",Shampoo}","$100.00","",13,97,10,10,10,9,9,1.72,284
"3721",9189391,"f","Fremont",47.6559744543418,-122.343186609547,"Apartment","Entire home/apt",4,1,1,2,"Real Bed","{Internet,""Wireless Internet"",""Wheelchair Accessible"",Kitchen,Breakfast,Heating,""Family/Kid Friendly"",Washer,Dryer,""Smoke Detector"",""Carbon Monoxide Detector"",""First Aid Kit"",Essentials,Shampoo,""24-Hour Check-in"",Hangers,""Laptop Friendly Workspace""}","$75.00","",0,NA,NA,NA,NA,NA,NA,NA,280
"3722",9533803,"f","Fremont",47.6538190564075,-122.351291770029,"Apartment","Private room",2,1,1,1,"Real Bed","{Internet,""Wireless Internet"",Kitchen,""Free Parking on Premises"",Heating,Washer,Dryer,""Smoke Detector"",""Carbon Monoxide Detector"",""First Aid Kit"",Essentials,Shampoo}","$60.00","$10.00",2,100,10,10,10,10,10,1.71,286
"3723",5902452,"f","Fremont",47.6591178187789,-122.345117082856,"House","Entire home/apt",2,2,1,1,"Real Bed","{TV,Internet,""Wireless Internet"",Kitchen,""Free Parking on Premises"",""Pets Allowed"",""Pets live on this property"",Dog(s),Cat(s),Heating,""Family/Kid Friendly"",Washer,Dryer,""Smoke Detector"",""Carbon Monoxide Detector"",""First Aid Kit"",""Safety Card"",""Fire Extinguisher"",Essentials}","$150.00","$40.00",1,NA,NA,NA,NA,NA,NA,0.12,260
"3724",219532,"f","Fremont",47.6569247665209,-122.360934882288,"House","Entire home/apt",6,1.5,3,3,"Real Bed","{TV,""Cable TV"",Internet,""Wireless Internet"",Kitchen,""Free Parking on Premises"",""Hot Tub"",Heating,Washer,Dryer,""Smoke Detector"",""Carbon Monoxide Detector"",""First Aid Kit"",Essentials,Shampoo}","$275.00","$75.00",41,95,9,10,10,9,9,0.93,249
"3725",7217102,"f","Fremont",47.6502774659276,-122.345380172834,"Apartment","Entire home/apt",2,1,1,1,"Real Bed","{TV,""Cable TV"",Internet,""Wireless Internet"",Kitchen,""Pets live on this property"",Dog(s),""Elevator in Building"",""Indoor Fireplace"",Heating,""Family/Kid Friendly"",Washer,Dryer,""Smoke Detector"",""Carbon Monoxide Detector"",""First Aid Kit"",""Safety Card"",""Fire Extinguisher"",Essentials,Shampoo}","$232.00","$200.00",4,100,10,10,10,10,10,0.71,305
"3726",2727808,"t","Fremont",47.6589819243262,-122.35227564184,"House","Entire home/apt",2,1,0,1,"Real Bed","{Internet,""Wireless Internet"",Kitchen,Heating,""Smoke Detector"",""Carbon Monoxide Detector"",Essentials,Shampoo,""24-Hour Check-in"",Hangers,""Hair Dryer"",Iron,""Laptop Friendly Workspace""}","$95.00","$50.00",58,99,10,10,10,10,10,2.85,260
"3727",7151417,"f","Fremont",47.654872529873,-122.350535295665,"House","Entire home/apt",6,2.5,3,4,"Real Bed","{Internet,""Wireless Internet"",Kitchen,Heating,""Family/Kid Friendly"",Washer,Dryer,""Smoke Detector"",""Carbon Monoxide Detector"",""First Aid Kit"",""Fire Extinguisher"",Essentials}","$200.00","$100.00",10,90,9,10,9,10,9,1.88,289
"3728",7069143,"f","Fremont",47.6606954863661,-122.349925488966,"House","Private room",2,1,1,1,"Real Bed","{TV,""Cable TV"",Internet,""Wireless Internet"",Kitchen,""Pets Allowed"",Breakfast,""Pets live on this property"",Dog(s),""Indoor Fireplace"",Heating,""Family/Kid Friendly"",Washer,Dryer,""Smoke Detector"",""Carbon Monoxide Detector"",""First Aid Kit"",Essentials,Shampoo,""Lock on Bedroom Door"",""24-Hour Check-in"",Hangers,""Hair Dryer""}","$50.00","$20.00",17,86,9,9,9,9,9,2.8,248
"3729",8683011,"f","Fremont",47.6520160788166,-122.351895536183,"Apartment","Private room",2,1,1,1,"Real Bed","{TV,""Cable TV"",Internet,""Wireless Internet"",Kitchen,""Indoor Fireplace"",Heating,Washer,Dryer,""Smoke Detector"",""Carbon Monoxide Detector"",""First Aid Kit"",Essentials}","$85.00","",6,97,10,10,9,10,10,2.37,293
"3730",4357979,"f","Fremont",47.6505859299245,-122.348829581817,"Apartment","Private room",2,1,1,1,"Real Bed","{Internet,""Wireless Internet"",Kitchen,Heating,Washer,Dryer,""Smoke Detector"",""Carbon Monoxide Detector"",""Fire Extinguisher"",Shampoo}","$90.00","",16,99,10,10,10,10,10,1.14,308
"3731",8118110,"f","Fremont",47.6591157397289,-122.342657828648,"Apartment","Entire home/apt",4,1,1,1,"Real Bed","{TV,""Cable TV"",Internet,""Wireless Internet"",""Wheelchair Accessible"",Kitchen,""Elevator in Building"",""Indoor Fireplace"",Heating,Washer,Dryer,""Smoke Detector"",""Carbon Monoxide Detector"",""First Aid Kit"",""Safety Card"",Essentials,Shampoo}","$120.00","$10.00",0,NA,NA,NA,NA,NA,NA,NA,257
"3732",5766989,"f","Fremont",47.6525476612294,-122.352931245199,"Apartment","Entire home/apt",3,1,1,1,"Real Bed","{TV,Internet,""Wireless Internet"",Kitchen,Heating,""Family/Kid Friendly"",""Smoke Detector"",""Carbon Monoxide Detector"",""Fire Extinguisher"",Essentials,Shampoo}","$89.00","",37,94,10,10,10,10,9,3.94,283
"3733",8306501,"f","Fremont",47.6586526564815,-122.360815103535,"House","Private room",2,1,1,1,"Pull-out Sofa","{""Cable TV"",""Wireless Internet"",Kitchen,""Free Parking on Premises"",""Pets live on this property"",Cat(s),""Indoor Fireplace"",Heating,Washer,Dryer,""Smoke Detector"",""Carbon Monoxide Detector"",""Fire Extinguisher"",Essentials}","$65.00","$15.00",7,91,9,10,10,10,10,1.98,242
"3734",4349344,"f","Fremont",47.6516399451447,-122.352724149643,"Apartment","Entire home/apt",2,1.5,1,1,"Real Bed","{""Wireless Internet"",Kitchen,""Free Parking on Premises"",Gym,Heating,Washer,Dryer,""Smoke Detector"",""Carbon Monoxide Detector"",""First Aid Kit"",""Safety Card"",""Fire Extinguisher"",Essentials,Shampoo}","$125.00","$10.00",36,96,10,10,10,10,9,2.61,293
"3735",8633733,"f","Fremont",47.6519363268371,-122.342859418516,"Apartment","Entire home/apt",2,1,1,1,"Real Bed","{TV,Internet,""Wireless Internet"",Kitchen,""Elevator in Building"",Heating,Washer,Dryer,""Smoke Detector"",""Carbon Monoxide Detector"",Essentials}","$67.00","$20.00",4,95,10,9,10,10,10,1.76,295
"3736",7396707,"f","Fremont",47.6603759759845,-122.344851970488,"House","Entire home/apt",3,1,2,2,"Real Bed","{TV,Internet,""Wireless Internet"",Kitchen,""Free Parking on Premises"",""Pets Allowed"",Breakfast,Heating,""Family/Kid Friendly"",Washer,Dryer,""Smoke Detector"",""First Aid Kit"",""Fire Extinguisher"",Essentials,Shampoo}","$100.00","",19,90,9,10,10,10,9,3.61,248
"3737",394408,"f","Fremont",47.6581070148365,-122.357388977161,"House","Entire home/apt",4,2,2,2,"Real Bed","{TV,Internet,""Wireless Internet"",Kitchen,""Free Parking on Premises"",""Pets live on this property"",""Other pet(s)"",Heating,""Family/Kid Friendly"",Washer,Dryer,""Smoke Detector"",""Fire Extinguisher"",Shampoo}","$150.00","$60.00",34,97,10,10,10,9,10,0.77,260
"3738",8412143,"f","Fremont",47.6530570011423,-122.350328745728,"Apartment","Entire home/apt",4,1,1,2,"Real Bed","{TV,""Cable TV"",Internet,""Wireless Internet"",Kitchen,Heating,""Family/Kid Friendly"",""Smoke Detector"",""Carbon Monoxide Detector"",""Fire Extinguisher"",Shampoo}","$115.00","$50.00",11,93,10,10,10,10,9,3.63,287
"3739",5728739,"f","Fremont",47.6502729209531,-122.344068281375,"House","Entire home/apt",6,2.5,3,3,"Real Bed","{TV,""Cable TV"",""Wireless Internet"",Kitchen,""Free Parking on Premises"",Heating,""Family/Kid Friendly"",""Smoke Detector"",""Carbon Monoxide Detector"",""First Aid Kit"",Essentials,Shampoo}","$210.00","$264.00",4,100,10,10,10,10,10,0.74,305
"3740",3931571,"f","Fremont",47.6536199739238,-122.356896139391,"House","Entire home/apt",3,1,2,1,"Real Bed","{TV,Internet,""Wireless Internet"",Kitchen,""Free Parking on Premises"",Heating,""Family/Kid Friendly"",Washer,Dryer,Essentials}","$195.00","$78.00",25,94,10,10,9,9,10,1.61,278
"3741",3899160,"t","Fremont",47.6607428708213,-122.356384384004,"House","Private room",1,1,1,1,"Real Bed","{""Wireless Internet"",""Free Parking on Premises"",Heating,""Family/Kid Friendly"",Washer,Dryer,""Smoke Detector"",""Carbon Monoxide Detector"",""First Aid Kit"",""Fire Extinguisher"",Essentials,Shampoo}","$59.00","",23,96,10,10,10,10,10,2.47,243
"3742",8428825,"f","Fremont",47.6552142529515,-122.358473503692,"Condominium","Entire home/apt",3,1,1,1,"Real Bed","{TV,""Cable TV"",Internet,""Wireless Internet"",Kitchen,""Pets live on this property"",Cat(s),Heating,Washer,Dryer,""Smoke Detector"",""Fire Extinguisher"",Essentials,Shampoo}","$112.00","$25.00",0,NA,NA,NA,NA,NA,NA,NA,271
"3743",3554558,"t","Fremont",47.6540739020797,-122.358281236998,"Apartment","Entire home/apt",4,1,1,2,"Real Bed","{Internet,""Wireless Internet"",Kitchen,""Free Parking on Premises"",""Indoor Fireplace"",Heating,""Family/Kid Friendly"",Washer,Dryer,""Smoke Detector"",""Carbon Monoxide Detector"",""Fire Extinguisher"",Essentials,Shampoo,""24-Hour Check-in"",Hangers,""Hair Dryer"",Iron,""Laptop Friendly Workspace""}","$110.00","",48,96,10,10,10,10,10,3.58,270
"3744",3931346,"f","Fremont",47.6610043011123,-122.363053559036,"Apartment","Private room",2,1,1,1,"Futon","{""Wireless Internet"",""Free Parking on Premises"",Washer,Dryer}","$100.00","",0,NA,NA,NA,NA,NA,NA,NA,223
"3745",4250749,"f","Fremont",47.6568619657672,-122.347901308912,"House","Entire home/apt",6,2.5,3,4,"Real Bed","{""Cable TV"",""Wireless Internet"",Kitchen,""Free Parking on Premises"",Heating,""Family/Kid Friendly"",Washer,Dryer,""Smoke Detector"",""Carbon Monoxide Detector"",""First Aid Kit"",""Safety Card"",""Fire Extinguisher"",Essentials}","$235.00","$229.00",6,97,10,9,10,9,9,0.64,270
"3746",6290509,"f","Fremont",47.652948209575,-122.34699531511,"Apartment","Entire home/apt",4,1,1,2,"Real Bed","{TV,""Cable TV"",""Wireless Internet"",""Air Conditioning"",Kitchen,""Free Parking on Premises"",Heating,""Family/Kid Friendly"",Washer,Dryer,""Smoke Detector"",Essentials,Shampoo,Hangers,""Hair Dryer"",Iron,""Laptop Friendly Workspace""}","$99.00","$88.00",0,NA,NA,NA,NA,NA,NA,NA,287
"3747",2693700,"t","Fremont",47.6554660505592,-122.361421497596,"Apartment","Entire home/apt",2,1,1,1,"Real Bed","{""Wireless Internet"",Kitchen,""Free Parking on Premises"",""Pets live on this property"",Dog(s),Heating,""Family/Kid Friendly"",Washer,Dryer,""Smoke Detector"",""Fire Extinguisher"",Essentials,Shampoo,Hangers,""Hair Dryer"",Iron}","$115.00","$40.00",125,98,10,10,10,10,10,6.47,255
"3748",7857241,"f","Fremont",47.6576745601802,-122.358685049199,"House","Entire home/apt",6,1.5,3,3,"Real Bed","{TV,Internet,""Wireless Internet"",Kitchen,""Pets live on this property"",Dog(s),""Hot Tub"",""Indoor Fireplace"",Heating,""Family/Kid Friendly"",Washer,Dryer,""Smoke Detector"",""Carbon Monoxide Detector"",""First Aid Kit"",""Fire Extinguisher"",Essentials,Shampoo}","$400.00","$15.00",4,100,10,10,10,10,10,1.13,256
"3749",8009814,"f","Fremont",47.6612803809537,-122.343219911454,"House","Private room",1,1,1,1,"Real Bed","{""Cable TV"",Internet,""Wireless Internet"",Kitchen,""Pets live on this property"",Cat(s),""Indoor Fireplace"",Heating,Washer,Dryer,""Smoke Detector"",""Carbon Monoxide Detector"",""First Aid Kit"",""Fire Extinguisher"",Essentials,Shampoo}","$62.00","$25.00",1,100,10,10,10,10,10,0.28,246
"3750",3963320,"f","Fremont",47.6532143184884,-122.348586400394,"Apartment","Entire home/apt",2,1,1,1,"Real Bed","{""Wireless Internet"",Kitchen,""Free Parking on Premises"",""Pets Allowed"",""Pets live on this property"",Dog(s),Heating,""Family/Kid Friendly"",Washer,Dryer,""Smoke Detector"",""Carbon Monoxide Detector"",""First Aid Kit"",""Fire Extinguisher"",Essentials,Shampoo}","$135.00","$20.00",2,100,10,10,10,10,10,0.12,288
"3751",6289789,"f","Fremont",47.6602596439777,-122.344808988043,"Apartment","Entire home/apt",4,1,1,4,"Real Bed","{TV,""Cable TV"",Internet,""Wireless Internet"",""Air Conditioning"",Kitchen,""Free Parking on Premises"",Heating,""Family/Kid Friendly"",Washer,Dryer,""Smoke Detector"",""Carbon Monoxide Detector"",Essentials,Shampoo,Hangers,""Hair Dryer"",Iron,""Laptop Friendly Workspace""}","$119.00","$88.00",1,100,10,10,10,10,10,0.86,249
"3752",1513847,"t","Fremont",47.6587325845246,-122.343442256249,"House","Entire home/apt",4,1,2,2,"Real Bed","{TV,""Cable TV"",Internet,""Wireless Internet"",Kitchen,""Free Parking on Premises"",""Indoor Fireplace"",Heating,Washer,Dryer,""Smoke Detector"",""Carbon Monoxide Detector"",""Fire Extinguisher"",Essentials,Shampoo,Hangers,""Hair Dryer"",Iron,""Laptop Friendly Workspace""}","$200.00","$85.00",20,99,10,10,10,10,9,0.72,262
"3753",6183721,"t","Fremont",47.6525935897146,-122.354218417601,"Apartment","Entire home/apt",4,1,2,2,"Real Bed","{TV,""Cable TV"",Internet,""Wireless Internet"",Kitchen,""Free Parking on Premises"",Heating,""Family/Kid Friendly"",Washer,Dryer,""Smoke Detector"",""Carbon Monoxide Detector"",Essentials,Shampoo}","$160.00","$40.00",38,96,9,10,10,10,10,4.63,282
"3754",5061411,"t","Fremont",47.6526524095931,-122.34738294548,"House","Entire home/apt",8,2.5,3,3,"Real Bed","{TV,""Cable TV"",Internet,""Wireless Internet"",""Air Conditioning"",Kitchen,""Free Parking on Premises"",Heating,""Family/Kid Friendly"",Washer,Dryer,""Smoke Detector"",""Carbon Monoxide Detector"",""Safety Card"",""Fire Extinguisher"",Shampoo}","$400.00","$125.00",4,100,10,10,10,10,10,0.43,289
"3755",3594959,"f","Fremont",47.6563030290088,-122.356368048281,"House","Entire home/apt",4,1,2,2,"Real Bed","{TV,""Cable TV"",Internet,""Wireless Internet"",Kitchen,""Free Parking on Premises"",""Pets Allowed"",""Indoor Fireplace"",Heating,""Family/Kid Friendly"",Washer,Dryer,""Smoke Detector"",""Carbon Monoxide Detector"",""First Aid Kit"",""Fire Extinguisher"",Essentials}","$225.00","$100.00",8,95,10,10,10,9,9,0.47,271
"3756",637710,"f","Fremont",47.6516086236755,-122.356066470534,"House","Entire home/apt",7,1,3,7,"Real Bed","{Internet,""Wireless Internet"",Kitchen,""Free Parking on Premises"",""Pets Allowed"",Heating,""Family/Kid Friendly"",""Suitable for Events"",Washer,Dryer}","$240.00","",44,93,8,9,9,10,9,1.22,279
"3757",8968494,"f","Fremont",47.6596267101508,-122.350846888041,"House","Private room",1,1.5,1,1,"Real Bed","{""Wireless Internet"",Kitchen,""Indoor Fireplace"",Heating,Washer,Dryer,Essentials}","$50.00","",2,100,10,10,10,10,10,1.03,257
"3758",1702092,"f","Fremont",47.6629580076112,-122.348666405611,"House","Entire home/apt",3,1,1,2,"Real Bed","{TV,""Cable TV"",Internet,""Wireless Internet"",Kitchen,Heating,""Family/Kid Friendly"",Washer,Dryer,""Smoke Detector"",""Carbon Monoxide Detector"",""First Aid Kit"",Shampoo}","$165.00","$60.00",6,100,10,10,10,10,10,0.32,246
"3759",5781547,"f","Fremont",47.6646260050159,-122.359771648229,"House","Entire home/apt",6,2.5,3,4,"Real Bed","{TV,Internet,""Wireless Internet"",Kitchen,""Free Parking on Premises"",""Pets Allowed"",""Hot Tub"",""Indoor Fireplace"",Heating,""Family/Kid Friendly"",Washer,Dryer,""Smoke Detector"",""Carbon Monoxide Detector"",""Fire Extinguisher"",Essentials,Shampoo}","$350.00","$175.00",20,94,10,10,10,9,9,2.25,232
"3760",7821351,"f","Fremont",47.6596601707567,-122.349443107495,"Townhouse","Entire home/apt",3,1.5,2,2,"Real Bed","{Internet,""Wireless Internet"",Kitchen,""Indoor Fireplace"",Heating,""Family/Kid Friendly"",Washer,Dryer,""Smoke Detector"",""Carbon Monoxide Detector"",""First Aid Kit"",""Safety Card"",""Fire Extinguisher"",Essentials,Shampoo}","$150.00","$100.00",2,100,10,10,10,10,10,0.48,253
"3761",6937071,"f","Fremont",47.6505628081249,-122.344063397732,"Townhouse","Entire home/apt",4,2.5,3,3,"Real Bed","{TV,Internet,""Wireless Internet"",Kitchen,""Pets Allowed"",""Indoor Fireplace"",Heating,""Family/Kid Friendly"",Washer,Dryer,""Smoke Detector"",""Carbon Monoxide Detector"",Essentials,Shampoo}","$150.00","$60.00",2,100,10,10,10,10,10,0.32,305
"3762",3258386,"f","Fremont",47.6573248017592,-122.357002277082,"House","Entire home/apt",2,1,1,1,"Real Bed","{Internet,""Wireless Internet"",Kitchen,Heating,""Family/Kid Friendly"",Washer,Dryer,""Smoke Detector"",""Carbon Monoxide Detector"",Essentials,Shampoo}","$85.00","$20.00",15,93,9,10,10,10,9,0.8,265
"3763",6592421,"f","Fremont",47.6549096576888,-122.345452200158,"Apartment","Entire home/apt",6,1,2,3,"Real Bed","{TV,""Cable TV"",Internet,""Wireless Internet"",""Air Conditioning"",Kitchen,""Free Parking on Premises"",Heating,""Family/Kid Friendly"",Washer,Dryer,""Smoke Detector"",""Carbon Monoxide Detector"",""Fire Extinguisher"",Essentials,Shampoo,Hangers,Iron}","$150.00","$105.00",8,88,9,8,9,9,9,1.19,282
"3764",3143175,"f","Fremont",47.6521142862473,-122.345674230076,"Loft","Entire home/apt",5,1,1,5,"Real Bed","{Internet,""Wireless Internet"",Kitchen,Heating,""Family/Kid Friendly"",Essentials}","$79.00","$75.00",53,95,9,10,10,10,9,2.79,294
"3765",4322622,"f","Fremont",47.6639272821779,-122.354786328128,"Townhouse","Private room",3,1,1,2,"Real Bed","{TV,Internet,""Wireless Internet"",Kitchen,""Free Parking on Premises"",Heating,""Smoke Detector"",""Carbon Monoxide Detector"",""First Aid Kit"",""Fire Extinguisher"",Essentials,Hangers,""Hair Dryer"",Iron,""Laptop Friendly Workspace""}","$76.00","$30.00",11,100,10,10,10,10,10,3.79,244
"3766",9262389,"f","Fremont",47.6598699993992,-122.35946442859,"Apartment","Entire home/apt",3,1,1,2,"Real Bed","{TV,""Cable TV"",Internet,""Wireless Internet"",""Air Conditioning"",Kitchen,""Free Parking on Premises"",""Indoor Fireplace"",Heating,""Family/Kid Friendly"",""Smoke Detector"",""Carbon Monoxide Detector"",""Fire Extinguisher"",Essentials,Shampoo}","$78.00","",8,100,10,10,10,10,10,4.8,236
"3767",6043482,"f","Fremont",47.6577393697042,-122.349917656555,"Apartment","Private room",2,1,1,1,"Real Bed","{TV,Internet,""Wireless Internet"",Kitchen,""Family/Kid Friendly"",Washer,""Smoke Detector"",Shampoo}","$50.00","",1,NA,NA,NA,NA,NA,NA,0.13,266
"3768",8632651,"f","Fremont",47.6552778242789,-122.347261830248,"Apartment","Entire home/apt",4,1,2,2,"Real Bed","{TV,""Cable TV"",""Wireless Internet"",""Pets Allowed"",""Indoor Fireplace"",Heating,""Family/Kid Friendly"",Washer,Dryer}","$135.00","",1,100,10,10,10,10,10,0.88,283
"3769",6107901,"t","Fremont",47.6572960705864,-122.3509254555,"Apartment","Entire home/apt",2,1,0,1,"Real Bed","{Internet,""Wireless Internet"",Kitchen,""Free Parking on Premises"",Heating,Washer,Dryer,""Smoke Detector"",""Carbon Monoxide Detector"",Essentials,Shampoo}","$105.00","$35.00",37,98,10,10,10,10,10,4.81,266
"3770",4993710,"f","Fremont",47.6533966111972,-122.353523601688,"Apartment","Entire home/apt",2,1,1,1,"Real Bed","{TV,""Cable TV"",Internet,""Wireless Internet"",Kitchen,""Free Parking on Premises"",Heating,""Family/Kid Friendly"",Washer,Dryer,""Smoke Detector"",Essentials,Shampoo}","$99.00","$67.00",35,96,10,9,10,10,9,3.14,284
"3771",7853498,"f","Fremont",47.6601127447379,-122.351646229383,"Apartment","Shared room",1,1,1,1,"Couch","{TV,Internet,""Wireless Internet"",Kitchen,""Free Parking on Premises"",""Smoking Allowed"",""Pets live on this property"",Cat(s),Heating,Washer,Dryer,""Smoke Detector"",""Carbon Monoxide Detector"",""First Aid Kit"",Essentials,Shampoo,""24-Hour Check-in"",Hangers,""Hair Dryer"",Iron,""Laptop Friendly Workspace""}","$65.00","$10.00",4,100,10,10,10,10,10,0.85,251
"3772",430609,"t","Fremont",47.6588313138542,-122.347966513222,"House","Entire home/apt",8,2.5,3,3,"Real Bed","{TV,""Cable TV"",Internet,""Wireless Internet"",""Air Conditioning"",Kitchen,""Free Parking on Premises"",Heating,Washer,Dryer,""Smoke Detector"",""Carbon Monoxide Detector"",""First Aid Kit"",""Fire Extinguisher""}","$325.00","$125.00",16,96,10,10,10,10,10,1.37,261
"3773",7646637,"f","Fremont",47.6611944480584,-122.361243091699,"House","Entire home/apt",4,1,3,5,"Real Bed","{TV,Internet,""Wireless Internet"",Kitchen,""Free Parking on Premises"",""Pets Allowed"",""Pets live on this property"",Dog(s),Heating,""Family/Kid Friendly"",""Smoke Detector"",""First Aid Kit"",Essentials,Shampoo}","$99.00","$35.00",5,92,10,10,10,10,10,1.01,228
"3774",1069562,"f","Fremont",47.6594406732096,-122.359774222435,"Apartment","Entire home/apt",3,1,1,1,"Real Bed","{Internet,""Wireless Internet"",""Air Conditioning"",Kitchen,""Free Parking on Premises"",Heating,""Smoke Detector"",""Carbon Monoxide Detector"",Essentials,Shampoo,""24-Hour Check-in"",Hangers,""Hair Dryer"",Iron,""Laptop Friendly Workspace""}","$149.00","$45.00",25,96,10,10,10,9,9,2.23,239
"3775",119103,"t","Fremont",47.651989107123,-122.35026452472,"Cabin","Private room",3,1,1,2,"Real Bed","{""Wireless Internet"",Kitchen,Heating,""Smoke Detector"",""Carbon Monoxide Detector"",""First Aid Kit"",Essentials}","$79.00","",210,98,10,10,10,10,10,3.78,294
"3776",8687967,"f","Fremont",47.653520698048,-122.350633604301,"Apartment","Shared room",1,1,1,1,"Futon","{Internet,""Wireless Internet"",Kitchen,""Elevator in Building"",""Buzzer/Wireless Intercom"",Heating,""Family/Kid Friendly"",""Smoke Detector"",""Carbon Monoxide Detector"",""First Aid Kit"",""Safety Card"",Essentials,Shampoo}","$40.00","",3,100,10,10,10,9,10,1.02,286
"3777",282934,"t","Fremont",47.6575891111584,-122.354376195589,"Apartment","Entire home/apt",2,1,1,1,"Real Bed","{TV,Internet,""Wireless Internet"",Kitchen,""Pets live on this property"",Dog(s),""Indoor Fireplace"",Heating,Washer,Dryer,""Smoke Detector"",""Carbon Monoxide Detector"",""First Aid Kit"",""Fire Extinguisher"",Essentials,Shampoo}","$115.00","$60.00",65,99,10,10,10,10,10,1.9,266
"3778",5787922,"f","Fremont",47.6549578866354,-122.353361849299,"Other","Entire home/apt",4,1,1,2,"Real Bed","{TV,""Cable TV"",Internet,""Wireless Internet"",""Wheelchair Accessible"",""Free Parking on Premises"",Breakfast,Heating,""Family/Kid Friendly"",""Smoke Detector"",""Carbon Monoxide Detector"",""First Aid Kit"",""Fire Extinguisher"",Essentials,Shampoo}","$120.00","",57,96,10,10,10,10,10,7.6,284
"3779",8081658,"f","Fremont",47.6546198410836,-122.348075172766,"Apartment","Entire home/apt",6,1,2,3,"Real Bed","{TV,""Cable TV"",Internet,""Wireless Internet"",""Air Conditioning"",Kitchen,""Pets Allowed"",Heating,""Family/Kid Friendly"",Washer,Dryer,""Smoke Detector"",""Carbon Monoxide Detector"",""Fire Extinguisher""}","$150.00","$85.00",1,100,10,10,10,10,10,0.59,281
"3780",3898413,"t","Fremont",47.6589262240248,-122.345951614311,"House","Private room",2,1,1,1,"Real Bed","{TV,Internet,""Wireless Internet"",Kitchen,""Pets Allowed"",Breakfast,""Pets live on this property"",Dog(s),Heating,""Smoke Detector"",""Carbon Monoxide Detector"",""First Aid Kit"",""Safety Card"",""Fire Extinguisher"",Essentials,Shampoo}","$68.00","$25.00",22,98,10,10,10,10,10,2.95,260
"3781",7009282,"f","Fremont",47.6569462864981,-122.345976934788,"House","Private room",2,2,1,1,"Real Bed","{""Cable TV"",""Wireless Internet"",""Air Conditioning"",Kitchen,""Smoking Allowed"",""Pets Allowed"",Heating,""Family/Kid Friendly"",Washer,Dryer,""Smoke Detector"",""Carbon Monoxide Detector"",""First Aid Kit"",Essentials,Shampoo}","$125.00","$40.00",0,NA,NA,NA,NA,NA,NA,NA,274
"3782",9196007,"f","Fremont",47.6500566885225,-122.345836207024,"Apartment","Entire home/apt",4,1,1,2,"Real Bed","{Internet,""Wireless Internet"",""Air Conditioning"",Kitchen,""Elevator in Building"",Heating,Washer,Dryer,""Smoke Detector"",""Safety Card"",""Fire Extinguisher"",Essentials,Shampoo}","$55.00","$35.00",0,NA,NA,NA,NA,NA,NA,NA,306
"3783",4100009,"t","Fremont",47.6608836055304,-122.354344889449,"Apartment","Entire home/apt",3,1,1,2,"Real Bed","{TV,Internet,""Wireless Internet"",Kitchen,""Pets live on this property"",""Other pet(s)"",Heating,""Family/Kid Friendly"",Washer,Dryer,""Smoke Detector"",""Carbon Monoxide Detector"",Essentials,Shampoo}","$99.00","$60.00",41,97,10,10,10,10,10,2.61,248
"3784",4738971,"f","Fremont",47.6558456466868,-122.356491436493,"House","Entire home/apt",2,1,1,1,"Real Bed","{TV,Internet,""Wireless Internet"",Kitchen,""Free Parking on Premises"",""Pets Allowed"",""Pets live on this property"",Cat(s),""Other pet(s)"",Heating,Washer,Dryer,""Smoke Detector"",""Carbon Monoxide Detector"",""Fire Extinguisher"",Essentials,Shampoo,Hangers}","$90.00","$50.00",22,88,9,10,9,10,9,1.71,277
"3785",692671,"t","Fremont",47.6603418934009,-122.364746565404,"Apartment","Entire home/apt",2,1,1,1,"Real Bed","{TV,Internet,""Wireless Internet"",Kitchen,""Free Parking on Premises"",""Pets live on this property"",Cat(s),Heating,Washer,Dryer,Essentials,Shampoo}","$110.00","$25.00",50,95,10,10,10,9,10,1.25,215
"3786",5893969,"f","Fremont",47.6531764657519,-122.346210723544,"Apartment","Entire home/apt",3,1,1,1,"Real Bed","{TV,Internet,""Wireless Internet"",Kitchen,""Free Parking on Premises"",""Pets live on this property"",Dog(s),Heating,""Suitable for Events"",""Smoke Detector"",Essentials,Shampoo}","$80.00","",5,96,10,10,10,10,10,0.66,286
"3787",215954,"f","Fremont",47.6613955226263,-122.352255811213,"Townhouse","Private room",1,1.5,1,1,"Real Bed","{TV,Internet,""Wireless Internet"",Kitchen,""Free Parking on Premises"",Breakfast,""Indoor Fireplace"",Heating,""Family/Kid Friendly"",Washer,Dryer,""Smoke Detector"",""Carbon Monoxide Detector"",""First Aid Kit"",""Fire Extinguisher"",Essentials,Shampoo}","$87.00","$40.00",19,98,9,10,10,10,10,0.44,245
"3788",2494157,"f","Fremont",47.6585520479585,-122.348265495208,"House","Entire home/apt",6,2.5,3,4,"Real Bed","{TV,""Cable TV"",Internet,""Wireless Internet"",Kitchen,""Free Parking on Premises"",Heating,""Family/Kid Friendly"",Washer,Dryer,""Smoke Detector"",""Carbon Monoxide Detector"",""First Aid Kit"",""Fire Extinguisher"",Essentials,Shampoo}","$260.00","$229.00",8,98,10,10,10,10,9,0.41,263
"3789",7745196,"f","Fremont",47.6567385995907,-122.344865116005,"Apartment","Entire home/apt",4,1,1,2,"Real Bed","{TV,Internet,""Wireless Internet"",Kitchen,Heating,""Family/Kid Friendly"",Washer,Dryer,""Smoke Detector"",""Carbon Monoxide Detector"",""First Aid Kit"",""Safety Card"",""Fire Extinguisher"",Essentials,Shampoo,""24-Hour Check-in"",Hangers,""Hair Dryer"",Iron,""Laptop Friendly Workspace""}","$115.00","$60.00",14,99,10,10,10,10,10,3.39,275
"3790",4645405,"f","Fremont",47.6611714020957,-122.349923078793,"House","Private room",2,1,1,1,"Real Bed","{TV,Internet,""Wireless Internet"",Kitchen,Heating,""Smoke Detector"",""Carbon Monoxide Detector"",""First Aid Kit"",""Fire Extinguisher"",Essentials,Shampoo}","$60.00","$10.00",23,90,9,9,10,9,9,2.14,243
"3791",2755730,"t","Fremont",47.6492705676552,-122.347817079905,"Apartment","Entire home/apt",6,1,2,3,"Real Bed","{TV,Internet,""Wireless Internet"",Kitchen,""Pets live on this property"",Dog(s),""Indoor Fireplace"",Heating,""Family/Kid Friendly"",Washer,Dryer,""Smoke Detector"",""Carbon Monoxide Detector"",""First Aid Kit"",""Safety Card"",""Fire Extinguisher"",Essentials,Shampoo}","$175.00","$50.00",75,98,10,10,10,10,10,3.77,311
"3792",7949448,"f","Fremont",47.6591487879338,-122.363465596619,"House","Private room",2,1,1,1,"Real Bed","{TV,""Cable TV"",Internet,""Wireless Internet"",""Free Parking on Premises"",Heating,""Smoke Detector"",""Carbon Monoxide Detector"",Essentials}","$85.00","$40.00",11,100,10,10,10,10,10,2.48,228
"3793",9288840,"f","Fremont",47.6630404330528,-122.348499216386,"Apartment","Entire home/apt",4,1,1,1,"Real Bed","{TV,""Cable TV"",Internet,""Wireless Internet"",""Air Conditioning"",Kitchen,Heating,""Family/Kid Friendly"",Washer,Dryer,""Smoke Detector"",""Carbon Monoxide Detector"",""Fire Extinguisher"",Essentials,""24-Hour Check-in"",Hangers,""Hair Dryer"",Iron,""Laptop Friendly Workspace""}","$109.00","$45.00",0,NA,NA,NA,NA,NA,NA,NA,246
"3794",3312406,"t","Fremont",47.6600560998466,-122.35768266419,"House","Entire home/apt",4,1,0,2,"Real Bed","{TV,""Cable TV"",Internet,""Wireless Internet"",""Air Conditioning"",Kitchen,""Free Parking on Premises"",Heating,Washer,Dryer,""Smoke Detector"",Essentials,Shampoo}","$109.00","$55.00",78,98,10,10,10,10,10,4.28,241
"3795",6621924,"f","Fremont",47.6541992166014,-122.359986825149,"Apartment","Entire home/apt",2,1,1,1,"Real Bed","{""Wireless Internet"",Kitchen,Heating,""Smoke Detector"",""Carbon Monoxide Detector"",Essentials,Shampoo}","$107.00","$40.00",21,90,9,10,10,9,8,3.1,254
"3796",5673552,"t","Fremont",47.65012433429,-122.343282931856,"Loft","Entire home/apt",4,1,0,1,"Real Bed","{TV,""Cable TV"",Internet,""Wireless Internet"",Kitchen,""Pets Allowed"",Heating,""Family/Kid Friendly"",""Suitable for Events"",""Smoke Detector"",""Carbon Monoxide Detector"",""First Aid Kit"",""Fire Extinguisher"",Essentials,Shampoo}","$200.00","$40.00",10,98,10,10,10,10,10,1.18,309
"3797",609701,"t","Fremont",47.656508408508,-122.360570570608,"Cabin","Entire home/apt",2,1,1,1,"Real Bed","{TV,""Cable TV"",""Wireless Internet"",Kitchen,""Free Parking on Premises"",""Pets live on this property"",Dog(s),Cat(s),""Other pet(s)"",Heating,""Smoke Detector"",""First Aid Kit"",""Fire Extinguisher"",Essentials,Shampoo}","$85.00","$20.00",233,98,10,10,10,10,10,5.57,253
"3798",10118341,"f","Fremont",47.6589761076797,-122.354914587182,"House","Entire home/apt",2,1,0,1,"Futon","{""Wireless Internet"",Kitchen,Heating,Washer,Dryer,""Smoke Detector"",""Carbon Monoxide Detector"",""Fire Extinguisher"",Essentials,Shampoo,Hangers,""Hair Dryer"",""Laptop Friendly Workspace""}","$70.00","",1,100,10,10,10,10,10,1,259
"3799",2614387,"f","Fremont",47.6553806942791,-122.343205283402,"House","Private room",2,1,1,1,"Real Bed","{TV,Internet,""Wireless Internet"",Kitchen,""Free Parking on Premises"",Gym,""Pets live on this property"",Dog(s),""Indoor Fireplace"",Heating,Washer,Dryer,""Smoke Detector"",""Carbon Monoxide Detector"",""First Aid Kit"",""Safety Card"",""Fire Extinguisher"",Essentials,Shampoo}","$77.00","$15.00",128,98,10,10,10,10,10,5.95,283
"3800",7735100,"f","Fremont",47.6529018144979,-122.352109709396,"Townhouse","Private room",2,1,1,1,"Real Bed","{TV,Internet,""Wireless Internet"",Kitchen,""Free Parking on Premises"",Gym,""Indoor Fireplace"",Heating,""Family/Kid Friendly"",Washer,Dryer,""Smoke Detector"",""Carbon Monoxide Detector"",""First Aid Kit"",Essentials,Shampoo}","$65.00","$25.00",5,95,9,10,10,10,10,1.06,285
"3801",5482204,"f","Fremont",47.6636133123218,-122.349519242406,"Bed & Breakfast","Private room",2,1.5,1,1,"Real Bed","{TV,""Cable TV"",Internet,""Wireless Internet"",""Air Conditioning"",Kitchen,""Free Parking on Premises"",Breakfast,""Hot Tub"",Heating,""Smoke Detector"",""Carbon Monoxide Detector"",""First Aid Kit"",""Fire Extinguisher"",Essentials,Shampoo}","$185.00","",0,NA,NA,NA,NA,NA,NA,NA,244
"3802",4524575,"t","Fremont",47.6570783226205,-122.358794671304,"Apartment","Entire home/apt",2,1,1,1,"Real Bed","{TV,""Cable TV"",Internet,""Wireless Internet"",Kitchen,""Free Parking on Premises"",Heating,""Family/Kid Friendly"",Washer,Dryer,""Smoke Detector"",""Carbon Monoxide Detector"",""First Aid Kit"",""Safety Card"",""Fire Extinguisher"",Essentials,Shampoo}","$108.00","$45.00",28,100,10,10,10,10,10,2.05,258
"3803",8562314,"f","Fremont",47.6507649515546,-122.347786769017,"House","Entire home/apt",4,1,2,2,"Real Bed","{TV,""Wireless Internet"",Kitchen,""Pets Allowed"",Heating,Washer,Dryer,""Smoke Detector"",""Carbon Monoxide Detector"",""First Aid Kit"",""Fire Extinguisher"",Essentials}","$200.00","",0,NA,NA,NA,NA,NA,NA,NA,302
"3804",9698202,"f","Fremont",47.6611308507499,-122.349237588311,"House","Entire home/apt",16,3.5,4,10,"Real Bed","{TV,Internet,""Wireless Internet"",Kitchen,""Free Parking on Premises"",""Pets Allowed"",""Indoor Fireplace"",Heating,""Family/Kid Friendly"",Dryer,""Smoke Detector"",""Carbon Monoxide Detector"",""First Aid Kit"",""Fire Extinguisher"",Essentials,Shampoo,""24-Hour Check-in"",Hangers,""Hair Dryer"",Iron,""Laptop Friendly Workspace""}","$250.00","$100.00",4,95,10,10,10,10,10,4,244
"3805",7178490,"t","Fremont",47.6608562786228,-122.352400910907,"Apartment","Entire home/apt",2,1,0,1,"Real Bed","{TV,Internet,""Wireless Internet"",Kitchen,Heating,""Smoke Detector"",""Carbon Monoxide Detector"",""First Aid Kit"",""Fire Extinguisher"",Essentials,Shampoo,""24-Hour Check-in"",Hangers,""Hair Dryer"",Iron,""Laptop Friendly Workspace""}","$125.00","$45.00",12,95,10,10,10,10,10,2.34,250
"3806",8054902,"f","Fremont",47.6531576376263,-122.356285219325,"Apartment","Entire home/apt",6,1,2,2,"Real Bed","{TV,Internet,""Wireless Internet"",""Air Conditioning"",""Wheelchair Accessible"",Kitchen,""Free Parking on Premises"",Heating,""Family/Kid Friendly"",Washer,Dryer,""Smoke Detector"",""Carbon Monoxide Detector"",""Fire Extinguisher"",Essentials}","$100.00","$89.00",10,98,10,10,10,10,10,3.95,277
"3807",5458027,"t","Fremont",47.6560567377756,-122.354513538212,"House","Entire home/apt",4,1,2,2,"Real Bed","{Internet,""Wireless Internet"",Kitchen,Heating,""Smoke Detector"",""Carbon Monoxide Detector"",""First Aid Kit"",""Safety Card"",""Fire Extinguisher"",Essentials}","$160.00","$50.00",1,100,10,10,10,10,10,0.24,278
"3808",4940491,"f","Fremont",47.6543041154393,-122.342720064391,"Apartment","Entire home/apt",2,1,0,1,"Real Bed","{TV,""Cable TV"",Internet,""Wireless Internet"",Kitchen,""Elevator in Building"",Heating,Washer,Dryer,""Smoke Detector"",Essentials,Shampoo}","$109.00","$25.00",7,97,10,10,10,10,9,0.78,282
"3809",1844791,"f","Fremont",47.6620364991618,-122.3504848536,"House","Entire home/apt",6,2,3,3,"Real Bed","{TV,""Cable TV"",Internet,""Wireless Internet"",""Air Conditioning"",Kitchen,""Free Parking on Premises"",Heating,""Family/Kid Friendly"",Washer,Dryer,""Smoke Detector"",""Carbon Monoxide Detector"",""First Aid Kit"",""Fire Extinguisher"",Essentials,Shampoo}","$175.00","$95.00",29,96,9,10,10,10,9,1.15,244
"3810",6120046,"f","Fremont",47.6486885378868,-122.343914681693,"Apartment","Entire home/apt",4,1,1,1,"Real Bed","{""Wheelchair Accessible"",Kitchen,Heating,""Family/Kid Friendly"",""Smoke Detector"",""Carbon Monoxide Detector"",""Fire Extinguisher"",Essentials,Shampoo}","$120.00","$75.00",10,80,7,9,9,9,8,1.18,319
"3811",262764,"f","Fremont",47.6542051377276,-122.352603668404,"House","Entire home/apt",5,1,2,3,"Real Bed","{TV,""Cable TV"",Internet,""Wireless Internet"",Kitchen,""Pets live on this property"",Cat(s),Heating,""Family/Kid Friendly"",Washer,Dryer,""Smoke Detector"",""Carbon Monoxide Detector"",""First Aid Kit"",""Safety Card"",""Fire Extinguisher"",Essentials,Shampoo,""24-Hour Check-in"",Hangers,""Hair Dryer"",Iron}","$154.00","$85.00",5,92,8,10,10,10,8,1.56,280
"3812",8578490,"f","Fremont",47.6578975985466,-122.346691912912,"Apartment","Entire home/apt",3,1,1,1,"Real Bed","{TV,""Cable TV"",Internet,""Wireless Internet"",""Air Conditioning"",Kitchen,""Indoor Fireplace"",Heating,Washer,Dryer,""Smoke Detector"",""First Aid Kit"",""Safety Card"",Essentials,Shampoo}","$65.00","$20.00",2,100,8,10,10,10,10,0.63,262
"3813",3383329,"t","Fremont",47.6545164929539,-122.358123855743,"Apartment","Entire home/apt",4,1,1,2,"Real Bed","{Internet,""Wireless Internet"",Kitchen,""Free Parking on Premises"",""Indoor Fireplace"",Heating,""Family/Kid Friendly"",Washer,Dryer,""Smoke Detector"",""Carbon Monoxide Detector"",""Fire Extinguisher"",Essentials,Shampoo,""24-Hour Check-in"",Hangers,""Hair Dryer"",Iron,""Laptop Friendly Workspace""}","$95.00","",73,96,10,10,10,9,10,4.01,272
"3814",8101950,"f","Fremont",47.6642946352541,-122.359170147721,"House","Entire home/apt",6,2,3,3,"Real Bed","{TV,""Cable TV"",Internet,""Wireless Internet"",""Air Conditioning"",""Wheelchair Accessible"",Kitchen,""Free Parking on Premises"",Heating,""Family/Kid Friendly"",Washer,Dryer,""Smoke Detector"",""Fire Extinguisher"",Essentials,Shampoo}","$359.00","$230.00",1,80,10,4,8,10,8,0.3,234
"3815",8902327,"f","Portage Bay",47.6495516276831,-122.318308550075,"Apartment","Entire home/apt",4,1,1,2,"Real Bed","{TV,""Cable TV"",Internet,""Wireless Internet"",Kitchen,""Free Parking on Premises"",Heating,""Family/Kid Friendly"",""Smoke Detector"",""Fire Extinguisher"",Essentials,Shampoo,""24-Hour Check-in"",Hangers,""Hair Dryer"",Iron,""Laptop Friendly Workspace""}","$79.00","$50.00",2,100,10,10,10,10,10,2,292
"3816",10267360,"f","Rainier Beach",47.508452967795,-122.24060703054,"House","Entire home/apt",2,1,1,1,"Real Bed","{""Cable TV"",""Wireless Internet"",Kitchen,""Free Parking on Premises"",Breakfast,""Pets live on this property"",Dog(s),Cat(s),Heating,Washer,Dryer,""Smoke Detector"",""First Aid Kit"",""Safety Card"",""Fire Extinguisher"",Essentials,Hangers,""Hair Dryer"",Iron,""Laptop Friendly Workspace""}","$93.00","$35.00",0,NA,NA,NA,NA,NA,NA,NA,15
"3817",9604740,"f","Madison Park",47.6323349507221,-122.27553032447,"Condominium","Entire home/apt",2,1,0,1,"Real Bed","{TV,""Wireless Internet"",Kitchen,""Free Parking on Premises"",""Elevator in Building"",Heating,""Smoke Detector"",Essentials,Hangers,""Hair Dryer"",""Laptop Friendly Workspace""}","$99.00","$45.00",0,NA,NA,NA,NA,NA,NA,NA,151
"3818",10208623,"f","East Queen Anne",47.6411862970713,-122.342084577424,"Apartment","Entire home/apt",3,1.5,2,1,"Real Bed","{TV,""Cable TV"",Internet,""Wireless Internet"",Kitchen,""Free Parking on Premises"",""Pets live on this property"",Dog(s),""Elevator in Building"",""Hot Tub"",""Indoor Fireplace"",""Buzzer/Wireless Intercom"",Heating,""Family/Kid Friendly"",Washer,Dryer,""Smoke Detector"",Essentials,Shampoo,Hangers,Iron,""Laptop Friendly Workspace""}","$87.00","",0,NA,NA,NA,NA,NA,NA,NA,397
